119 147 150 136 156 163 153 162 149 156 172 155 140 148 148 159 191 209 145 191 201 154 153 153 144 148 145 141 135 125 142 132
150 164 139 151 186 168 142 152 132 145 173 164 168 148 147 144 148 158 154 168 183 142 146 158 138 168 181 133 141 135 141 135
179 162 138 149 160 160 150 159 131 153 153 145 179 150 144 140 135 145 171 141 146 137 148 162 134 188 175 117 155 182 159 155
167 165 130 138 134 140 172 178 150 132 126 137 140 125 122 122 131 144 164 178 152 156 166 172 176 165 147 137 169 174 149 176
160 179 122 131 158 148 188 192 154 134 148 151 143 130 123 118 117 137 158 181 139 177 174 160 190 183 173 137 160 153 130 151
159 178 138 140 140 142 155 185 171 149 152 141 126 120 115 127 134 138 144 142 130 140 148 148 147 162 167 134 143 150 132 149
162 179 161 158 125 135 151 144 155 137 125 128 121 123 130 137 142 142 145 140 140 137 140 146 145 144 156 149 125 151 180 151
165 179 167 161 145 145 174 140 136 127 148 145 139 141 140 139 140 140 143 143 142 145 143 137 145 147 153 145 128 152 174 166
159 173 179 171 142 145 134 140 140 123 132 141 139 139 137 141 142 141 145 144 142 142 142 141 146 148 154 147 130 134 138 177
175 164 165 170 138 147 122 138 124 124 128 141 137 138 140 144 146 147 148 143 139 145 142 141 147 152 151 151 141 126 143 190
164 144 145 159 145 132 121 121 117 131 130 136 139 145 150 151 152 151 146 133 137 144 146 147 152 157 139 147 145 126 154 208
157 133 139 150 139 134 123 115 117 123 125 127 139 143 150 150 149 144 133 129 138 139 145 141 141 128 119 146 153 129 125 170
153 147 149 150 143 142 119 106 113 118 129 133 138 138 137 145 142 135 124 127 123 107 109 118 134 111 117 151 144 127 109 140
131 171 152 132 147 144 123  97 111 123 133 138 143 138 137 145 139 135 134 132 108  91 102 125 137 134 147 140 122 118 108 143
127 153 139 123 150 142 132 103 112 126 132 138 142 143 145 146 144 146 140 129 114 115 116 129 145 157 140 110 107 106 111 137
170 156 135 117 147 148 133 112 122 126 128 138 144 150 150 150 152 149 133 125 124 121 111 132 146 132 101 100  93  92 108 130
176 152 146 109 131 151 141 127 130 127 122 141 149 154 152 147 141 139 133 126 138 130 110 129 114  95 100 111 101 105 100 121
151 138 144 121 117 145 146 132 134 120 103 129 141 142 134 130 127 129 129 129 151 137 118 122 106  90 104 109 105 112 145 170
153 123 143 133 115 136 159 141 123  90  75 106 119 121 131 127 128 129 124 136 150 140 122 115 129 127 111 110 103 114 168 209
172 135 148 142 117 132 148 133 106  71  68  96 113 121 133 129 126 120 116 136 147 130 116 140 160 152 120 119 120 129 121 155
175 181 145 154 142 153 135 106  94  84 100  99 106 113 118 119 111 104 107 142 148 132 131 158 153 134 118 119 117 141 133 129
177 195 127 151 157 165 138 120 110 113 173 157 111 102 107 109 102  95 107 150 147 135 107 116 129 119 128 125 115 131 147 134
160 172 158 150 147 141 145 178 140 114 189 232 158  94  95  93  93  90 116 153 148 140 107  95 114 124 118 109 117 124 144 114
144 199 200 140 132 126 166 173 157 137 203 228 172 126 122 103  97  94 124 154 152 148 128 114 129 124 125 119 107 117 111 132
154 202 193 128 137 182 196 130 149 156 188 174 151 180 179 146 120 128 142 149 150 138 127 114 117 122 130 149 129 112 125 206
187 214 189 137 169 201 170 121 132 127 142 143 157 193 188 192 160 182 144 125 146 137 120 110  95 135 126 144 123 114 168 190
198 209 165 131 159 159 143 144 134 132 124 135 140 137 132 168 175 161 120 109 128 135 120 107 102 142 125 115 120 143 152 137
182 157 151 152 150 140 161 177 149 176 127 124 128 116 144 170 161 161 157 134 111 114 112 105 110 139 144 119 135 131 128 162
148 131 151 166 159 150 152 169 161 175 134 116 148 134 187 208 153 170 176 145 126 106 102 108 105 156 158 121 128 119 124 163
138 137 157 151 164 152 135 157 165 137 117 114 156 162 181 189 157 158 150 154 172 136 110  99  98 146 142 147 152 149 135 156
185 156 180 157 142 147 140 171 168 155 138 120 148 176 162 151 171 176 168 154 156 148 151 124 116 153 145 172 184 177 153 150
168 145 178 162 135 158 139 183 172 152 137 121 170 192 148 152 188 205 207 173 146 149 153 158 162 159 153 170 189 182 168 161
