230 230 232 231 234 237 238 238 240 242 241 240 242 244 245 247 249 249 250 250 251 252 252 252 253 253 251 253 253 253 253 252
231 230 232 232 235 238 239 238 240 242 242 241 243 245 245 247 249 250 249 249 248 252 254 252 253 253 252 252 252 252 252 251
231 231 234 234 236 240 241 239 240 242 242 242 244 246 246 247 249 251 250 250 250 253 255 254 255 255 253 254 253 253 253 252
234 233 236 236 237 241 242 241 242 243 244 243 245 247 247 247 249 250 251 251 250 251 253 254 255 255 254 255 253 253 253 253
235 236 238 237 239 242 243 242 243 245 246 246 248 250 250 250 251 252 253 253 252 253 254 255 255 255 255 255 254 253 253 253
237 238 240 238 239 243 243 240 241 244 246 247 250 252 252 252 253 253 254 255 254 254 255 255 255 255 255 255 255 254 252 252
238 239 242 240 241 244 244 241 242 245 247 248 251 254 254 254 255 255 255 253 253 255 255 255 255 255 255 255 255 254 253 253
237 240 242 243 244 245 245 242 242 234 226 224 223 221 221 221 221 220 222 241 246 243 250 254 253 254 255 255 255 255 254 254
235 238 242 243 244 245 246 246 242 163 123 123 117 116 116 123 129 129 139 191 204 203 238 255 254 254 255 255 255 255 255 254
229 223 241 245 246 246 248 252 240 132  92  94  93  92  92  97 109 112 122 156 171 188 225 240 241 251 255 255 255 255 255 255
205 209 240 244 245 244 247 252 237 126  84  87  89  89  89  93 104 106 109 153 161 139 167 178 187 231 252 254 254 255 255 255
114 171 210 239 243 246 247 252 238 123  74  78  74  76  78  85 101  99 102 144 142 102 112 144 156 176 237 245 244 245 249 234
 63  99 110 202 244 248 250 245 235 129  84  85  73  78  78  82  98 105 116 147 140 101 125 147 138 140 221 195 204 198 207 185
 49  60  53 160 242 250 252 164 193 116  83  86  75  83  80  79  94  97 114 145 136 102 155 145 101 118 172 126 132 135 147 133
 74  76  75 116 162 179 178 106 127  97  89  86  73  78  80  77  90  94 100 134 138 131 165 158 103  98 139 107 122 132 158 153
106 105 112 109 109 116 118 120 121  85  84  79  72  76  78  76  82  99 101 137 172 155 150 158 107 122 149 182 199 198 193 172
129 139 144 150 154 156 158 161 154  90  71  71  69  70  73  73  75  86  95 157 173 147 161 126 102 128 146 225 222 198 155 143
138 144 145 147 149 153 157 161 149  86  69  69  71  71  73  75  73  80  87 141 139 164 141  98  87  82 130 204 202 164 136 129
139 142 145 148 150 151 152 152 137  81  66  62  80  93  80  73  74  81  83 114 163 155 106  82  66  64 124 195 189 145 134 121
139 140 137 134 133 135 137 140 133  75  65  65  85 104  83  68  73  76  79  99 123  99  95 106  71  73 147 192 164 127 130 116
120 122 127 134 138 146 151 152 141  71  66  67  75  93  76  63  71  74  63  68  72  63 105 103  67 104 180 187 138 114 124 115
131 137 141 148 148 143 139 136 131  79  61  62  62  71  66  62  72  74  48  54  70  67 115  99 107 155 185 169 125 126 125 116
134 133 133 134 128 123 122 123 127  81  64  64  53  58  57  53  59  65  59  71  59  68 100 132 173 183 180 146 115 124 124 118
118 114 115 118 118 116 119 122 104  65  65  65  50  70  64  57  63  59  65  84  56  58  95 170 188 185 170 130 120 122 123 115
115 111 112 111 116 117 121 113  96  87  70  48  36  63  58  48  60  64  63  66  40  73 159 186 181 179 150 112 122 122 127 113
111 111 116 113 118 124 125 123 109  74  51  37  27  28  29  27  29  39  37  34  42 131 179 177 177 170 124 115 123 124 124 114
109 111 115 116 118 111  98  80  59  42  40  36  31  32  29  30  29  35  37  53 118 166 165 172 175 153 103  89  97 125 119 111
109 112 115 108  90  70  55  51  51  46  41  39  38  45  37  33  38  39  48 112 153 157 163 168 167 124  94  96  93 116 114 103
110 106  89  72  54  49  48  49  48  46  42  39  39  46  42  39  42  45  96 148 149 154 162 164 150  96  86 109 128 120 109 100
 89  71  55  50  48  47  48  47  48  47  42  38  39  43  43  41  57 108 143 152 152 157 161 160 128  90  94 116 123 111  98  92
 54  50  52  50  47  43  45  48  48  47  44  43  45  44  42  60 118 152 156 153 154 157 156 145  97 103 108 116 124 108  94  93
 47  49  53  50  47  43  45  49  50  48  48  52  47  50  82 125 144 148 156 154 157 155 151 119  93 116 112  88  95  94  95  99
