167 167 169 173 177 180 182 185 187 189 192 196 200 204 207 210 212 212 213 214 217 221 225 226 226 228 230 232 232 233 235 234
171 171 173 176 179 182 185 189 191 193 196 199 203 207 210 213 215 216 215 217 218 228 233 227 228 229 231 233 232 233 234 233
175 175 178 181 183 187 190 194 195 197 200 204 208 212 215 217 219 221 220 220 223 230 234 231 231 232 235 236 235 235 235 234
179 179 183 187 189 192 196 199 200 201 204 207 211 216 219 221 222 223 223 224 226 228 230 233 234 235 238 240 237 236 235 235
183 184 187 191 193 196 200 203 204 205 207 211 215 220 222 224 225 226 227 228 229 232 233 234 235 235 239 240 238 237 235 235
188 189 193 196 198 201 204 207 207 208 210 214 218 223 224 226 226 227 230 232 234 236 236 236 236 236 238 238 238 237 236 236
194 195 199 202 204 206 208 210 211 215 218 222 227 232 233 234 236 238 240 239 239 240 239 238 238 238 239 240 240 239 238 238
200 202 205 209 210 212 213 213 216 212 208 209 210 210 212 213 213 213 222 242 243 236 238 242 241 241 242 242 242 242 241 241
204 208 212 215 216 217 218 220 222 152 118 120 116 117 120 126 132 133 154 207 212 203 230 247 244 244 244 245 245 244 243 243
205 199 216 221 222 222 223 226 225 128  96 101 102 103 104 110 121 125 149 183 186 193 219 232 234 244 247 247 247 247 246 247
188 192 223 225 228 228 228 231 225 132 103 107 107 105 110 117 125 131 145 186 183 152 168 169 176 224 249 251 251 251 249 248
105 163 201 229 233 235 235 237 229 139 107 108  98  96 107 118 129 133 140 178 169 121 117 134 144 174 239 245 242 241 242 227
 61  97 109 203 241 239 240 238 233 148 116 113  96  97 108 119 132 142 153 180 165 120 132 143 139 150 224 193 199 191 199 180
 56  67  61 172 248 248 249 168 197 138 116 113  96  99 108 119 133 136 148 174 160 123 170 153 115 141 180 127 128 129 144 135
 88  90  90 132 176 188 188 120 139 122 122 111  92  93 104 114 129 129 129 159 160 153 192 179 126 128 154 115 123 130 163 165
126 124 131 125 126 133 137 142 138 112 116 103  91  90  99 109 118 129 127 161 194 179 187 189 136 156 172 197 205 203 208 195
150 160 164 167 171 174 177 181 172 110  95  94  91  91  99 105 108 118 125 182 197 177 196 161 138 163 170 240 232 213 182 184
156 162 163 165 166 170 174 180 168 105  89  91  93  93 100 106 104 111 120 170 168 199 176 133 119 112 154 218 215 183 167 175
152 154 158 164 167 168 169 171 157 101  86  84 101 114 104 100 101 108 117 150 197 191 143 111  89  86 145 210 203 166 164 164
153 153 151 150 151 152 156 161 154  97  85  84 104 123 105  92  96 100 119 146 163 132 125 126  84  91 167 208 182 152 160 156
138 139 145 151 155 162 170 174 163  94  87  84  92 110  96  84  92  96 112 128 116  89 126 111  75 123 201 203 160 142 153 152
152 158 160 165 165 161 160 161 153  98  76  73  74  82  81  80  89  92  94 112 111  88 129 107 116 174 206 188 149 155 155 151
152 151 150 149 146 145 148 151 145  89  65  65  54  58  64  65  71  77  85 106  88  87 117 149 190 202 200 168 140 154 157 152
135 130 132 133 138 142 147 145 118  68  64  64  48  69  69  66  71  68  79 104  74  71 113 189 207 204 190 153 144 152 157 149
132 128 129 128 136 142 144 125 102  87  68  47  35  62  60  52  64  69  68  72  49  84 177 207 202 199 170 134 147 151 161 147
128 128 133 132 135 140 136 124 107  71  48  36  26  27  29  29  30  41  38  35  49 146 200 199 199 192 145 137 148 153 158 148
126 128 132 135 131 116  95  71  52  37  37  35  30  31  27  28  27  33  39  57 130 190 190 195 198 176 124 111 122 155 153 145
126 127 127 114  91  66  46  41  42  39  35  34  35  45  37  31  34  35  58 130 174 186 188 191 190 148 119 122 120 146 147 137
121 113  90  64  46  41  40  41  40  38  33  31  34  44  41  37  41  46 114 176 175 181 187 188 174 121 115 139 158 150 140 134
 88  65  46  42  40  39  40  39  39  39  36  33  34  39  37  38  64 124 167 178 178 182 185 184 152 114 120 143 150 138 127 125
 44  36  36  41  39  35  37  40  40  39  37  38  40  39  37  62 134 181 182 177 177 181 180 169 121 127 131 139 147 132 120 124
 39  36  37  41  39  35  37  41  42  40  38  41  43  50  91 141 167 177 181 175 178 176 174 143 117 140 133 109 115 116 120 128
