208 208 210 211 214 217 219 221 224 226 228 230 231 232 234 237 238 239 242 243 242 243 246 247 248 249 250 251 252 251 250 249
210 209 211 213 216 219 221 223 225 227 229 231 233 234 235 238 239 241 243 244 242 248 251 247 247 248 249 250 250 250 249 248
212 211 214 216 218 221 224 226 228 230 232 234 236 237 237 239 241 243 245 246 245 249 250 247 248 249 250 251 250 250 250 249
215 215 218 219 221 225 228 229 231 232 235 237 238 239 239 241 242 243 247 248 246 246 246 247 249 249 251 252 249 250 250 250
218 219 222 224 225 229 232 233 234 235 237 239 240 241 242 244 244 245 249 249 248 248 248 249 250 250 251 252 250 250 250 251
221 222 225 227 229 232 234 235 236 239 239 239 240 241 243 245 245 246 248 249 249 248 250 250 250 250 252 252 252 251 251 251
224 225 229 231 233 235 236 236 237 241 242 243 244 246 247 248 250 252 252 249 249 250 251 252 252 252 253 253 253 253 252 252
227 229 232 233 235 236 237 235 237 230 224 222 219 217 218 219 219 219 222 242 245 240 248 253 252 252 253 253 253 253 252 252
226 230 234 236 237 237 238 237 236 161 124 124 118 115 117 125 131 132 146 197 207 202 237 255 253 253 253 253 253 253 252 252
224 218 235 238 238 239 240 241 233 131  95  99  97  95  96 103 114 117 132 165 175 189 225 240 242 251 255 255 255 254 253 254
204 208 238 239 241 241 242 242 231 129  94  98  97  96  98 101 110 115 124 167 171 147 171 178 187 233 253 254 253 253 254 253
115 173 211 239 243 245 244 244 234 132  91  94  87  87  93  98 108 114 119 160 158 116 118 144 158 183 241 246 242 241 247 235
 67 103 115 210 248 244 243 240 234 139 100  98  85  87  94 100 113 124 134 162 152 111 127 147 147 156 228 198 204 197 208 190
 56  67  61 173 248 247 246 164 194 128  99  97  84  90  94 100 115 118 131 158 146 110 157 148 115 139 181 132 136 139 153 141
 82  84  84 127 170 182 179 110 132 110 104  95  80  83  89  95 111 110 113 145 145 137 173 167 118 118 147 113 126 137 165 162
116 114 121 115 116 124 125 128 128  98  98  88  79  79  83  89  99 109 111 147 178 160 163 172 122 139 157 187 203 203 202 182
138 148 152 154 157 162 164 168 161  98  81  81  78  79  82  84  88  97 105 162 177 158 172 139 120 147 159 230 224 204 166 162
142 148 149 151 152 156 160 167 155  92  76  78  80  80  83  85  83  90  99 147 144 175 152 111 100  97 145 208 205 171 149 152
137 140 144 150 153 154 155 157 142  86  72  71  88 101  87  81  81  89  95 125 169 163 121  93  73  72 135 199 192 154 148 143
138 139 137 136 137 138 141 144 137  79  70  70  91 110  90  75  80  83  89 112 133 107 108 111  71  81 155 194 168 139 145 137
125 126 131 138 142 149 154 156 145  75  69  70  78  96  81  69  77  80  71  83  87  70 113  99  66 116 185 186 143 128 140 135
139 145 147 150 150 147 144 141 135  82  63  63  63  72  68  66  75  78  54  67  83  74 119  95 107 168 190 170 132 141 141 134
138 137 136 133 129 128 130 131 131  80  61  62  51  55  57  54  61  67  65  77  64  75 106 137 179 190 185 153 126 138 139 134
121 116 118 123 124 124 128 129 107  63  62  62  46  67  63  56  62  59  66  85  56  62 101 176 194 191 175 138 130 136 138 130
118 114 117 122 126 125 127 114  95  83  66  45  33  60  56  46  59  63  58  61  38  75 163 191 186 183 155 119 133 136 142 128
114 114 120 122 125 128 126 119 104  69  47  34  24  25  26  24  26  36  29  28  42 133 183 181 181 174 130 122 134 137 139 129
112 114 118 118 118 110  93  72  52  36  35  33  28  29  25  25  24  30  29  49 122 171 170 176 179 157 108  97 108 139 134 126
110 112 114 103  84  64  47  43  43  39  34  33  34  42  35  30  34  34  47 116 160 165 168 171 170 128 102 106 104 129 129 118
107 101  82  64  46  41  40  41  40  37  34  33  33  40  38  37  40  44 101 156 157 162 166 167 153 100  97 121 140 133 123 116
 82  62  44  41  40  39  40  39  40  39  37  36  33  34  36  37  58 112 150 158 159 163 165 163 131  94 102 126 133 121 110 106
 44  38  39  41  39  35  37  40  40  39  39  40  39  35  34  57 121 161 162 158 158 162 159 148 100 107 115 124 131 116 103 105
 40  39  42  41  39  35  37  41  42  40  39  42  42  47  82 127 149 156 160 156 158 157 153 122  96 120 119  96 102 101 102 108
