2 2 4 -23 14 -9 9 -2 -1 -18 -26 -2 5 -13 17 4 30 -3 57 3 -2 -9 34 -66 10 -2 -8 -45
-15 -5 20 -1 -8 1 -10 -73 -8 -15 -23 -45 -10 -2 12 21 -13 -26 34 23 -50 9 -4 23 -26 21 5 14
37 21 -22 -3 -50 7 -62 -2 -8 -119 4 1 8 -14 -8 12 -2 -23 10 -21 -3 -8 -35 -7 -37 46 14 8
-24 64 -8 -14 -7 -7 -58 -30 -1 -11 -12 31 -14 6 -28 1 26 -5 24 9 53 -23 -32 28 -45 13 37 -29
32 -26 52 0 27 -7 56 -43 -12 -6 16 -13 3 -12 19 35 21 9 -15 11 11 -34 -39 -81 21 -45 16 -103
-17 -15 45 -35 -46 9 -33 -50 2 31 -23 -47 14 -4 20 0 -100 -34 -56 -51 31 42 46 -54 -6 -128 -9 -121
10 7 12 51 -4 -3 11 -85 0 -44 25 -2 -4 -3 9 13 -10 8 10 15 -24 -3 -39 -19 1 4 36 -78
-9 -17 -31 12 -6 -11 2 -102 -14 -33 7 35 -11 -5 8 16 -46 -56 11 7 3 13 21 29 4 52 -22 10
-21 -64 43 1 18 6 6 -55 -16 16 -14 -4 -13 -1 5 9 -67 -55 30 13 -10 28 51 64 25 -15 -24 -14
10 35 -25 -85 -5 -2 -42 -101 -16 -49 -37 18 -11 -12 -8 -42 30 2 51 -7 22 11 12 21 -6 -12 -10 -12
-25 3 -18 11 -4 6 48 -3 7 -35 11 17 -10 -17 -25 -16 30 -36 18 -20 52 -17 -44 -4 8 47 12 -19
55 -28 -5 44 -35 0 8 -27 -7 -2 -51 18 1 -15 -8 -87 -101 -25 -87 47 72 11 15 -35 -13 23 -36 -12
-32 -33 6 81 18 -17 56 -37 6 3 34 20 -15 -5 15 45 -64 6 -36 17 4 24 33 41 2 -31 -6 -50
28 -3 -35 2 -22 3 -17 22 9 -98 6 38 -15 6 7 -51 56 5 10 -50 62 -1 -23 23 9 -3 13 -8
-3 -38 60 63 -31 2 59 -19 -17 -26 32 -49 -9 -11 56 20 -32 -57 -15 17 -19 -9 21 -7 2 35 -8 26
-13 23 -17 28 23 0 20 -80 -16 22 32 35 -10 6 -14 50 -78 -14 3 -2 -13 -8 -32 -2 -6 -74 5 -114
-25 42 13 53 -4 -7 -17 -22 -8 9 8 -17 -15 -5 10 19 -20 -4 -5 24 -10 6 -27 -7 -50 -11 43 -30
23 -63 13 3 31 -16 2 -68 -15 -26 -27 16 -4 -7 22 6 10 19 -66 36 11 -9 48 25 25 -8 -29 -27
39 -12 -27 35 -19 -8 -12 -25 4 -2 -1 27 -6 -2 -7 -2 42 14 -46 -39 -12 -48 28 -7 -24 1 -8 22
-3 -27 3 -9 15 4 -15 -30 -3 -59 -19 33 4 -15 29 -53 1 -14 -23 -14 42 21 -11 12 26 22 16 17
6 9 -10 27 -10 -14 44 -128 -12 -15 26 -36 -17 -16 -14 42 21 16 3 37 -46 15 -15 15 -15 -8 42 7
25 -21 -11 10 -1 0 35 -128 12 -43 -2 43 11 1 15 -60 63 27 13 -67 127 -4 -62 17 31 -36 38 -79
25 4 -37 8 -28 9 -14 14 10 -24 24 4 1 9 -52 14 23 37 9 13 -37 -25 -43 -13 -7 -6 29 -38
8 -2 -19 -67 -26 -20 -43 -56 0 -44 -36 -22 -11 -7 1 -2 -4 -65 55 25 -10 17 21 27 -11 27 -39 6
-5 12 -29 12 5 0 -72 -54 0 -31 20 32 0 -2 21 -55 16 0 -11 -30 40 -7 6 11 -8 41 16 7
-42 24 -58 -5 -20 6 -14 -22 -4 -28 15 58 0 -4 -31 48 7 -32 56 -27 -21 21 6 30 -27 42 24 -25
-29 2 34 1 6 8 23 -56 -6 39 10 -5 1 14 16 26 -8 -1 -43 6 -25 5 -20 -56 12 3 49 21
-56 23 -3 -25 -33 4 -9 22 -4 45 32 49 7 -10 14 48 7 -44 61 -25 8 23 -2 61 -19 -1 31 -54

34 -48 43 43 -2 -10 17 -27 -3 -4 34 -25 6 -11 -1 -9 46 -43 -22 18 7 -33 10 -60 36 -31 -50 -17
10 -8 38 47 0 -5 9 -53 11 -39 32 -41 12 -12 -29 27 1 9 -32 45 8 -40 -12 -49 13 20 -16 -15
35 28 -119 -4 10 -18 -46 27 10 -105 -52 -8 -8 2 25 -1 34 57 -22 -5 -13 -51 -5 -57 -4 41 28 4
-36 16 -14 -94 3 -1 -40 18 -20 -18 -13 42 -17 0 -40 -33 41 53 18 -8 35 24 -43 5 14 -16 23 -4
7 29 19 -58 -45 -4 -58 -1 -5 -5 16 -37 1 -1 -27 17 43 -25 43 4 31 -12 0 -64 -30 -43 -11 -52
29 36 4 -41 24 2 -70 19 -14 -22 1 -48 8 3 62 -10 -79 -56 16 -35 8 0 -40 -65 -1 -128 -18 -72
17 9 4 48 -13 -3 6 66 10 -51 2 19 0 11 28 42 21 17 -21 37 16 -17 -19 -71 0 -20 -22 -93
-11 7 -67 -13 9 -19 -2 -23 -14 -20 6 14 -8 -15 7 13 -23 -5 11 -4 4 13 -3 17 6 72 15 -12
31 39 -12 28 4 -2 -95 6 -9 38 28 5 -4 -13 22 -10 -17 -98 14 32 6 2 19 80 -48 -28 -44 -60
44 -48 -17 39 5 -12 49 -46 -7 -49 60 42 4 -13 10 -59 47 2 -8 -36 3 -19 13 45 33 -30 -10 -15
0 8 -69 -36 -25 2 -19 -11 -15 -20 -14 16 -9 -5 -42 -35 49 22 10 -27 51 31 -33 16 21 24 23 -6
4 -21 -42 -22 -29 -16 -109 -35 -11 -4 -30 -21 2 5 14 -53 -82 -46 -60 26 20 15 7 -18 26 -41 -42 28
-64 32 -22 -17 3 2 -61 -5 -19 8 -51 -11 -18 -12 47 42 -81 -48 8 33 -2 35 -14 51 -21 -16 15 3
42 -12 -16 25 26 6 -2 33 10 -100 -19 56 -14 6 28 -62 56 1 -38 -47 26 -29 -13 15 14 -10 -13 -1
-27 67 -27 -54 -8 7 -101 41 -8 -8 -54 -57 -2 -2 95 29 -36 -4 -3 30 -26 -17 -3 -62 -46 21 19 36
-28 22 -21 -10 -14 -3 -32 -12 -16 26 -14 3 -5 -6 31 28 -71 -27 -33 23 16 -32 -21 9 -5 -84 -20 1
-53 35 -1 -64 -12 -4 -90 24 7 -5 -36 -33 2 -10 44 6 -46 45 0 23 -16 37 -19 -37 4 -12 25 40
48 15 10 63 19 -13 -52 -29 5 -11 31 29 -1 7 -5 -14 20 -104 -9 44 18 -71 8 56 -27 7 -93 -78
3 25 -23 42 39 1 17 26 8 -13 -33 49 0 -1 13 14 20 8 -45 -26 9 -81 14 -7 -16 11 -26 -5
-7 -35 -4 -2 -6 -10 -25 -20 5 -42 -11 25 -2 -17 55 -72 13 -22 -14 -12 22 28 -13 1 -2 20 -29 42
-4 10 20 13 -14 1 43 48 -9 -20 24 -55 -18 -10 4 65 35 19 -11 30 -3 -17 -15 -23 17 -26 -7 -80
-5 -2 -45 -10 -17 -11 26 -1 -6 -71 40 94 -14 3 -9 -58 51 26 -3 -62 102 10 2 65 20 -66 -2 -60
41 3 -16 16 42 -6 20 59 1 -25 -27 16 -1 -2 5 8 18 61 -67 -18 -11 -116 -9 -69 9 10 23 -10
64 -38 -48 78 0 7 17 42 -14 -91 72 -9 -4 2 0 16 28 -10 -15 11 -23 -55 -9 -8 33 56 -29 -1
-43 31 -52 -13 35 -4 -43 -16 -18 7 -40 46 -2 -18 49 -55 -12 33 -2 -6 -4 42 21 31 2 19 -6 25
-8 -3 -13 -13 15 -13 24 35 -1 -47 -7 60 -12 -5 22 32 -2 27 0 -5 34 11 -10 -47 -5 46 -5 1
20 3 23 8 -6 -9 22 27 -1 60 -5 25 5 -2 12 44 0 -25 -47 46 -7 -36 33 -92 3 -13 18 39
11 16 -3 -39 -1 -7 -11 37 10 48 -26 63 -6 -13 31 20 28 46 0 -23 12 15 -27 -5 19 -43 8 -32

-2 33 6 33 -16 4 -36 30 9 30 -30 -10 -3 1 0 4 11 -26 2 27 22 -17 19 -26 -32 -4 -40 27
-20 45 46 -12 -11 5 -35 63 1 -62 -16 -60 5 3 -51 31 -17 25 -3 44 32 -31 17 -54 -3 10 0 33
2 -50 -16 0 27 9 39 16 6 -43 37 32 -9 -12 -29 1 27 27 -21 -52 10 -7 -18 -64 18 44 30 -3
23 -82 -16 30 0 0 -15 -19 -18 -35 27 23 -3 -13 -21 -41 33 2 -27 -19 6 -28 -36 28 16 -35 78 -1
8 -22 -12 1 -25 -13 31 18 -2 -24 22 -15 -19 0 -25 -4 26 24 -2 -9 -12 -21 51 -38 44 -29 -23 -18
10 6 12 -30 -57 0 5 28 8 -22 -8 -37 16 -11 -16 18 -113 -13 36 -30 33 44 -36 -73 -2 -128 -50 -38
2 31 1 -15 0 -16 -23 55 -1 -35 -14 -62 -19 6 -6 32 -6 30 33 36 46 30 11 -54 29 -20 -11 -15
-28 -22 -9 -26 23 -13 6 -6 -16 9 7 -23 -14 3 -5 9 -36 28 -26 4 11 13 -27 19 2 23 34 -51
7 16 -17 -11 22 -7 19 18 4 33 -37 7 -10 7 -5 -3 -15 48 -39 16 14 -8 17 42 -2 -17 -39 30
19 38 -35 31 26 -13 -24 -61 -2 -34 -57 57 -19 -2 -30 -50 37 8 -11 -45 -2 -45 20 82 -49 -8 7 3
35 -43 -15 30 43 3 13 -100 -12 -39 27 27 -5 -20 -42 -39 54 58 -28 -30 5 -11 13 0 -3 -35 17 6
-4 -89 -19 5 -1 0 -82 -3 -13 11 37 3 -5 -2 -27 -39 -87 -43 -113 38 41 -2 -40 -1 -4 -3 26 -34
-34 -25 30 -44 3 -10 36 -11 -3 -12 25 -28 -3 -11 27 46 -112 30 -16 15 10 50 -11 35 40 -24 24 20
-15 13 -12 -1 29 -7 12 18 1 -56 -28 62 5 -3 -1 -36 15 9 9 -70 19 1 11 51 -25 15 -9 -6
-8 -22 72 -27 23 6 41 30 -15 -43 16 -36 9 1 31 3 -5 67 -68 44 -19 24 -32 -128 56 -3 18 64
11 10 -13 -24 17 -3 -23 -61 -16 39 -21 -36 12 -22 18 26 -65 58 -27 29 1 -32 8 -8 12 -67 -42 -14
5 -58 40 2 16 1 -3 21 8 6 21 -30 -11 0 71 12 -34 23 -62 11 -9 10 -26 -16 27 -11 38 40
-50 37 -46 -18 -29 -5 -29 19 -3 -5 -26 30 2 1 -3 -2 57 0 4 17 32 -11 21 28 -53 39 -7 30
-72 24 14 -62 -22 6 30 56 -3 -15 22 47 11 15 -12 28 -17 -37 71 -19 15 18 -12 15 16 13 -8 -49
-13 2 -15 42 -7 -2 61 27 -1 -37 -40 52 4 2 45 -69 -4 21 -10 -23 24 18 23 -7 -6 4 -47 24
7 18 50 6 -30 -9 8 74 -2 -16 3 -101 -10 10 -25 53 35 42 -1 45 33 -12 16 -42 9 -14 -14 -36
-5 -34 -21 43 33 9 38 84 3 -30 1 127 -1 1 -24 -89 24 45 -15 -36 51 -7 47 126 13 -88 -22 -75
20 21 -11 -13 -34 -7 -6 55 -8 -17 -24 23 12 -10 8 17 29 0 42 -74 -4 -30 10 41 -16 2 25 -19
2 45 -39 39 21 2 -29 32 -14 -95 -38 -5 -16 -14 -21 10 17 46 -36 -56 15 -51 1 -44 -49 60 -21 19
36 -39 22 7 42 -14 35 1 -5 -6 19 72 5 1 40 -35 -43 1 -32 1 6 20 15 14 -10 5 40 -37
-1 27 43 -2 -11 5 19 47 8 -41 -56 10 -5 -8 -25 30 -6 34 -24 -14 43 -14 -5 -43 -9 28 -15 -25
-26 14 24 -27 -43 -8 -27 67 -15 41 -2 -12 1 2 3 48 -10 -34 18 26 21 -6 43 -90 19 -20 -33 -16
40 -37 82 32 31 3 13 16 -6 43 -20 37 -11 8 18 -9 14 34 -69 -45 38 -21 -31 -22 7 -47 10 -24


19 -12 -68 38 -10 -16 24 -45 -3 -17 -31 11 -14 -4 4 32 31 12 -25 -57 6 -62 22 15 27 40 -63 -64
-6 -25 12 34 -4 -6 20 -103 -6 18 -31 56 2 -16 34 10 -14 -37 3 -25 2 11 14 43 1 -10 -53 -37
-39 -3 37 -4 31 -15 -19 -37 8 35 15 -5 -15 -3 55 9 -31 -59 -20 -20 -19 18 -26 -11 -53 -62 22 17
14 71 22 -126 -28 10 -61 -7 12 -1 21 1 -12 6 -50 -20 -13 -70 54 23 35 19 -69 25 -93 -11 62 -52
27 6 -35 -26 24 5 35 -68 5 -15 9 5 -14 -9 -6 37 21 24 -9 9 34 -27 -51 -7 -5 49 13 -74
-8 -11 26 -14 11 -6 -8 12 -17 63 -18 -5 15 4 -40 -48 65 9 -116 74 2 54 99 -65 7 -39 87 -51
10 -19 -26 51 13 -10 14 -94 -13 -10 10 64 -4 3 -2 46 -11 -34 9 -74 -46 -47 -28 12 9 17 1 53
-24 1 52 -36 32 6 34 -59 -6 42 17 -2 -7 -13 -15 -24 -66 13 4 3 -13 41 2 15 5 -121 -16 -6
13 -86 -36 24 40 7 29 -91 -15 -28 -7 -7 4 3 8 1 -13 50 -48 7 9 -39 48 -37 58 39 -88 -27
33 27 -6 -27 -15 -5 -29 -97 -18 2 -31 -44 -6 -2 -26 3 -8 4 -13 9 2 -29 0 -52 13 -10 -1 -40
-3 -4 49 -87 24 1 -5 54 -10 27 4 -23 -10 -8 -7 -16 -30 -27 15 10 38 35 -15 -25 2 -45 15 -8
8 10 31 -3 -40 -6 -29 3 -5 18 -13 -12 3 -4 -1 -112 -128 3 -43 16 60 6 41 -35 -16 -10 -38 -20
-16 -19 3 14 35 -15 54 -30 2 42 42 9 4 0 3 -33 14 64 -28 21 6 17 16 -6 8 14 -7 -31
15 -8 1 33 -17 -4 -1 -18 -10 -16 -3 -50 3 -14 22 -42 29 -22 3 -38 21 -16 -18 -16 28 -10 9 13
-29 -59 47 25 37 -15 77 -53 7 13 30 -2 4 1 48 18 4 -3 2 14 7 17 54 28 -14 -13 -25 -15
-58 9 -13 26 20 11 34 -54 5 -8 44 30 2 -7 -29 20 31 -10 24 5 8 25 -41 -5 9 19 12 -4
18 29 28 -20 21 -15 32 -23 -5 38 25 -5 -4 -12 -18 14 -19 -31 4 21 -24 -2 -56 -2 -60 34 39 -21
7 -81 -43 48 -3 4 35 -74 -4 5 -24 7 -3 3 14 -9 -3 63 -47 -7 24 -45 39 -5 66 -1 -19 -51
-29 -9 -12 93 -68 0 22 -71 -13 -23 5 -1 1 5 22 -4 14 -29 8 -69 -14 2 37 24 -10 24 -31 28
-20 4 -16 -26 2 -11 -37 -24 -1 3 5 -23 -9 -15 16 -26 -3 16 -22 -31 -20 -15 -6 22 14 -3 26 -2
-15 -10 -15 16 25 9 41 -107 10 9 -7 31 -8 7 -25 26 20 -8 15 5 -19 -1 -10 15 -33 6 20 5
-34 6 24 -51 -24 -18 -3 -37 -4 -6 51 -125 1 2 65 28 -15 -17 35 -2 92 6 -50 -124 24 4 43 -50
7 10 24 43 -9 -5 -2 -1 1 3 11 7 10 4 17 28 1 -53 -21 -49 -26 -11 -31 -18 -2 21 -1 -23
-8 3 37 32 32 4 -1 -61 -8 47 -38 6 -6 6 28 16 -6 -6 -37 37 11 8 51 -1 24 -65 -44 -16
-15 51 19 -44 -2 -24 -16 -45 -4 43 29 -6 -5 -3 -12 -31 10 -19 28 -4 11 29 -21 -33 -35 -38 22 20
-64 -11 28 -8 -3 4 -38 -36 -9 9 -11 13 11 -12 52 -5 0 -52 22 -62 -38 44 3 33 -15 -56 9 25
28 24 -49 68 23 7 26 -89 -1 -55 11 33 -12 14 -36 25 -5 39 -25 -38 -14 -8 28 14 -2 41 34 2
29 0 11 -38 -6 -3 9 29 -9 -63 8 31 -9 -17 12 -48 20 -81 30 -29 -3 13 6 28 -41 27 26 -13

-5 -23 -33 29 25 -7 28 -84 5 -79 55 -1 -9 -10 8 24 30 7 -22 -32 21 -25 22 -82 20 50 -107 -32
-36 -23 5 29 -13 -4 9 -64 -14 -7 29 36 -5 3 7 36 10 0 0 -13 44 10 7 19 16 -1 -50 -45
-60 17 33 -35 -52 -17 -36 -10 8 13 -66 -16 -15 3 41 31 -8 -18 21 -9 -25 12 -16 10 19 -76 36 21
55 -9 -30 27 -20 -7 -4 28 -1 -12 17 4 -3 -6 -73 -17 4 -14 0 5 20 -39 -64 -14 60 -14 42 -18
23 22 -4 -56 28 -8 -37 17 1 11 10 -21 -12 -6 -77 26 9 1 1 4 29 -27 -2 -42 -46 43 11 -41
47 48 37 -11 81 -5 -28 62 -12 54 29 -28 -4 -10 52 -66 39 -3 -110 61 2 35 9 -80 -17 -27 13 -37
-21 16 -34 -43 -65 -13 -58 63 -7 -25 -13 74 -6 5 19 64 10 -37 19 -35 23 -48 -17 -20 -47 31 -21 -68
16 30 26 -19 -41 -14 -11 -24 1 60 -11 30 -20 -13 -22 -36 -60 -54 16 16 4 37 -2 72 -22 -128 -4 -27
6 46 8 17 48 -2 -83 -90 -16 -31 34 3 2 2 9 -27 10 -51 -11 15 13 -54 24 -10 -78 17 -128 -26
-9 -55 8 70 25 -14 62 -39 -5 31 62 -8 -5 -3 -25 -5 3 -2 -15 8 5 -14 21 -15 45 -40 -42 -51
55 20 21 21 -33 -7 -37 -14 -17 1 9 -17 8 -1 -7 10 -6 -86 20 -3 -6 -5 -19 44 14 -45 17 35
-11 41 -36 -14 -34 -13 -128 -19 1 -31 -42 -17 -6 8 13 -26 -68 -40 -26 0 -22 -58 -10 -38 16 -56 -18 30
31 50 22 -87 -2 7 -67 9 0 22 -70 22 -10 -1 36 -44 -6 -43 2 7 -4 11 -27 32 -37 21 -2 19
-51 13 -26 -23 -32 14 -5 -11 -15 -3 -28 -15 4 -11 52 -20 3 0 13 -28 -15 21 15 -21 -16 -8 -3 40
25 64 0 -78 -4 5 -128 12 -15 4 -53 -14 8 -14 76 61 8 -83 29 7 -23 -17 -12 38 -71 24 5 0
-33 8 -13 -32 -9 0 -15 32 -8 7 -50 -5 11 -6 32 -7 30 -10 50 -20 26 1 -40 -9 -11 32 -10 44
57 19 6 7 -42 -23 -69 29 -1 25 -38 -16 3 0 15 13 -16 -24 26 27 -25 -42 -93 1 32 23 26 19
-49 33 12 -15 65 -4 5 -36 -12 11 35 12 -21 7 0 -36 -1 25 15 13 12 10 13 -19 -13 -42 -128 -43
-128 32 -52 -79 31 -14 -2 -6 -7 -12 -46 9 -13 -7 42 -17 9 78 13 -73 -8 49 -7 -25 -18 5 -12 -20
-5 -12 5 -45 -8 0 -47 -48 -11 10 3 -27 4 -7 37 -24 -15 4 -11 13 -40 -8 3 -19 -6 -19 -10 55
-5 -10 -19 -15 -13 -12 2 44 -3 22 -9 41 -11 9 -2 4 7 -1 3 10 50 -7 -2 2 -27 20 -10 -73
-40 -1 0 -34 -59 -13 -50 78 10 -21 58 -91 -2 5 48 11 -7 -25 25 -10 46 -12 13 -128 -12 -10 0 -31
-86 17 -32 -3 -30 -7 8 24 3 20 -45 -17 4 -9 41 8 35 15 0 -84 -12 18 -1 -39 15 18 -9 -4
-34 -23 46 77 -2 2 31 4 -12 51 46 -9 0 7 19 2 -15 -79 3 26 -1 17 15 30 27 -118 -39 -23
47 24 -20 22 -46 -1 15 7 1 26 -43 30 -2 14 26 -36 -15 -26 15 -2 -45 -26 24 14 17 -21 -2 17
-38 -20 -5 29 -37 -3 26 10 1 4 0 42 -15 7 99 -21 24 -31 -22 -76 5 -7 -3 17 14 -37 0 30
-11 17 -39 -25 -3 -5 -13 5 -3 -17 -21 34 -14 7 -35 54 -23 -15 8 -9 28 -5 11 -26 -27 38 4 42
86 36 -113 63 -35 -2 -17 10 1 -107 -27 20 9 -13 51 -57 31 -39 7 -75 -2 -87 -22 70 -3 60 35 5

-33 48 -33 -40 0 -15 -80 6 8 -77 -46 -11 3 -14 10 14 -12 -24 27 -17 -1 30 42 -43 -87 56 -83 24
-11 32 6 -67 -16 -7 -46 38 -3 -44 -37 -13 -14 7 1 25 0 25 -4 -21 37 12 22 -6 -9 -1 -27 18
-43 -44 36 7 24 0 55 -4 -16 48 40 -3 3 5 14 21 0 64 -7 28 4 1 -16 -7 43 -67 13 -22
55 -100 -30 57 32 -9 9 -11 -15 -11 44 -15 -15 0 -55 -17 38 38 -39 -30 -23 -42 -22 -43 9 -2 65 -58
-5 0 -8 10 -58 -16 -22 -4 9 8 27 -46 -22 -6 -80 10 -11 -20 32 6 -10 -13 34 -4 -9 34 -6 -46
-18 6 21 -10 -37 10 -74 -18 -4 51 -32 5 11 -1 -42 22 22 -17 18 66 39 34 -3 11 2 -23 -4 -13
-9 -8 2 -48 -36 -9 -13 62 -9 -14 -14 -21 8 -16 -15 22 -4 26 24 -68 29 11 -7 -31 32 15 -58 -6
41 -5 8 36 11 5 25 30 12 56 -5 17 -2 5 -26 -41 -56 8 -12 3 5 -5 1 56 27 -94 5 -42
-9 25 -19 -26 -49 -6 14 8 -2 -9 1 27 -6 7 -8 -52 30 -8 13 4 -1 19 11 33 -8 14 -62 23
-33 42 -3 -40 8 -15 -42 -104 -3 23 -34 26 2 5 -55 -21 -13 -28 49 -15 -35 25 36 30 -93 -9 -44 2
31 -10 -36 51 35 8 26 -64 9 13 11 23 9 11 -37 -7 -15 47 -6 -17 -30 -36 20 -6 -10 -18 2 16
-3 -28 -11 30 25 -14 -70 -1 -17 -31 43 38 -3 -4 -30 -24 -40 -9 -80 -31 43 -81 -43 -26 15 -14 13 -65
56 -31 29 18 -55 3 27 34 2 31 16 -6 -14 -16 33 -43 -42 -36 1 23 14 -15 -40 31 61 -14 26 11
-36 -11 8 -43 10 0 27 -19 -12 -2 -27 29 0 -10 21 -10 -17 13 5 -31 -46 27 13 -1 -23 3 -3 26
16 -25 -11 39 -16 2 71 41 -16 -20 28 -19 -8 -12 -13 22 0 38 -34 6 -16 -24 -33 -46 93 16 11 18
-8 -3 -19 -9 6 -9 -12 -39 -13 17 -48 -19 -15 -10 -25 -47 15 28 15 8 13 -27 -9 -12 6 24 -76 25
50 -69 -9 36 -18 5 15 28 -10 1 23 -3 1 7 51 17 -5 47 -42 27 10 -29 -75 -57 34 23 34 30
-21 56 9 -55 -55 -6 -34 -3 -11 19 -13 -9 4 5 -24 -28 4 -94 39 12 -8 33 32 19 -75 -38 6 30
-38 -35 20 -44 44 -11 13 13 -2 3 23 35 -7 -6 24 -27 -24 -5 -10 -54 5 29 -27 6 20 16 -7 -23
11 34 15 31 -47 -1 63 12 -10 17 -36 31 12 -12 0 -26 -24 -27 -5 23 -47 0 21 -1 -23 -14 -40 54
1 10 -3 -21 -23 -18 -11 69 -2 19 -17 -23 -14 -17 -28 -19 9 6 32 13 51 0 15 -10 16 11 -17 -56
-7 -7 -4 35 -53 -16 1 127 9 -4 -3 48 -7 1 20 -21 -20 -10 30 27 -19 -12 85 -70 -22 -16 -23 -59
-65 -27 8 -55 19 5 11 -5 2 27 -10 -8 -11 3 30 29 32 49 2 -128 -11 31 -43 9 11 30 -1 7
-119 36 -9 -75 -34 -3 -46 -4 -2 34 -60 -10 -2 -4 33 7 -22 -2 24 -9 4 21 36 12 -68 -66 -18 13
48 -44 -5 43 56 2 58 31 -5 19 2 62 3 3 8 -43 8 17 -42 -24 -1 -55 -12 -10 26 -16 14 -36
-32 29 -2 -10 21 -4 8 34 -3 29 -34 -6 -5 0 64 -15 14 48 -6 -70 3 -13 1 3 14 -5 -3 14
-16 -9 -3 -55 -18 -10 -20 44 -13 -8 5 -14 -10 -10 -32 24 -43 -39 25 -13 35 21 13 -16 2 9 -37 -9
23 -16 -72 9 13 -2 22 31 -19 -100 5 24 -2 -6 30 -40 46 53 -40 -74 7 -36 -26 -27 24 52 1 3


-41 -5 17 37 -5 -5 27 -41 -1 4 -31 29 6 1 -11 36 2 -32 -7 -51 41 27 25 46 50 -34 -36 -43
-8 -27 -55 41 36 -9 34 -82 -3 9 -7 40 8 -9 -1 -24 -15 -4 -25 -7 15 -7 25 13 -6 5 -43 -28
-33 0 -13 -10 40 8 -6 -5 -6 6 21 -21 9 -11 -15 -7 0 -2 -8 -8 9 3 -14 0 -16 36 26 1
63 56 21 -46 55 0 -7 10 -9 -21 -2 -12 -9 6 -36 -5 -12 -16 -28 27 0 -18 -70 -35 -47 25 47 -44
-21 10 -5 -17 8 -19 12 1 9 51 -6 45 1 -3 -41 -3 -15 -2 20 3 37 39 -45 17 11 -30 23 -16
-29 -23 41 -4 -5 -1 -11 54 -4 -2 6 -42 13 -1 -110 15 106 8 -128 39 -25 -5 98 -42 20 4 94 -52
-11 -35 -22 11 65 -7 -1 -88 -10 45 39 33 2 5 -86 -12 -30 -27 -15 15 -42 -16 2 30 -3 -37 24 -18
59 -13 -21 -29 36 0 -11 -69 4 -38 6 -15 -5 -11 16 13 5 40 0 16 -19 -13 1 -75 5 56 -13 10
-5 -78 11 22 -42 8 23 -3 -11 -31 -11 -12 -6 9 6 24 -13 52 27 23 27 8 31 -2 49 -23 -46 6
27 18 20 19 2 4 5 -86 9 34 -32 -40 -11 5 -62 57 -5 -5 -7 55 21 -1 -14 -71 38 46 -18 -26
19 13 -5 -40 8 -3 -19 58 -4 12 -27 -55 7 3 36 19 -30 39 -46 19 6 -47 -12 -60 3 30 22 24
20 30 44 -46 -75 -9 -18 56 -17 -71 -32 -45 -9 10 7 28 -43 42 -79 80 9 17 33 -34 -26 -21 33 16
10 -22 -54 -13 -31 -6 -11 -51 3 -28 32 13 10 -9 3 -39 17 44 32 1 9 -11 9 -25 -38 -8 5 -17
-54 -15 52 1 7 2 -8 -24 6 23 40 -81 -14 7 -41 29 -13 -16 -7 36 -2 10 -16 -54 32 9 -13 26
-10 -51 -72 -4 8 -4 39 -60 -9 31 38 34 -16 -8 -40 -3 22 58 16 6 29 -5 37 39 -13 -42 -18 -80
-35 4 9 15 2 11 37 -17 -10 7 57 -33 7 7 -34 -22 23 -44 -25 35 3 54 -36 -15 10 25 62 -1
23 12 -11 21 16 -12 13 -17 12 1 -7 26 -13 -13 -57 23 0 19 -16 7 -8 -41 -14 17 -40 -7 38 -60
0 -26 34 -17 -64 -4 18 3 -15 -3 -20 -18 -6 1 25 -3 -21 -14 89 -19 4 42 13 28 26 21 -18 -30
-52 -7 40 -2 7 -9 21 -59 0 -2 29 -51 -4 -9 -14 23 0 -53 10 10 1 60 18 -1 2 -22 15 23
-3 -1 10 -18 -16 13 -37 -35 -8 47 28 -78 -6 -18 -33 67 22 18 24 41 -37 4 12 74 16 -5 40 -4
-5 -19 -38 20 37 -16 45 -82 -1 8 0 68 -10 0 -36 -81 -18 5 -9 -26 -15 -1 -3 23 -26 2 17 19
-16 19 32 -51 15 1 -36 -4 13 58 36 -128 0 6 13 102 -17 -10 -2 45 18 8 -41 29 11 68 51 33
-93 -9 39 32 59 11 7 -14 -13 -21 25 2 -10 -7 -34 30 16 -44 -35 -19 19 4 -48 -8 -24 -44 -2 -2
-29 1 -27 36 15 -12 -24 -7 -2 -16 -29 -2 -3 -15 5 10 -1 66 -25 -5 26 -9 35 -9 36 34 -60 -22
44 36 2 -32 16 -4 -30 -23 5 -10 18 -90 6 -7 -54 119 9 35 -38 21 -9 -42 -8 -50 -14 29 37 6
-3 4 -21 29 39 -8 -25 -35 4 -5 5 -32 1 3 -3 -45 35 7 -55 4 -7 -10 20 -13 -12 10 11 22
-12 5 44 46 65 -10 29 -125 1 -46 9 -37 -15 -13 -37 15 4 32 -16 14 -7 31 21 81 15 -8 39 -11
26 -35 22 34 63 -14 15 1 -12 -11 23 -27 -13 -19 -52 -42 33 51 -82 -19 -7 -34 2 -41 -5 -29 14 4

-95 -4 15 -42 -34 -4 43 -6 -15 -1 39 11 -2 -4 -19 32 17 30 16 -75 12 61 11 16 -4 -74 -38 15
5 -17 -24 -19 7 -1 19 -25 9 -2 43 30 -8 -15 -13 -47 16 4 6 -12 59 4 -20 1 -2 -19 -11 -38
17 6 23 8 31 3 -4 10 -6 -1 -26 10 2 -13 21 -1 -13 -86 8 -18 -11 -9 -27 9 -12 46 5 26
11 -18 17 92 11 3 27 19 -10 0 17 -14 -5 -9 -48 12 -39 -41 29 -9 -3 21 -56 13 55 16 17 -1
-42 2 -3 7 69 -4 27 31 -6 59 14 6 -1 -12 -89 29 0 36 -22 -14 13 41 0 -1 17 -11 14 -16
21 35 29 -17 70 -10 -28 91 -11 -47 19 -35 -10 -11 53 -63 116 13 -128 35 29 -13 38 -128 24 12 14 -60
-14 -14 -19 -92 0 -16 -75 68 -12 49 -4 34 -2 9 -16 -18 -4 -52 14 17 -2 -17 0 46 -48 -18 -8 -59
59 11 -4 13 39 7 -25 -41 4 -39 -12 16 -5 5 -11 -31 -8 -2 -19 37 2 -79 -3 -51 -26 59 -9 16
-37 10 -2 -15 74 1 -38 -69 -16 -30 43 -11 5 -3 -3 -21 -16 48 -17 24 7 -4 29 -28 -40 -33 -117 34
-54 -52 18 -12 -17 -15 21 -47 -6 8 65 -50 -17 0 -44 66 -28 9 40 40 1 42 28 -83 20 35 -46 -3
-19 -1 49 30 34 -9 -29 -15 1 13 16 -65 -4 -14 20 49 -46 -29 -31 44 -42 -7 10 -11 10 15 -31 45
16 37 47 -21 -55 17 -42 -3 -10 -85 -78 -74 -2 -11 30 62 -12 -18 -10 18 -45 44 -100 37 -19 -38 23 57
48 37 -33 -23 39 -7 -43 21 -2 -19 -60 3 -3 5 46 -51 32 -1 -40 23 5 -86 -13 -49 -37 33 29 19
-7 31 23 -58 -44 -15 -7 -44 7 39 6 -64 -6 -14 -45 44 -12 -17 6 20 -38 18 -18 -45 -5 -1 1 37
19 16 3 -9 100 -18 -122 7 -1 23 -6 34 3 -10 -12 -3 22 -18 -32 17 12 -26 15 46 -38 -12 22 -35
-26 10 -1 10 4 7 20 9 -12 43 -28 -36 -1 -5 39 -25 16 -15 9 18 11 72 -16 -6 -11 31 58 42
6 -7 9 51 18 -13 -25 30 0 -1 -33 17 -6 -5 13 14 2 -36 18 -13 15 -27 -87 58 30 -15 26 -10
18 -14 -12 -69 20 -12 -16 13 -1 -18 62 -24 5 -18 -7 -33 -21 77 9 -7 -11 31 -7 -60 -24 10 -80 -17
56 13 -1 -52 -26 -7 -1 -11 -8 2 -19 3 -6 -14 -10 -21 22 5 18 -8 -12 24 -29 3 -25 -20 20 -2
3 13 6 -30 -2 -7 -29 -44 3 57 12 -86 1 -4 -1 78 -6 22 -3 56 -70 3 4 10 -29 -18 18 23
-9 3 -22 -20 1 -15 -4 70 5 20 -30 51 -17 2 -25 -98 -21 -18 22 -47 56 14 -22 38 -17 13 3 -80
-18 8 44 5 -32 6 -51 86 14 52 31 -128 -14 -15 -28 121 -17 -24 11 38 -18 -3 26 -78 -1 71 -2 20
-95 -22 30 -60 -5 -5 12 13 6 -14 -4 13 -9 -7 -22 18 29 -84 19 5 27 51 -36 9 -9 -44 1 13
-62 -26 11 -34 40 -2 -3 62 3 -14 50 -20 0 -16 1 12 -18 37 2 18 9 19 25 -17 -13 29 -55 -31
28 -14 42 74 -10 -2 21 14 -1 -8 -25 -12 0 -6 1 52 -11 -23 -6 16 -34 -27 20 20 9 13 7 11
21 -16 23 27 0 5 4 1 -10 -6 23 -40 5 10 30 -36 13 -67 -22 -3 18 8 8 17 15 -10 12 30
-14 18 1 -46 36 -10 -11 -6 2 -30 -25 -28 -8 -15 -9 -8 4 20 28 7 14 46 -14 66 -6 -21 2 23
-50 21 64 18 4 4 -38 4 -10 -17 -21 -30 0 17 3 -39 15 -64 23 -30 -15 43 5 23 -14 -56 -23 39

-47 42 -1 -22 0 -2 -73 5 1 -14 -30 -30 -11 -16 -41 28 0 36 -37 -80 0 24 16 5 -47 -45 -65 36
54 3 -12 -18 -5 -2 -40 54 3 -16 -31 -54 9 -14 -44 -59 37 8 5 -45 21 0 8 27 21 -20 2 3
28 -27 19 20 -34 -14 40 -2 -16 0 35 26 -1 11 -20 16 -21 -39 30 -10 5 -1 -32 3 34 12 29 -29
-28 -41 25 -41 -38 14 1 -10 6 6 16 -34 -21 6 -37 10 -20 9 68 -7 -31 89 -31 -16 -4 6 69 -11
-23 -7 12 35 12 9 -7 29 -11 46 10 -28 -5 4 -113 7 -27 6 -4 -11 -21 41 49 3 5 -30 7 -18
-79 20 48 -32 -53 10 -58 -7 -10 -77 -53 -85 5 -8 -86 -34 43 6 -128 29 48 30 1 -49 6 -10 -7 31
44 -37 -20 -17 -22 2 -6 78 8 43 11 -18 -19 -8 -86 -64 -19 -10 -4 -17 11 -7 26 18 57 -26 -6 -2
23 0 11 -1 -46 -10 3 41 -12 -42 -6 31 -20 -12 -9 -63 -30 -42 48 35 22 -29 9 -4 7 32 -16 -35
-40 26 5 -22 -17 -16 -28 -10 -11 6 -1 -7 -12 -6 -35 -32 -33 -43 -14 22 -11 32 31 18 -30 4 -22 48
-5 19 29 -21 22 -10 -2 -85 3 11 -15 16 5 -19 -47 28 -35 3 9 47 -48 24 33 -36 -68 38 -25 29
-75 3 22 -48 -57 -10 7 -37 -15 40 -11 -11 6 6 5 63 -56 -38 43 38 -62 59 13 33 -31 12 -23 35
-39 -32 8 -19 28 -4 -9 -12 -8 -75 4 24 7 -6 -19 82 28 6 -53 -12 21 41 -15 35 -19 -37 9 -11
34 -10 -1 38 -34 -7 1 23 -12 -31 2 5 -13 -12 11 -53 0 -18 8 15 21 -53 -22 10 50 19 8 15
42 -7 9 42 -8 -7 49 -47 -4 33 10 1 -4 -1 -71 59 -23 37 -23 4 -36 -18 10 -48 -2 15 14 18
-27 -4 -18 47 -78 6 17 49 -1 13 17 12 -3 5 -86 15 11 -50 54 -10 45 26 -8 47 50 -41 28 -44
-13 -31 -47 14 17 -8 31 -37 -14 29 1 -52 -1 -8 -8 -32 10 9 -34 34 36 21 16 -10 26 22 -21 7
-15 -18 -23 -9 -30 -10 7 33 1 -2 20 15 8 -3 -1 27 21 0 35 21 27 29 -56 36 10 -23 40 -32
32 33 -10 46 18 12 -35 -8 -4 -13 -10 -45 -6 -7 -34 -8 23 -15 -43 0 -34 -3 27 -46 -31 16 26 36
76 -16 -19 87 -5 -10 -7 0 -13 -25 20 20 -1 -7 -29 -2 26 43 -26 -4 23 -44 -26 7 6 -15 20 -29
23 32 19 42 13 -11 60 4 -2 71 -36 -13 -3 -6 -27 82 -16 19 -16 57 -98 -30 46 -4 -2 -12 3 22
30 8 -4 3 -27 -16 -15 96 12 21 -12 2 -12 -7 -59 -112 -19 21 12 -41 47 4 -2 29 45 15 3 -55
-28 13 25 95 -57 5 23 57 -3 63 -5 -6 -3 -15 -64 51 -26 -9 18 71 -74 17 71 -128 -24 53 -9 3
4 -19 22 -49 -30 -10 24 -9 -13 -9 26 -3 8 6 -22 31 30 9 -37 19 -6 5 -62 22 22 -12 15 29
36 25 25 -35 -29 -9 0 21 -12 6 -25 -26 -14 2 -5 5 -28 -63 6 14 11 -4 34 -8 -8 42 -18 20
-46 -35 16 -5 -32 -4 53 43 -4 -5 20 67 -9 -9 -20 7 17 -7 66 27 21 50 -2 41 -3 -2 2 -57
66 3 17 -37 -36 -3 3 18 1 -5 -2 -28 9 -12 -16 -21 25 -19 4 -17 -2 21 16 18 -9 -11 22 11
27 -6 5 17 21 6 -9 32 6 -14 10 -9 -6 8 -27 -37 -5 39 -14 23 37 17 -3 36 35 -23 22 -38
-74 1 29 -87 -76 3 35 11 0 -16 18 -3 -8 9 -27 -36 0 -10 58 -18 -5 89 24 36 29 -66 2 34


