-0.10384136 -0.20924918 0.39805573 0.33339277 -0.36583954 0.11290727 0.01456284 -0.66994911 -0.01838662 -0.04036541
-0.41346684 0.58105260 0.40367925 0.20276164 -0.04004565 1.00884283 -0.42690957 -0.28160638 -0.37280628 -0.12713635
-0.14755285 0.42830834 0.72917581 -0.26068613 -0.39760387 -0.14342061 0.27261561 -0.10621497 -0.41911292 -0.10428566
0.16399002 0.70237565 -0.53251928 -0.33205101 -0.52903801 -0.68835694 -0.28068224 -0.12470388 -0.25132605 0.44440833
-0.55028671 0.36027187 -0.46726820 0.07125988 -0.03366832 -0.07090501 0.01049833 -0.38046834 0.78605777 0.56047970
0.10044225 -0.58732140 -0.58330029 0.30330080 0.10216614 0.44138461 -0.27645576 0.08155150 -0.66564643 0.04038850
0.48147792 -0.31020981 0.23289537 -0.29991394 0.03592278 -0.61144167 -0.22232567 -0.25653353 0.46537399 0.05787185
0.14315179 -0.08998855 -0.09712241 -0.14763910 -0.09533729 -0.37697959 0.71866089 -0.00184688 -0.48946857 -0.14351545
0.09036515 0.66357744 -0.59462947 -0.36189991 0.07584555 -0.16359957 0.13915019 -0.06588170 0.29799175 -0.26309475
0.06497326 -0.08572921 -0.33656433 -0.38901609 0.16442823 -0.41973409 -0.01594805 -0.37372750 0.62356156 -0.00751132
0.62260306 0.00980987 -0.13595651 0.26622304 -0.36845255 0.15625106 -0.24552445 0.03242318 -0.25384018 -0.21316077
-0.54796606 -0.14726229 -0.00848591 -0.16601720 -0.42715186 0.11593957 0.51426023 0.31433412 0.51249743 0.31544241
0.01154767 0.26817364 0.17920914 0.31649393 0.57515192 -0.09674419 0.17667261 -0.25428733 -0.55885750 -0.00269194
0.42915553 0.47738421 -0.19712856 -0.27787769 -0.60946804 -0.46137810 -0.33556381 -0.20614946 -0.61131382 0.89602244
0.18523580 0.13220891 -0.33530632 -0.13843799 -0.35842010 -0.01139678 -0.63783675 0.34437993 -0.78337246 0.52436209
-0.83439940 -0.29984683 0.46023837 0.22085963 -0.00147320 0.11843002 0.00534906 0.13176173 -0.22378491 -0.10827581
-0.33863011 0.51847869 -0.39400387 0.13981986 -0.18167084 0.43057096 0.18885146 -0.40912241 -0.33103895 0.22615124
0.13553271 -0.61788303 0.41615182 -0.09288995 0.55548042 0.14695975 0.22080246 -0.06307862 -0.17998968 -0.30671677
0.10470089 0.87335795 -0.38712063 -0.43903723 -0.46875727 -0.53253353 0.30054435 0.36841130 -0.01984964 -0.20990828
0.01656268 -0.41254771 -0.54069346 0.46893111 -0.27068260 -0.12315659 -0.60545337 0.38933334 0.01560193 0.63977534
-0.55443823 0.78892767 -0.39488971 0.06452636 -0.52793974 0.25815925 0.02355035 -0.41224340 0.11890532 0.60087425
-0.07833439 -0.47269192 -0.42892867 0.14407359 0.18029016 0.35420114 -0.20654893 0.72113913 0.33716843 -0.21973293
0.35728490 0.40581110 0.62530613 -0.35501665 -0.85211372 0.27966166 -0.33859393 -0.26213723 -0.02316761 0.22348171
-0.07864986 0.28597459 -0.02337527 -0.04443895 -0.42169058 -0.10117775 -0.46978119 -0.06774186 0.64606565 0.56528091
0.34085414 -0.45149443 -0.01738688 -0.01109728 0.56168562 -0.03189796 -0.05302450 0.58508104 -0.36837900 -0.30264157
0.31345019 -0.41058689 0.69690478 -0.26915494 0.01913900 -0.29062560 -0.46188951 0.33971485 0.33181491 -0.76143110
0.38460267 -0.42608222 -0.20093483 0.13082942 -0.43659136 0.91507071 -0.14502664 -0.01696765 -0.69056928 -0.07030054
0.19465731 -0.14723824 -0.07579057 0.35999012 -0.27411786 0.20806961 0.42063972 -0.12410664 0.32408255 -0.16962883
0.43729514 -0.36128652 -0.56457263 0.41351682 0.18278497 -0.17574628 -0.09245218 -0.31171620 0.14233385 0.46220434
-0.22728564 -0.45593461 0.19388911 -0.22193988 0.21810143 0.09968590 -0.46494657 0.47549030 -0.65333706 -0.15178618
0.24877238 -0.03040997 -0.51224744 0.61829370 -0.33707952 -0.26806679 -0.48592719 -0.38541150 0.41952577 -0.06229036
-0.27656287 0.02890290 -0.43889076 0.45402336 0.42537275 -0.37826610 -0.29533935 -0.06759363 0.07884925 -0.41334617
0.35356987 -0.27013093 -0.14808002 -0.30763650 0.14161831 -0.22569856 -0.52384686 -0.17563596 0.66311300 0.20862874
-0.02146571 -0.19523168 -0.14070158 -0.50785446 -0.21533155 -0.33379087 -0.07681549 0.14509772 0.49343941 0.54455626
-0.26135537 0.28693825 -0.20316754 -0.13064158 1.13046885 -0.31367898 -0.06971471 -0.26103359 -0.04684141 0.18299969
-1.07389784 0.64783186 0.01404012 0.01092743 0.20468369 -0.08406577 0.00089922 0.42035937 -0.57273251 -0.08206543
-0.11378035 -0.53033352 0.13475552 -0.06320804 0.29237780 0.21264949 0.36112794 -0.23501407 -0.64610112 -0.22984071
0.07641356 -0.46042600 -0.35752502 -0.30274156 -0.11408374 -0.12764162 0.45858181 -0.50623322 0.01407955 -0.70502657
-0.08927757 -0.13666876 -0.30489543 0.07988326 0.34311169 -0.29361686 -0.45363629 0.07122849 0.04282482 0.38623124
-0.63754588 -0.53627986 -0.21947642 -0.05546940 0.06773146 0.07538509 -0.01880884 -0.08993537 -0.77098924 -0.76672953
0.14577824 -0.02359283 0.30998033 -0.17679331 -0.01509126 -0.11994050 -0.19080941 0.82642221 -0.40719223 -0.24167490
0.46636021 0.52688265 0.21269718 0.34965912 0.27215067 -0.19549799 -0.29045832 -0.51723140 0.29372770 0.07993878
0.40682393 0.33601698 -0.14714269 -0.52104348 -0.29999593 -0.43600148 0.48678246 -0.48238659 0.27186093 -0.09897905
-0.33298853 -0.43820995 0.30953944 0.58797032 0.02552396 -0.17846091 0.34520653 -0.26265877 -0.35709560 -0.51579028
-0.47925875 -0.36688229 -0.19014992 -0.29589340 -0.11775845 -0.28924718 -0.15855829 0.09028096 0.24150740 1.13189006
0.60005081 0.14692530 0.55366993 -0.17140348 0.10799049 -0.49574652 -0.27046692 -0.41694781 0.00789248 -0.25875849
-0.28073561 -0.10414617 0.35543713 -0.26877069 0.32022902 0.10367113 -0.04497603 -0.20441625 -0.24010475 -0.23242550
-0.25000873 0.27904761 0.11183868 -0.05493451 0.16431810 0.21101597 -0.53512162 -0.14118616 0.71572798 0.49313524
-0.58698249 -0.12809253 -0.60131180 0.24852228 -0.38280264 0.39612582 0.07308591 -0.08802514 0.32471702 -0.28623611
-0.09863588 0.53865886 0.17439297 0.19398850 -0.65815908 0.23213091 -0.09980865 -0.13306285 0.66597354 0.15963085
0.04202452 0.10570806 -0.54759419 -0.40101126 0.29592735 0.09669050 -0.51346642 0.56857747 0.30657408 0.35120162
-0.00497866 0.35304001 0.21343738 -0.11127906 -0.45685184 -0.23398505 0.59631979 -0.17089359 0.33931744 0.16649663
0.32054943 -0.46940774 0.13509662 0.19893737 0.59006852 -0.19693166 -0.65747082 0.36973560 -0.08846499 -0.52274567
0.18166858 0.43333003 0.33481446 -0.46163669 0.74666387 -0.41613796 -0.40444481 -0.12538475 -0.00852514 -0.53255910
-0.35213012 -0.26090562 0.30485582 0.21701202 -0.20683515 0.29089212 -0.24411027 0.06727478 -0.38659611 0.00666176
0.14394160 -0.34706458 0.30020824 0.28915295 -0.27606452 0.24835838 -0.45255935 0.09133592 -0.36894366 -0.25481725
