  -439    226   -126   -893   -467   -270    520   1499    774    226   -882  -1310  -2755  -2603   -456    553
    86   -383     96  -2485  -1058    968   3334   4584   2139   -339  -2172  -1312  -3102  -2074    375   2546
  -454  -3718  -1427  -3189  -2413  -3545  -1554  -2657  -3655  -5713  -2694   -952  -4379  -4660  -3620    435
 -3587  -8791  -6528  -4860  -3141  -7213 -10841 -11094 -10790  -9613  -4394  -3644  -8743  -7356  -6489  -4035
 -2065  -5268  -4334  -4080  -4118 -10465 -11876 -10822 -11284 -10712  -8342  -5680  -6529  -5340  -5331  -5641
 -5580  -7859  -6637  -8364  -8778 -10955  -9426  -7035  -9252  -7902  -6902  -8241  -9146 -10283 -10148  -6718
 -7033 -10629 -10318 -11872 -11090  -7275  -5536  -7300 -11123  -6364  -5772  -8565 -13713 -16700 -14082  -6565
 -5979  -7584  -7495  -8009  -8130  -6166  -5200 -10816  -8563  -7584 -10690 -15670 -17873 -14800  -8947  -5602
 -3223  -3428  -4489  -6835  -6667  -7581  -7351  -9198  -5783  -7485  -8475 -11054 -12171  -7882  -4621  -3715
 -2380  -1702  -4266  -7658  -9762  -9378  -9396  -6213  -4025  -2465  -4450  -8094  -9662  -5408  -3159  -1385
 -1411  -1637  -2100  -5931  -8659  -9302  -8624  -7732  -6987  -3442  -2791  -5390  -9253  -9153  -7668  -1600
 -1704  -3170  -3651  -6803 -11390  -9182  -8548  -6911  -4711  -1839    193  -2316 -11278 -12854  -9873  -2438
 -2211  -6207  -6196  -8585 -14559 -11091  -7243  -2790    349   1650   2012    289  -7902 -10996  -7695  -2650
 -2376  -3631  -4673  -7517 -13117 -11283  -7441  -3543   -363    460   -640    421  -6638 -13683  -9867  -4373
 -2998  -2628  -3230  -6903 -11057  -8551  -3744  -2266  -1592  -1944  -1929   -316  -5977 -15123 -10331  -4597
 -2181  -3678  -3519  -4192  -3037  -3893  -2295  -1836   -469   -678   -551   -942  -6299 -11510  -9011  -3432
