 -1166  -3070  -4185  -4659  -4182  -3432  -3982  -5683  -5874  -5137  -5260  -6209  -5664  -4472  -4626  -3385
 -2059  -6027  -8323  -9218  -8224  -6017  -5550  -6567  -5548  -4934  -7009  -7298  -5141  -4019  -5456  -4890
 -2119  -7669 -11252 -14778 -12897  -9721  -6673  -7056  -4241  -4748  -5387  -6375  -6559  -5835  -3946  -3931
 -1019  -3535  -8542 -14911 -12017  -8856  -7139  -7204  -5178  -6001  -4492  -6546  -8999  -8101  -3875  -3122
  -209   -151  -4148  -8614  -8582  -6135  -7731  -8887  -8220  -6496  -6495  -5979  -6828  -6456   -758  -3717
 -2844  -1305  -4724  -4468  -6543  -5750  -7954  -8263  -8104  -6854  -7178  -5402  -5741  -6606    378  -2966
 -3192  -1739  -4741  -6475  -6969  -8904 -11375 -11120  -6590  -7520  -8114  -7042  -5619  -5139    286  -2318
 -2826  -2573  -6711  -8428  -9319  -8151 -10126  -6864  -4650  -4418  -4906  -2078  -3734  -6398  -3018  -4290
 -1990  -3185  -8371  -9218  -9934 -10554  -9566  -8071  -3725  -1963  -2369  -1485  -6277  -8565  -4454  -2693
 -2287  -3348  -7566  -8240  -7743  -9804  -8778  -7443  -3131  -1542  -2137  -4697  -8914  -9161  -4728  -1945
 -2445  -5738 -12738 -15638 -13079 -10361  -8447  -5043  -2516  -1518  -1765  -6543 -11408 -11515  -7778  -2628
 -2898  -7371 -14306 -18013 -17016 -10124  -9798  -4427  -2269  -1635  -2440  -7688 -12519 -12311  -8826  -3856
 -2299  -2242  -9329 -12404 -14642  -8329  -7870  -5520  -5254  -6363  -6354 -10576 -12216 -11184  -8042  -6349
  -173   2484  -1622  -5225  -6302  -5884  -2727   -141   -186  -2687  -2347  -4062  -2704  -2385    464  -2513
 -2027   1829    350    271  -2598  -2501  -3321   -430   -224  -1612  -1715  -1541   -268  -4493  -1787  -4394
  -939   1329   1505   1804    648     30   -582   -439    573   -447   -217    942   1991   -166   -769  -1914
