   177    -87   -410     84   -842  -1158   -155   -803   -795   1199    658   -303   -379  -2298  -1628    732
  -985  -1959  -2985  -2114  -1923  -1657  -1093  -1573  -1161   1023  -1407  -2740  -1523  -2377  -2815   -434
 -2784   -391  -3742  -4743  -2331   -728   -813    359  -1091   -455  -3091  -2819  -1127  -1073  -1013   -616
 -2937  -1026  -5286  -5657  -1854   -587   1165  -1196  -3606  -4255  -6371  -4688  -2424   -378  -2608      5
 -1592  -3422  -6265  -7136  -2680   -534   -900  -4096  -5682  -8134  -8199  -5255  -3229  -1570  -3161     83
 -2705  -5648  -7798  -7355  -3788  -2497  -3265  -3741  -5419  -8036  -8439  -4789  -4144  -3316  -3562   -554
 -3217  -2937  -5859  -4755  -3148  -3023  -1445  -3495  -4989  -5009  -7408  -2258   -854  -2951  -3931  -1428
 -3125  -1651  -2420  -4489  -5604  -7002  -4531  -4029  -4910  -3678  -6309  -1873   1390   -862  -1594   -970
 -2165   -243   -356  -3956  -7053  -7008  -4125  -4155  -3668  -3753  -7747  -3424   -956  -2837  -3901  -1682
 -1208     14   -843  -3068  -8353  -5755  -3456  -4649  -2920  -3701  -5851  -3140  -1799  -3263  -4477  -2094
 -1466  -1200  -3830  -6703  -8417  -7105  -4894  -4974  -4048  -4285  -5271  -3164  -4491  -5938  -8264  -3887
 -1769  -2523  -4218 -10295  -9559  -8466  -4379  -1672  -1544  -2849  -3787  -3181  -2956  -6880  -9853  -4219
 -2678  -3068  -4318  -7798  -9913  -8314  -4286  -1481  -2057  -4218  -2274  -2532  -4063  -7144  -9404  -4400
 -1040   -662  -3067  -6033  -7360  -4228  -2430  -1556  -2255  -3356  -1094  -2120  -3354  -3331  -5571  -2377
 -1223   -636  -1565  -5005  -5072  -1889  -1013  -1465  -2335  -1811   -572  -3548  -2956    -17   -199   -680
 -1272  -1167   -742  -2181  -1744   -612  -1384   -965  -1999  -1044   -746  -3208   -909    927    420   -548
