 -1232  -3003  -2681  -2278  -1740  -3280  -4739  -4342  -3214  -1644  -1447  -2274  -3178  -4632  -5226  -4180
   959   -271    -42    236   -497  -3109  -6387  -6358  -4750  -1401   -260   -129   -427  -3121  -4963  -4336
  -631  -1844   -586    607   -506  -3115  -3852  -1844  -1170  -1337  -2044   -859  -1763  -4328  -4465  -3950
 -2055  -3911  -2550  -1441   -147   -919   2512   3925   2267   -395  -4565  -1557  -2820  -5833  -4589  -1870
 -2491  -4902  -5674  -3438   -673    892   4005   5054   3448   1380  -3256  -2403  -4125  -5162  -3511  -1080
 -1088  -4042  -6609  -4782  -2253    956   1896   2824   2844    344  -1951  -2574  -2707  -3018  -4084  -2878
  -946  -1994  -4171  -5440  -2970   1275   2065   2186   2242  -1854  -3426  -2323    126  -2563  -6324  -4690
  -780  -1308  -2524  -3603  -2838   -572    -20   1658    915  -3033  -1937  -2117  -1242  -2268  -4967  -3309
 -1733  -2988  -1772  -1601  -1025  -1378  -1583    364  -1433  -1809  -3007  -3567  -1232  -1223  -2654  -1209
 -1978  -3755  -1682   -556  -1039  -3124  -2976  -2938  -4278  -2934  -3015  -3211  -1078    -65  -2824  -2270
 -1550  -1760   -208    524  -2811  -6384  -6670  -6537  -6128  -3104  -2540  -4649  -1147   1596  -2502  -3531
 -1348   -744    999     35  -3759  -5627  -7245  -5029  -3194  -1047  -1334  -3853  -2000   1101  -2028  -4031
  -836  -1412    970   -652  -2116  -4729  -7224  -3710   -472   -332  -1036  -1851  -2305   -450  -2588  -3633
 -1357  -2984   -650  -1884  -1337  -4539  -6780  -3713     69   -232  -2447  -2385  -4966  -4219  -6120  -5001
  -694  -3368  -3269  -3523  -1721  -3891  -4832  -2481   -913  -1149  -2589  -1317  -3213  -4254  -5865  -4855
 -1051  -2121  -2432  -3123  -2456  -3726  -3770  -1780   -492  -1063  -2078  -1035  -1159  -2651  -3061  -1864
