 -1452  -1424   -913   -684  -1048   -582   -703     51  -1399  -2258  -3184  -3484  -4519  -4624  -2213   -282
 -2716  -2659  -1866  -1769  -1035     78   -833    516   -978  -2395  -3610  -3583  -5288  -4641   -788   -356
 -2366  -2444  -2660   -884    727   -916  -4366  -2977  -2883  -3680  -2200    734  -1648  -2972   -257  -2072
 -2321  -3353  -3504   -591   3131   -719  -4037  -2472  -2221  -5013  -2234   2533   3127   -610  -1274  -2214
 -1949  -3958  -5180  -1142   4126    461  -4521  -4557  -6237  -8254  -3036   1453   2893  -1309  -1798  -2191
 -2625  -4326  -5645  -1673   1716   -127  -5062  -5350  -6824  -6303  -3123   -225   -548  -4076  -4307  -3510
 -4293  -6064  -7003  -2267   -767  -1844  -4694  -7488  -8162  -4444    101   -119  -2521  -5362  -5651  -3395
 -3095  -4604  -4547  -3870  -1574  -2366  -2506  -5904  -7191  -4686   -954  -2469  -3817  -5051  -4162  -2431
  -745  -1815  -3428  -4266  -2777  -2206     77     49  -1118  -2986  -2215  -3711  -5104  -4600  -3002  -1276
  -838  -1122  -2807  -2109  -3792  -1103  -1357    931    446  -2526  -1978   -736  -2615  -4483  -2453  -1761
 -1104  -2775  -4185  -3862  -2079  -3056  -1014    691   -235   -963    423   1509  -2209  -4921  -3060  -2007
  -601  -3583  -5909  -7563  -4102  -2839   -317   -688  -3043  -2946   -979   -622  -4842  -7931  -4928  -2947
   564  -1690  -6221  -5815  -6868  -2169    659    213  -1284  -1868   -577  -2413  -6537  -9109  -5176  -2236
   885  -1104  -4092  -2909  -4605  -1229   2261   1216   -793  -1697   -560   -925  -1821  -4949  -3201   -398
  -526   -898  -2382  -2123  -3998  -2536    631    102  -1849  -2393  -2352  -1074   -731  -5132  -4248   -480
  -846  -1583  -1208  -1274  -1131  -1000    599    812     12   -963   -667   -365   -555  -3071  -3066   -155
