 -1676  -2425  -2018   -372   -563  -1671  -5147  -3456  -1244  -3416  -1009   1088    507  -2011  -1677   -965
 -2795  -3641  -2539  -1231  -3237  -6312  -9400  -6115  -1744  -5228  -4883  -2436  -2798  -7124  -6495  -2800
 -4176  -5396  -3930  -3214  -3398  -9819 -11661  -1238   4656  -2210  -4900  -2721  -3895  -7523  -7209  -3666
 -3840  -7078  -4475  -4264  -5999 -13072 -10041  -1275    591  -2942  -5771  -5925  -7009  -8498  -9419  -3689
 -3266  -5449  -3594  -6046  -8962 -10839  -5638  -2089  -2827   -876  -3931  -9204 -11314  -7275  -6677  -2929
 -3076  -4768  -3475  -5417  -9164 -10090  -6586  -4335  -7849  -5007  -5390 -12121 -11743  -1365    838  -3159
 -3739  -4819  -3255  -3651  -7034 -10410  -6076  -4677  -6663  -4801  -6774 -13037 -11002  -1717     30  -2357
 -3003  -4897  -1856  -1242  -4270  -8576  -6997  -2488  -2610  -3831  -5216  -8352 -10792  -4886   -444  -1548
 -3443  -5219  -4965  -5105  -3530  -7047  -8937  -3691  -2156  -4976  -3136  -5881 -10628  -5826  -1505  -1915
 -2214  -3874  -2401  -5438  -4288  -5712  -8397  -3466   -914  -2526   -658  -3431 -10008  -5843   -117  -1191
 -1778  -3605  -3108  -5246  -4591  -6102  -4498  -2095  -2833  -1329   -245  -2631  -9658  -7287  -1001  -1413
 -1395  -4582  -5770  -5001  -6215  -6922  -2643   -202  -1970     21    139  -1113  -6479  -9623  -4862  -3224
 -1894  -4361  -6889  -6110  -4832  -4962  -1999   -468  -2237   -806  -1001  -2143  -7092 -11197  -8720  -5508
 -1244  -2486  -2439  -2970  -3156  -3399   -997   -600  -1575   -925      1  -1872  -5411  -8400  -9599  -5824
 -1806  -2303   -765  -1976  -2165  -3670  -1620   -729  -1501  -1592   -879  -1655  -4516  -4979  -7303  -2902
 -1553  -2982  -2139  -2308  -2293  -3752  -3042  -1974  -1699  -2032  -2042  -2716  -5073  -5469  -6279  -3470
