 -1858  -2716  -2669  -2273  -2607  -3840  -4846  -4296  -2229  -1770  -1624  -3475  -4481  -5011  -3837  -3740
 -1884  -5521  -5714  -4081  -3656  -6238  -7056  -7639  -6093  -4593  -3844  -4809  -7474  -9013  -5038  -5520
 -3163  -4201  -2423  -3240  -5585  -6538  -5787  -6934  -8359  -6005  -3330  -3585  -4183  -5264  -3440  -5822
 -4190  -4364  -3102  -2012  -3407  -2728  -4686  -7981  -8824  -5596   -439   -743  -2142  -1315  -6205  -9218
 -2977  -6933  -8006  -5247  -4295  -1435   -894   -594  -2751  -3760  -1092  -1152  -3956  -4587 -10266  -9511
  -137  -4862  -8050  -7926  -5202  -3795  -2121  -1740  -4756  -6224  -5847  -2982  -5152  -7519 -10924  -5830
   -29  -2757  -5447  -5948  -5525  -5910  -3909  -1562  -2700  -4828  -4991  -2790  -5284  -6753  -6541  -2535
  -399  -2488  -4611  -4482  -6785  -4936  -2048  -3446  -4275  -1359  -3641  -4303  -3450   -516  -1522    841
  -632  -1794  -3013  -2715  -8228  -5318  -2253  -4106  -4725  -4166  -5215  -3396  -1359  -1575  -4345  -1397
  -649  -2321  -3237  -3971  -8467  -8142  -3107   -146  -2923  -3723  -2039   -590    721  -2527  -5582  -4053
 -1191  -3310  -5828  -7054  -8247  -6111  -1731   -537  -2436  -3424  -2062   -312   1839  -1650  -4940  -3460
  -874   -528  -3457  -5686  -5157  -6414  -4869  -4378  -3883  -3355  -1710    361   1997   -634  -4529  -2018
 -1369   -725  -3290  -5268  -5259  -4267  -4879  -4364  -3126  -3511  -2415  -1281  -3625  -6922  -8734  -2656
   -30  -1033  -3081  -5397  -3699  -1817  -1750  -1919  -1874  -2216  -2958  -3784  -5919  -6380  -4110   -253
  -237  -2500  -3525  -3284  -1857  -2504  -3227  -3006  -1129  -1145  -2836  -3960  -5420  -2958  -1251    769
  -314  -2104  -2519  -1658  -1309  -2221  -1812  -1687  -1250  -1819  -2159  -1432  -1903   1168    691    357
