 -1213  -1772  -2089   -611  -1135  -1340  -1509  -1764   1846   -701  -1368   -634    133  -3690  -2365  -1448
  -400  -2400  -4473  -2263  -2253  -1416  -2646  -3568   2647   -916  -2326  -1337   1518  -5150  -3280   -884
 -1612  -1788  -5745  -4733  -2814   -939  -3296  -2756    440  -1430  -3397  -3344   -980  -6463  -3217   -556
 -2177  -2233  -4551  -5058  -2082  -2416  -6739  -5080  -1572  -1177  -4112  -4680  -2825  -3644  -2694  -2577
  -970  -1767  -3366  -5969  -6287  -7192  -8767  -4846  -2281  -1790  -2686  -4962  -3265  -1926  -3412  -5547
 -2601  -2907  -2342  -6255  -7677  -8253  -4038   -638  -3987  -4328  -1906  -3425  -4120  -3698  -4476  -6748
 -4518  -2004  -1133  -1943  -4633  -6064  -2779  -1769  -4424  -4923  -2734  -4381  -5794  -5204  -2777  -4591
 -3984  -1381  -1619   -780  -4039  -7617  -5490  -4753  -4979  -5217  -6650  -6622  -6464  -3529  -1007  -3113
 -2795  -1206   -720  -1080  -1782  -5210  -5192  -3809   -954  -4802  -7739  -4080  -4301  -3687  -2667  -2205
 -1395    163  -1587  -1908  -2487  -2911  -3790  -2386    238  -3426  -5188  -1371  -1799  -2819  -3195  -2873
 -1246   1261  -2524  -3935  -6826  -3814  -3369  -3608  -3696  -4860  -5324  -1885  -1057  -3681  -4485  -2437
 -2184   1172  -1391  -6150  -8065  -7032  -4583  -3485  -2934  -3378  -5015  -2272   1423  -3619  -4616  -3068
 -2781   1263   -803  -6081  -6096  -7247  -5273  -2407  -2555  -4023  -3640  -2678   -229  -5321  -6238  -5357
 -3023     55  -2137  -5526  -4339  -4271  -5571  -2447  -1472  -3800  -3604  -5888  -5964  -7743  -7717  -5576
 -3160  -1363  -2094  -4445  -3256  -3343  -3909  -3387  -1639  -3214  -3669  -7557  -8766  -7065  -7033  -4673
  -901   -535   -563  -1498   -166  -2379  -2237  -1559   -153   -354  -1896  -4309  -5187  -2724  -2301  -2170
