 -1152   -793   -239   -816  -1844  -1574  -2060  -1498  -2374  -3295  -1975  -2006  -3231  -3395  -1655   -605
 -2784  -3861  -2487  -2353  -3320  -3811  -4275  -4205  -4834  -5042  -3235  -2537  -3687  -3919  -1858  -2285
   111  -1728  -4007  -3888  -2942  -1929  -3107  -2788  -2060  -3288  -2302   -798  -1486  -2891  -1048  -3103
  -597  -1879  -3330  -4050  -3213  -2653  -2480    184   -264  -3504  -2052   -104  -2605  -5150  -4500  -4441
 -2297  -3412  -2504  -1362   -725  -2161  -4292  -5080  -6882  -8142  -3715     87  -1882  -5604  -8412  -7330
 -4891  -8081  -5247  -1730  -1093  -2923  -3155  -3085  -1823  -1685   -481  -2252  -6694  -8292  -9729  -8853
  -853  -5738  -5762  -4635   -733  -1490    364    307   1594    681    318  -3733  -7153  -6606  -7811  -7002
   245  -1874  -3201  -4995  -3848  -1442   -295   -446   1583   1861    331  -2326  -5388  -6362  -7162  -5631
  -123  -1906   -956  -3165  -3486  -2312   -752     12    635    177  -1588  -4447  -6904  -5380  -3971  -4269
  -821  -2497  -1098   -698  -2519  -5081  -3098  -2003  -1028  -1768  -2697  -3068  -6081  -4936  -2820  -3853
  -783  -4195  -5370  -3575  -2506  -4734  -5485  -4641  -2523   -696   -793  -2932  -7295  -6364  -3875  -3526
   -15  -1886  -4217  -5282  -5415  -4056  -4566  -3246  -1258     96   -222  -3670  -7994  -9342  -8318  -4088
    93   -454   1628   -925  -2421  -2378  -2156  -1953   -876    356    -15  -2943  -5689  -9061  -9235  -5244
   700    214   3644   1308   -233  -1458   -972    -40    967   1908   1401    905  -2539  -5219  -7021  -3750
 -1448  -3719   -832  -2769  -3525  -5688  -3912  -2638  -1262   -943  -1427  -2006  -5939 -12137 -13669  -9328
   471  -1367   -828  -1256  -1169  -2503  -2161   -675    492    380    203   -480  -1314  -4144  -5618  -4699
