 -2268  -2344  -1107  -1138  -1360    -62   -881  -1310  -1601  -2663  -1790  -1435   -822   -389   -576  -1080
  -770   -930   -829  -1618   -310     19  -5115  -4868  -3044  -1673    280    533   -304  -2782  -3024  -3227
  -281  -2025  -1950  -2134  -1738  -3070  -7573  -4930    398   3392   -214  -1389  -2446  -5202  -6070  -4409
 -3447  -4268  -4499  -5519  -3287  -1476  -5062  -2758   2604   3370  -1916  -1482  -2555  -6198  -5146  -1777
 -5524  -5400  -6520  -8989  -4388  -2559  -3890  -1356   -347   -794  -4165  -3355  -8274  -8056  -3832  -1221
 -6619  -6327  -6989  -8426  -4302  -1770   -798  -1503      2   -891  -4306  -7210 -11328  -6280   -649   -251
 -5189  -4065  -6269  -7967  -4844  -3435  -2699  -1962   -337  -1992  -5377  -7204  -8894  -1670   2149   -600
 -3204  -3149  -5471  -8950  -5323  -3922  -3467     21  -1043  -3292  -3239  -3744  -5356  -1767  -1085   -274
 -2418  -2094  -3257  -8280  -7328  -4047  -3550   -914  -1629  -2936   -788  -1681  -4146  -2541  -2338   -430
 -2270  -2287  -3003  -6895  -8371  -6970  -6222  -7233  -5244  -1989    230  -2021  -6075  -2507    591    469
 -1764   -817  -1340  -3349  -4631  -6885  -7742  -5535   -910    123   -159  -1673  -4941  -3264   -699  -1431
 -1513  -1541  -2823  -4443  -5069  -7255  -4962  -3290   -830  -1129   -819  -1428  -2848  -1946  -1398  -2090
 -1897  -2558  -5182  -9234  -7538  -5128  -2744  -2063   -795  -1042   -169  -1557     57    275  -4151  -3027
 -2369  -3871  -3905  -8087  -8251  -5200  -2022  -1293  -2042  -3123  -1995  -2749   -688  -1070  -6825  -3607
 -3307  -5074  -3853  -5456  -5592  -5304  -4818  -1922  -2689  -4811  -2962  -2934  -3072  -4316  -6948  -3638
 -2791  -3441  -2358  -2646  -4022  -2898  -2253  -1064   -992  -3063  -3169  -2516  -2350  -3737  -2827   -379
