 -1929  -1662  -1931  -2352  -2955  -2059   -475   -274  -1883  -1973  -2942  -4531  -4946  -5232  -1425   -144
 -2563  -2761  -4195  -4998  -5713  -4586  -3566  -2799  -3260  -3384  -4509  -5758  -6442  -7024  -2593   -226
 -2862  -2910  -4683  -7109  -7644  -6214  -3174  -3709  -7172  -7339  -4881  -3326  -3796  -5582  -3409   -978
 -2985  -4651  -5104  -4284  -6322  -8015  -6816  -6843 -10218  -9746  -6166  -3384  -3245  -2733  -3556  -1703
 -3081  -5224  -6545  -4259  -6307  -9317  -9368 -10319 -12511 -12968  -8674  -4789  -3360  -2286  -4067  -4008
 -2490  -5575  -6933  -4002  -5193  -7483  -6800  -8344 -11399  -8774  -4857  -4369  -4482  -4622  -3811  -4637
 -1145   -779  -2232  -3086  -4097  -4381  -4159  -7982 -10327  -4940  -1501  -2066  -7353  -7044  -4548  -2538
 -1559    312   -613  -2796  -6887  -5589  -5181  -9877 -10903  -4479  -1590  -2374  -7047  -5163  -2912  -1677
  -676    754   -417  -2134  -5070  -5721  -5005  -6945  -5231  -3388   -774  -1203  -4572  -4271  -3236  -2200
  -929   -362  -2188  -3793  -3106  -2878  -4269  -4297  -1443  -1294  -1059    415  -1229  -5576  -4987  -2508
  -406   -889  -5603  -9306  -6497   -506  -2435  -3204  -2078  -1513  -1975    795  -1200  -7207  -8936  -4413
  -702   -841  -4462  -8698  -7913  -1420   -166  -1690  -1933  -1655  -1113    754  -1047  -7181  -9344  -5471
  -327     84  -1877  -4014  -6038  -4567  -1820  -2239  -1906  -1907   -292    952   -606  -6135  -8479  -5763
  -899   -534  -2088  -2507  -2306  -2396   -936  -1122  -1508   -992    820   1698    430  -3182  -3624  -1062
 -1740  -1905  -3215  -1539  -2869  -4038  -3926  -3147  -2528  -1802  -2151  -2263  -3343  -3880  -5033  -1237
  -831   -163   -301   -184    165   -450   -246    -19    124   -348   -269   -584     56   1868   -315    -88
