  -256  -1300  -1418  -1806  -1826  -1739  -2599  -1425  -2398  -2270  -2057  -1310  -1923  -2130  -1795  -1574
  -780  -2953  -3289  -3237  -2218  -3182  -4590  -3829  -4301  -3491  -1096    178  -1590  -2684  -2199  -2066
   401  -1234  -2451  -2623   -898  -3242  -4181  -3350  -2211  -3138   -756    381  -2329  -3259  -4032  -3744
   178  -2367  -3203    188   1866   1401  -1484  -3860  -2369  -4471  -2636   -919  -3063  -3817  -4039  -4478
 -2491  -6576  -9754  -2571    349  -1291  -3447  -4751  -4336  -4782  -6812  -5362  -5349  -4403  -6316  -4800
 -3339  -6742 -10007  -5607  -2521   -861    875   -751   -764   -645  -4014  -5141  -6476  -3644  -6614  -3332
  -778  -4077  -6731  -4902  -2171  -1107   -500   -902  -2364  -3057  -2870  -2885  -4052   -479  -3638  -1905
  -241  -3286  -4549  -4656  -3516  -2394  -1245  -1600  -3700  -5503  -4417  -2907   -643    978  -2568  -1888
  -328  -3034  -3302  -2613  -1532  -3040  -3241  -1201  -3395  -5034  -4618  -3652   -799   -440  -1908  -1752
    10  -2417  -2633  -3685  -1748  -3897  -6652  -6496  -5332  -2936  -4288  -3651  -1168    631   -684  -1439
  -649  -3569  -2464  -3281  -3506  -5509  -6698  -4573  -2705  -1155  -3963  -4221  -3223  -1178  -1876  -2164
  -358  -2960  -2077  -2136  -4970  -4808  -1914   -659   -449  -1713  -3800  -5275  -4770  -2232  -3020  -3019
  -725  -4063  -2176     55  -1452  -3152   -158    -52   -543   -563  -1508  -2041   -460  -2339  -4432  -2992
 -1334  -6214  -5457  -5015  -1119  -1391    -92   -879   -686   -196   -949   -628  -1077  -3790  -4696  -1087
 -1414  -6487  -7309  -7356  -2161  -2971  -3681  -4078  -3178  -2513  -2307  -3653  -4268  -4386  -5823  -2468
  -296  -2398  -1911  -3079  -1473  -1208  -2185  -1056  -1715  -1983  -1826  -3010  -2527    663    643   -788
