  -516   -622   -714  -1997  -1577  -1413  -3266  -2414  -1259    592      0   -884  -2347  -2669  -2578  -1661
 -1051   -714    473  -1826  -4152  -4164  -5101  -2514  -2473  -1100  -2630  -4830  -4701   -872  -1764  -1637
 -2742  -3573  -1248  -1404  -2128  -3349  -4210  -2217  -2237  -2425  -2566  -2204  -2042    267   -834  -1368
 -1831  -3428  -2551  -2264   -649  -2108  -1441    562    -92  -2985  -3624  -1380   -557   1626   -736  -2628
 -1213  -2809  -2397    205    669  -3713  -7716  -9412  -8993  -7862  -4077   -496   1396   2802    450  -2149
 -5358  -5299  -4050    389    393  -3865  -5995  -5839  -6956  -7451  -3660  -1546    783   -564  -2491  -3900
 -7836  -5846  -5450  -1696   -440  -3467  -3582  -5171  -7348  -6895  -3560  -2333   -360   1181  -2266  -3045
 -6268  -4335  -4066  -2355  -1048   -436   -150  -2342  -3175  -3120  -1897  -4564  -4757  -4074  -4664  -5157
 -3711  -2626  -4319  -3970  -1290     87    273   -541   -944   -329   -646  -3716  -2888   -344  -2174  -3560
 -3246   -968  -2165  -1857    178    838   -633   -884     70  -1515  -1030  -2233  -2532   -650  -2812  -3225
 -3539  -1952  -2356  -3578  -1767  -1597  -2490  -1418  -1075  -1844    687   1228  -2554  -1726  -3177  -2349
 -3250  -2911  -3527  -3685  -2623  -2514  -2284  -3455  -3578  -3859   -189   2108  -2954  -5147  -4655  -1920
 -3281  -2061  -3812  -1853  -1019   -651    190   -899  -1290  -1668     44   1143  -1765  -6591  -5237  -2152
 -3415  -1900  -2238  -1385   -579    377    446   -886   -776    153    224   -312  -1785  -7116  -5983  -3211
 -3730  -3076  -1567  -2028   -355  -1234   -165  -1060  -1615    -84    149   -921   -742  -5913  -5224  -2468
 -2923  -3369  -2600  -2676  -1489  -1486  -1319  -1145  -1444   -828     10  -1367  -1164  -5213  -3652  -1627
