 -1547  -2323  -1534  -1267    226   -263   -551  -1624  -1500  -2057  -3554  -5619  -5686  -4822  -3492  -2342
  -614  -1229   -828     11    279   -812  -1874  -4038  -5122  -3104  -3335  -5041  -4810  -3728  -3903  -3497
  -206  -2294  -2811    197   1389    265  -1189  -2099  -4632  -1132  -1419  -3981  -2611   -933  -3865  -4298
 -1260  -1940   -977  -2041  -1998  -1129   -242    822  -2480    229    186  -1319   -501    142  -4639  -3483
 -1485  -1441   1527  -1808  -1875   1242   1001  -2912  -6077  -3327  -2952  -2030     33   -326  -5122  -3661
 -4307  -7225  -1996  -3630  -2138   1180    271  -3066  -4031  -2666  -2366  -1614  -1240  -2535  -6599  -4357
 -4219  -8779  -5841  -5298  -5117  -1614  -1176   -743   -695   -742  -1321  -1418  -2557  -4766  -7096  -1598
 -2761  -5825  -4302  -4522  -5189  -3231   -481      6   -262  -1344  -2263  -1424  -1913  -3920  -5912   -733
 -2472  -4929  -2824  -2464  -3805  -4257  -2819    908    362  -1588  -1841   -739  -2416  -3101  -4986  -3071
 -3016  -5022  -2972  -2703  -1453  -1696   -156   1123    716   -492  -1441  -1047  -1032   -968  -1330  -1612
 -2374  -3946  -3066  -3005  -1622   -575    749  -2322   -926   -517   -945    645   -422  -4956  -4887  -2526
 -2378  -4259  -3710  -3411  -2474  -1443   -263  -2147  -1313    -92  -1164    178  -1847  -6808  -8631  -4678
 -1551  -3290    822    610      4  -2012  -2519   -559   -122    611  -2241  -1294  -3107  -6114  -8849  -5098
 -1370  -2912   2248   2566    714   -608  -1820   -781   -225   -640  -2330  -2305  -3751  -3476  -6435  -3608
 -2302  -5015  -1795   -209  -1685  -2593  -2681  -1940   -738   -862  -1213  -2545  -4758  -4067  -7628  -4668
 -2148  -4408  -2330  -1300  -1051  -1462  -1212  -1531  -1087  -1073  -1308  -2124  -2319   -818  -4475  -2540
