  -839   -408  -1530  -1813    361   -588  -1281  -2433  -2935  -1760  -1012  -3072  -2568    -50   -959  -2901
  -992    288    138   -630    262    732   -449  -1755  -3053  -1383    918  -1969  -1504    521  -1164  -3046
 -2334  -2571   -885   -954  -3154  -1283   -243  -4034  -5869  -1942   1481  -2944  -2962   -715  -3343  -2971
 -4095  -4410  -3197  -1399  -3793  -3690   -200  -2094  -3835  -1983    217   -726  -2265  -2980  -4511  -2317
 -2925  -3452  -3251  -1017  -3840  -4784   -327   -224   -745  -1075  -1194     80  -3365  -7484  -6002   -601
  -331  -3870  -4067   -689  -1352  -1032    829  -1913   -402  -1002  -2908  -2643  -3950  -7035  -3922    378
   473  -3708  -4481   -994   -941   -524  -3341  -4585  -1973  -1909  -3509  -3722  -3013  -3789  -2401  -1802
   -41  -4101  -5002  -1829  -2076   -525  -2409  -3969  -2733   -631   -415  -2492  -2334  -2636  -3132  -2458
  -372  -3894  -4592  -4510  -3367   -940     -9  -2109  -3220   -331    701  -3993  -3736  -3249  -2531  -3347
 -1085  -4798  -4548  -3320  -2875  -2159  -1301  -2920  -4463   -903   -193  -6138  -6331  -1630   -799  -2024
 -1771  -5304  -4990  -2422   -753   -210  -1997  -1539  -1201    -92    -70  -7678 -10510  -4052   -276   -794
 -1746  -5715  -6753  -3429    195    959   -811   -998  -1344   -351   -554  -8429 -12755  -5228  -1080  -1618
 -1738  -6039  -6950  -4070  -2781   -640  -1879  -2437  -1760    384  -1371  -7059 -12017  -7699  -1388   -989
 -1790  -5511  -6971  -4059  -4889  -3934  -2237  -2848  -2263  -1201  -2082  -5263 -10932 -10107  -3736   -983
  -986  -3282  -4672  -1788  -2545  -3885  -2579  -1991  -1577  -1558  -2030  -3240  -7014  -7925  -2942   -450
  -176   -907  -1847  -1066  -1765  -1191   -394  -1375  -1142  -1069  -1435  -1178  -2861  -3231   -610  -1147
