 -2046  -3060  -2920  -2283  -1881  -3251  -3352  -3416  -3430  -2152  -3269  -5865  -7018  -6200  -4821  -2375
 -3088  -3925  -1924   -774  -1083  -3291  -2237  -2546  -2211  -2976  -2452  -3336  -6255  -7311  -4634  -2129
 -2219  -3257  -2069    312  -2415  -1215  -1080  -2633  -3839  -2497  -1791   -708  -2183  -4533  -3038  -3777
 -2469  -3137  -3179    662    850    909  -4202  -3868  -6407  -4549  -4729  -2045  -1345  -2903  -2260  -5816
 -4024  -4861  -5558  -1018    941   -890  -1407    665  -5185  -9279  -9771  -4371   -471  -3086  -5631  -6653
 -6334  -9746  -8233  -5503  -3621  -3069  -2655  -2140  -5704 -10049 -10397  -6628  -3708  -8057 -10456  -7050
 -4185  -8844  -7458  -4882  -3609   -353    -89   -162  -2684  -6256  -6598  -6634  -9267 -10431  -9912  -6410
 -2306  -2996  -3285  -2335   -652    633  -1045  -3019  -5105  -6113  -7902  -9260  -4997  -2018  -4025  -4484
 -2243  -1677  -1322  -1513   -615  -1329  -3206  -2280  -4535  -5176  -8152  -8694  -3501  -1954  -3970  -4020
 -2450  -2373  -1250  -1755   -906  -1201   -540    297  -1059  -2579  -5187  -8003  -4670  -3905  -4531  -3402
 -2603  -4451  -3104   -997  -2503  -2449  -3287  -2499  -4227  -4462  -3550  -4710  -5298  -4212  -5639  -4131
 -1720  -4694  -4647  -2236  -2431  -3884  -3993  -3958  -4193  -3322  -1913  -3067  -5647  -4715  -5803  -4397
  -642  -2447  -2901  -4912  -3793  -4268  -1316  -2048  -2027  -1518  -1504  -4523  -6888  -8629  -8044  -4698
  -564   -776  -1602  -4409  -4705  -4471  -2127  -2414  -2066   -811    -12  -3116  -6517  -8837  -8917  -5197
 -1364  -3402  -4368  -5242  -4241  -3404  -3547  -2500  -1667   -741     18  -1215  -7239  -9605  -9875  -6123
 -1581  -3761  -4822  -3673  -4914  -4872  -4312  -2403  -1292  -1423  -2563  -2714  -6831  -8351  -8475  -5018
