 -1492  -1777  -2166  -2208  -1485   -434  -2009  -2614  -2153  -1264  -2188  -2266  -3018  -2715  -2375  -1288
 -2927  -4853  -5064  -3563  -1351   -105  -1435  -3141  -2514  -2956  -4845  -3942  -3508  -2066  -3541  -3461
 -1120  -5506  -7002  -5877  -2337  -1742  -4996  -8528  -5703  -5367  -5995  -4831  -2467   1013   -598  -3243
 -2174  -5772  -8669  -6828  -3335  -3926  -7243  -6841  -4383  -6195  -5628  -4462  -1114     45   -118  -4346
 -2031  -5034  -7052  -4200  -2759  -4761  -7897  -7175  -6783  -6049  -2694   -663    -38  -1256  -2227  -3610
 -2058  -4368  -3589  -1154   -870  -2845  -6580  -6350  -6597  -3784   -749   -173  -3127  -5521  -3439  -2052
 -1354  -2852  -2999  -2746  -3107  -3062  -4369  -3860  -4569  -4123  -2550  -3759  -7355  -7125  -3330  -1071
  -673  -1387  -4465  -5484  -6096  -2892  -2505  -2180  -1727   -953  -1056  -3421  -5327  -5105  -2001   -403
  -916  -2098  -5449  -6725  -4974   -375   -911   -595    640   1335    239  -3023  -5359  -6977  -4052  -1822
 -1463  -3771  -6100  -7581  -4156   -837  -1157  -1863  -1055   -130   -852   -702  -2060  -3558  -2009   -694
 -2229  -6877 -10052 -10533  -6276   -447   1480   1429    641  -1815  -1869  -1438  -4330  -5966  -5470  -2619
 -1201  -5580 -10417 -11759  -7487  -1120    664    421  -2094  -2714  -1597  -2207  -4457  -4860  -5439  -2630
 -1489  -2712  -4509  -3806  -1745    221  -1200  -1509  -3790  -3212  -2237  -2075  -3469  -5287  -5184  -1913
   611    827     11   -527   1814   1777   1416    149  -1167   -354    377   1472   1681    393   1750   1675
   101    -36    498   1330   1838    330   -123   -171   -167   -506   -174    991   1813   1380   3094   1866
  -806   -196   -190    465    838    215     70    -56   -225   -943   -611    230   2381   2889   3133    688
