 -1320  -2003  -2466  -1395  -2075  -2865  -3346  -1916  -2218  -2575  -2372   -656   -616  -2138  -3730  -2238
 -1258  -1950  -2384  -2317  -4305  -6636  -8177  -4990  -3704  -3978  -1916    728   -182  -3126  -5063  -3869
 -2171  -1854  -2157  -2966  -5269  -6824  -7727  -1524   -251  -2069  -2747    188   -579  -3524  -5044  -3940
 -1565  -2053    257  -2144  -3529  -3547  -1407   2088   1127    183  -1298  -1164  -2341  -4566  -3313    467
   -85  -1313    388  -2153  -1812    196   1898   1452    772    316  -1882  -3116  -3235  -5848  -3537   -348
 -2212  -1070   -801    196  -2987  -1300  -1214   -566    136   -150  -1593  -1924  -3212  -4597  -2666  -2607
 -2955  -2297  -1959     99  -2733  -3482  -3874  -1926  -2506  -3895  -2822   -710  -1249  -2989  -2447  -2619
 -3746  -2843  -1563   -820    917  -1808   -972  -1462  -1502  -1959   -266    619   -174  -2435  -2758  -2919
 -3112  -2360   -337    374    137   -516  -3095  -3683  -2800  -3112   -426  -1104  -1741  -1914  -2807  -3214
 -2479  -1009   1357    590  -3066  -4307  -5782  -5702  -4450  -1143   1249   -768  -2067    293  -1221  -2095
 -1770    868   4572   4192  -1153  -7573  -7082  -6846  -5330  -1049    349   -991  -2374    408   -620  -2229
 -1902   -336   3001   2938  -1456  -8270  -7839  -5108  -3179   -677  -1186  -2368  -2986   -658   -567  -1679
 -2299  -3945  -2298  -1456  -4337  -6617  -8338  -2960  -1314  -2919  -3351  -4074  -4500  -3585  -2582  -2105
 -2371  -3445  -2643  -3240  -5027  -5285  -6095  -2218    -80  -2237  -3899  -3724  -3730  -4522  -5647  -4108
 -3505  -4455  -2718  -1720  -2921  -3657  -3408  -1702     76  -1059  -2005  -1010  -2890  -5567  -7507  -5466
 -3050  -4167  -1909  -2059  -2254  -3667  -2877  -2044  -1230  -2130  -2209  -2337  -4579  -5165  -6208  -2383
