 -1628  -2477  -1964  -2305  -2174  -2500  -1839  -2916  -2874  -2553  -2544  -2768  -3997  -3861  -2705  -1053
 -2645  -4289  -3635  -3145  -3730  -5418  -6310  -9428  -9301  -5873  -4629  -5609  -8069  -8265  -5564  -4182
 -2164  -2464  -2696    489    666  -2783  -5495  -6555  -7272  -4376  -2914  -2315  -4308  -4768  -3790  -4486
 -4128  -3006  -2076   -356    -92  -2437  -3732  -4547  -5904  -3824  -3296  -2641   -713   -973  -3723  -4124
 -5413  -5740  -3176  -1910  -1075    -83  -2420  -3371  -5701  -3962  -2025  -2173   -861  -3480  -7866  -5541
 -3588  -3823    423    262   -628   -323  -3473  -4185  -5696  -3823  -2574   -814  -1428  -3994  -9590  -5721
 -1877  -3061   -670     92   1809   1079   -179  -4660  -6517  -5284  -4765  -2270  -1012  -2308  -8774  -5300
 -1715  -3787  -3610  -1421    658    553   -682  -2266  -2735  -3076  -4160  -2245  -1244  -2114  -7324  -2833
 -1483  -2755  -2156  -1686  -1666    424  -2300  -1696   -414   -587  -2984  -3308  -1576  -2241  -5152  -1301
 -1376  -2218    676  -1886  -2187   -348    875   -216   -698  -1056  -1648  -2008  -2180  -2907  -3681   -774
 -1764  -2608    895    708     12     89   2432    847   -385  -1453  -1346  -1178     91  -1063  -2366  -1446
 -1313  -2301  -1911   -994   -848    894   1562    206   -198    247    -86    450    -85  -2967  -5466  -3276
 -1995  -2523  -3215  -6105  -3776   -363    522   -636  -1182   -414    319    934  -2663  -6728 -10100  -4593
 -1926  -3641  -1539  -3769  -3310  -1517   -688   -969  -1252  -1214  -1281  -1137  -5270  -7264 -11651  -5446
 -1591  -3297  -2015  -2722  -3850  -3419  -2905  -2303   -976  -2880  -3385  -3612  -6825  -8014 -10654  -5943
 -1234  -2213  -1771  -1871  -2303  -2429  -2599  -2666  -1502  -1887  -2877  -3020  -4151  -3597  -4001  -2585
