  -830   -981  -1532  -1883  -1101  -1837   -940     -1    930  -1195  -1679  -1806  -3448  -3652  -2626   -149
 -1991  -5049  -4442  -4342  -4941  -6434  -2952  -1204  -1657  -3492  -3711  -4310  -6662  -7002  -6668  -2199
  -651  -2982  -3392  -2143  -3338  -5353  -2938  -5007  -8415  -9063  -6125  -2777  -2349  -3599  -4778  -1232
 -1502  -3148  -7101  -4224  -2370  -7296  -8367  -9886 -10266 -12336 -10069  -2740    185  -1383  -4287  -3109
 -1053  -4664 -10454  -8200  -3845  -5737  -6278  -5945  -7906 -15055 -11538  -2770   1769  -1574  -7517  -5858
 -1754  -6200  -9093  -5787  -3562   -697  -1344  -6082  -9333 -13458 -10914  -3260    253  -5154  -8301  -5214
  -509  -2521  -6750  -5475  -2230     77   -737  -6765 -10991 -12766  -9520  -4318  -3851  -6647  -5269  -4397
   -84   -963  -3899  -5293  -1753   -206   -626  -4446 -10047 -11683  -8177  -5204  -1529  -2175  -4154  -3765
  -630   -398  -1459  -4183  -4223  -1261   1324   -964  -8204  -8210  -6099  -4036   -922  -1995  -3796  -3279
  -914  -1051  -1896  -1370  -5148  -4071   -779  -3320  -5874  -5029  -3746  -3093   -103   -105  -3820  -3966
  -659  -1837  -4863  -2687  -4701  -5261  -3496  -4692  -4168  -5221  -2936    676     29  -1557  -3412  -2579
    -2  -1784  -6818  -8054  -6432  -4530  -4230  -3667  -2223  -2248    516   2798  -1554  -5042  -6432  -2888
  -514  -1848  -5985  -7891  -9377  -7131  -5660  -2480  -1304  -1175    552   2167   -188  -6306  -9421  -4094
  -935  -1071  -3945  -6301  -8926  -8733  -5604  -2110  -1742  -2592   -824    895   -956  -5166  -6948  -3669
  -537   -838  -1453  -2416  -2489  -5670  -3296  -1418  -2075  -2588  -1233    666  -1600  -3605  -4269  -3095
  -345   -268   -658  -1272  -1071  -1229   -777  -1388  -1864  -1986  -1244    251     58  -1437  -2031  -1709
