 -1809  -4120  -4057  -3140  -2819  -4056  -4503  -4595  -5070  -3826  -3346  -4232  -5527  -6391  -6767  -4322
 -3070  -6020  -6383  -6879  -7671  -9705 -10984 -11810 -10106  -6998  -8646  -9534  -9470  -8259 -10870  -9330
 -3743  -8712  -9474 -11833 -11083 -10837  -8264  -5965  -3927  -7897 -10992 -12457 -10849  -7195  -8315  -8178
 -2640  -9589 -11320 -17429 -17239 -11758  -5692  -5792  -5221  -8776 -11818 -15623 -13440 -11353  -6215  -3402
    19  -3626  -8183 -12179 -11482  -4665  -2771  -5869  -7569  -8293  -9287 -11422 -11637  -9910    274   -951
  -572  -1292  -3204  -3601  -4215  -4765  -8251  -9286 -10919 -12560 -11154  -7979  -4484  -1550   2392   -704
   471  -1908  -4049  -3203  -4144  -9226 -12590 -10137 -11158 -14059 -10617  -4225   -315  -1447  -1425  -3242
  -449  -3909  -6973  -4817  -5202  -9140 -10180  -7378  -4879  -6141  -8465  -5039  -2790  -5037  -4109  -4595
  -600  -4320  -9363 -11068 -10649  -6720  -7644  -9073  -5797  -3912  -6735  -5615  -6496  -9107  -7855  -4946
 -1020  -4533  -7589 -12640 -11269  -7383  -4061  -3308  -1037     60  -4020  -8339  -9343  -7109  -5637  -3240
    86  -4947 -10260 -15305 -12221  -7082  -2859     11   -522  -1230  -6772 -11651 -12018  -9762  -6873  -3793
   286  -7235 -16447 -18136 -14571  -6144  -3611   -971  -1744  -3137  -8588 -11881 -14396 -13272  -6376  -2456
  1213  -2649 -12980 -14730 -10699  -2819  -2678  -2628  -4321  -6868 -10712 -13676 -16755 -14548  -6171  -3914
  1919   2812  -1272  -4789  -4043  -2385    211   -509  -1710  -3198  -5717  -7475  -8917  -6701  -3009  -3781
    63   2147   3441   2146   -309  -1204   1008    698   -144    624  -1222  -3186  -4485  -5681  -3019  -3714
   698   1351   2650   3301   2997   2672   2583   1427   1453   2105   2022    -96   -246   -313    199   -824
