   888   1182    770    740     85     96    676    330    -75    325   -107     60   -351  -1236   -114    301
  -859  -1434  -3028  -3205  -3622  -3659  -2815  -3170  -4421  -2739  -2418  -3058  -4175  -4687  -3521  -2190
  -996  -1229  -2573  -1371  -1268  -1551    476  -2372  -6017  -3599   -442   -808  -1928  -2688  -1687  -1119
   128   -327   -889  -1312   -552   -719   1077  -2816  -6067  -2682    323   -381  -2732  -3361   -737   -928
 -2486  -3739  -3266  -2984  -1694  -3007    193  -2783  -5332  -3617  -1121  -1627  -3521  -3271  -2308  -2019
 -3955  -5269  -3166  -3084  -4170  -3660  -1398  -1021  -2650  -2119  -1691  -1583  -3051  -5004  -5283  -1281
 -4152  -5176  -3318  -1056  -2462  -1523    303    230  -1422  -1080  -1312  -1410  -3193  -3625  -5301    492
 -4579  -5023  -3310  -2672  -2062  -1250   -444   -590  -1670   -855   -326  -1179   -408  -1383  -3519   -754
 -3872  -2939   -733  -2472  -2364  -3904  -2114  -2399  -2084  -1077  -1455   -672   1303    132  -2694   -826
 -2886  -3168  -1246  -2598  -5336  -6588  -2937  -2001  -3838  -2443  -2174  -2638   -156  -1264  -3439  -1420
 -2815  -4222  -3811  -3394  -6352  -8015  -4972  -3610  -3859  -2119  -3371  -2585  -1742  -1624  -3580  -1150
 -3352  -3593  -3128  -3250  -3765  -4929  -3909  -4872  -4388  -3368  -3603  -3290  -2781   -815  -2182   -663
 -3483  -2814  -1807  -4496  -4392  -4030  -4843  -4770  -2957  -2996  -3282  -3361  -4130  -1029  -2078   -361
 -3572  -3931  -2217  -4581  -4885  -3073  -4154  -3186  -1024  -2354  -2836  -2752  -6959  -3887  -4395  -1252
 -2886  -4085  -2488  -3344  -3291  -3859  -2752  -1886    131  -1519  -2301  -2374  -5939  -2639  -1918   -112
 -2757  -3241  -2217  -3597  -2883  -3533  -3088  -2703  -1366  -1265  -2251  -2465  -4425  -4505  -3670  -1143
