 -2606  -3952  -3889  -3753  -3006  -2681  -1979  -1707  -2845  -4472  -4596  -4443  -6028  -4982  -2332   -619
 -2899  -4993  -4447  -4790  -4297  -4760  -5654  -7509  -8114  -7676  -5639  -5421  -7205  -5102  -3093  -2333
 -1991  -4341  -2870   -583  -2161  -5540  -7812  -8454  -8149  -6814  -4004  -3448  -3930  -1778  -2247  -4257
 -2726  -6387  -4667   1529   -825  -6074  -7517  -4612  -5563  -5111  -1296  -1353   1072    649  -2871  -4834
 -1524  -5186  -4171    816   -400  -4711  -6330  -4151  -6779  -4362    620     62   1048  -1858  -5294  -3748
  -762  -2114   -566   2015   -863  -1853  -4179  -6530  -7998  -4877  -1004   1048   1081  -1290  -4587   -931
   239  -1155    -56   1787    950    564  -3654  -8635  -6116  -3152   -604   1031   2471    845  -3594   -753
  -421  -2942  -1376    775   2189   2228  -2876  -6957  -3513  -2132  -1892   -950   1028    659  -3994  -1633
  -247  -3130  -2137  -2313    245   2369  -2486  -2552  -1762  -1887  -1926  -1375    910  -1833  -5692  -2222
   186  -3503  -2048  -1818     12   1166    -10     17  -1300  -1285  -1287   -436    542  -1672  -3323    142
   839  -2926  -2661   1083   2497    707   2048   2166    131   -632   -836    733    284  -2881  -2253    173
   675  -3591  -5127  -3222   -868   -348   -331   -618  -1658  -1577   -473   1575  -1787  -5555  -3834   -870
    14  -4236  -4001  -3857  -3555  -1771  -1818  -2638  -3151   -817   -430    686  -3178  -4591  -4948   -968
   -25  -2626  -1386  -2559  -2957  -2503  -1720  -3604  -3590  -2336  -2493  -1146  -3042  -3812  -6747  -3412
  -849  -2963  -1026    492  -1291  -2031  -3267  -3854  -3111  -2831  -3394  -2413  -3547  -3656  -6861  -5453
   291  -1373    365    101   -944  -1148   -642   -879  -1161  -1590  -1549  -1860  -3101  -2017  -3470  -1429
