 -1797  -3946  -3616  -2622  -2191  -2050  -2499  -2836   -478  -1433  -2449  -1605  -2158  -5864  -4708  -1906
 -2096  -4981  -5584  -3512  -4705  -6794  -7731  -8621  -5851  -4563  -5867  -5088  -6520 -11470  -8591  -5286
   513    518  -2195  -1529   -896  -3916  -5899  -5391  -2760  -2658  -4080  -2451  -4363  -8779  -7769  -6139
 -1615  -3361  -6647  -5247   -691  -3876  -9184  -8199  -2917  -3261  -4844  -3122  -6011  -7322 -10493  -8728
 -3525  -7754  -9991  -7241  -2400  -6880  -9327  -4653  -1223  -3196  -3993  -4647  -6781  -6544 -11520  -9231
 -2708  -3900  -4780  -5019  -2342  -5680  -4024    146   -565  -3023  -1639  -2117  -4824  -4977  -7454  -5573
 -2793    228     30  -3477  -1952  -2563  -1564     83  -3044  -3314   -992  -1820  -6244  -4310  -2979  -2870
 -2901   -203   1458  -2003  -3277  -2075  -1342  -2032  -2389   -770  -2856  -4844  -5716  -1344   -824  -1337
 -1414    323   1168   -574  -4047  -2103  -3687  -4426  -1535  -1128  -4234  -3559  -4610  -3700  -3128  -2768
 -1521   -410   -868  -2544  -4221  -3280  -2756  -2431   1051   -389  -3310  -1547  -3045  -4192  -4152  -3835
 -1100   -124  -1636  -4311  -4398  -2961  -2101  -1168   1209   -647  -2971  -1077    876  -2900  -4509  -2861
   -76   2201  -2016  -6560  -5675  -3784  -2687   -426    -58  -1122  -3093  -2446  -1256  -4594  -6322  -2584
   -57    919  -2093  -8088  -5927  -5676  -3473   -808   -774  -1584  -2514  -2837  -2730  -5849  -9240  -3297
   332     37    486  -5036  -2429  -3283  -2756  -1112  -1388  -1864  -3339  -3586  -4564  -6342  -7060  -2645
  -412  -1591   1101  -1297   -788  -3403  -2870  -2689  -1401  -1007  -1813  -2858  -3904  -5215  -7471  -3541
 -2292  -2791   -787   -860  -1966  -3839  -3070  -1743  -1337  -2327  -2725  -3298  -4859  -4908  -5641  -2472
