  -747  -1052  -1128  -1241  -1400  -1179  -1491  -1521  -1438  -1469  -1427  -1500  -1735  -1722  -1798  -1212
 -1199  -1722  -1809  -1778  -1693  -1770  -2509  -3056  -2976  -2355  -1996  -2096  -2280  -2274  -2282  -2070
 -1285  -2204  -2985  -2840  -2079  -2517  -2810  -3471  -2566  -1855  -1817  -1950  -1730  -1615  -2155  -2128
 -1959  -3211  -3216  -2947  -2833  -2946  -3442  -3184  -2312  -1645  -1267  -1688  -1638  -2156  -3012  -2463
 -2262  -3150  -3064  -2579  -2881  -1973  -1744  -1924  -2668  -1733  -1506  -1577  -2328  -2917  -3186  -2608
 -2184  -3133  -3015  -2394  -2717  -2204  -1960  -2637  -2705  -1939  -1885  -2512  -3435  -3069  -2941  -2444
 -1755  -3052  -3087  -2616  -2574  -2653  -2155  -2260  -1819  -1806  -2540  -3098  -3535  -2827  -2526  -2108
 -1513  -2622  -2577  -2693  -2748  -2348  -2336  -2157  -1326  -1218  -2242  -2677  -2339  -2272  -2236  -1587
 -1247  -2127  -2491  -2747  -3012  -2453  -2879  -1753  -1694  -1661  -1892  -2525  -2471  -2261  -2087  -1345
 -1026  -1778  -2045  -2942  -3222  -3085  -2220  -2269  -1969  -1270  -1662  -2557  -2339  -1833  -2022  -1177
 -1145  -2203  -2852  -3868  -3367  -3164  -2985  -2541  -1974  -1770  -1387  -1723  -2324  -2387  -2067  -1261
 -1092  -2521  -4032  -4174  -4063  -3098  -3124  -2085  -1418  -1428  -1518  -1929  -2506  -3015  -2894  -1839
 -1268  -2292  -3764  -4111  -3593  -3083  -2477  -1858  -1424  -1569  -1891  -1944  -2616  -3846  -3696  -2238
 -1241  -1704  -2381  -2894  -2457  -2735  -2059  -1510  -1409  -1429  -1739  -1910  -2621  -3869  -3776  -2348
 -1136  -1595  -1759  -2191  -1964  -1984  -1520  -1378  -1242  -1455  -1656  -2220  -2573  -3326  -3098  -1853
  -739   -964  -1086  -1038  -1107  -1015  -1160  -1011   -723   -709   -964  -1484  -1364  -1689  -1504  -1112
