 -1883  -2402  -2068  -1379  -1288  -1956  -1707   -782  -1693  -2350  -2697  -2782  -4230  -4246  -2107   -519
 -4278  -5275  -4402  -4062  -4686  -6048  -4161  -3582  -3679  -5615  -5286  -5160  -8320 -10541  -5843  -1808
 -4201  -4068  -3523  -2529  -4474  -5339  -4058  -3946  -2674  -1867     76   -581  -4341  -7702  -4753  -3178
 -4004  -4803  -3068    448  -1142  -4904  -7072  -5561  -4367  -2686    418   -340     91  -3543  -3338  -5575
 -5665  -6741  -5966  -2247  -1904  -4285  -5094  -1061  -3328  -3640  -2366  -3210     43  -3409  -6669  -7150
 -2759  -2958  -5194  -4167  -2883  -1464  -1484    -44  -3686  -2536  -1570  -1670  -3074  -5788  -6955  -5382
 -2303   -594  -2262  -1128  -2240  -1796  -2345  -4495  -5152  -1994    822  -1500  -2664  -2822  -4343  -4926
 -2228  -1275   -912   -416   -238   -336  -2305  -4153  -3892  -3331    204    206  -1106  -1842  -5015  -4777
 -1527  -1023  -1012   -405  -2314  -2456  -6285  -4724  -5641  -5347  -3190  -2700  -1848    182  -1543  -1540
 -1490   -612  -1238  -2202  -3781  -4799  -7016  -4389  -3973  -3305  -2445  -2610  -4004  -1928  -2944  -1251
 -1689  -1888  -1676  -2045  -2346  -5079  -5589  -3876  -2741  -1437     43  -1028  -2737  -2257  -1571  -1144
 -1303  -2305  -5621  -2935  -2445  -4348  -3525  -1998  -1504   -575   -541  -1942  -3672  -4227  -4164  -3265
  -978  -3236  -7623  -8203  -6793  -5135  -3669   -480  -1171  -1482  -1223  -1403  -4233  -6249  -6704  -4894
 -1361  -2849  -5305  -6208  -5520  -4471  -2878  -1808  -1610  -2640  -1955   -286  -3211  -6259  -6562  -3864
 -1850  -2610  -2281  -2328  -2008  -3190  -3988  -3458  -2222  -2397  -2491   -926  -3225  -6429  -6397  -4606
 -1816  -2460  -1327  -1611  -2432  -3438  -2277  -2073  -1241  -1635  -2557  -2130  -3250  -4651  -5126  -1935
