 -2295  -2910  -2604  -1644  -1276  -1713  -2739  -2532  -2567  -2669  -2979  -3091  -3913  -4819  -3511  -2592
 -3485  -3388  -2473  -1703  -1952  -2956  -2322  -2252  -1609  -2520  -2801  -3730  -4825  -5424  -4785  -3588
 -4310  -5585  -4385  -3142  -2233  -4232  -2758  -1416   -879  -3511  -3201  -4609  -4435  -4894  -4908  -4622
 -2580  -3782  -5069  -5758  -7038  -9357  -6147  -1880  -1725  -4978  -4651  -5981  -5261  -6214  -6347  -3564
  -442  -1011  -2985  -5675  -7823  -5849  -1756    302  -2262  -4057  -2420  -3157  -3070  -5194  -4318    -49
   294    532    492  -2701  -3021  -1242  -1685  -1219  -4894  -5158  -2405  -1519  -1220  -3027    476   1184
  -214  -1007   -465  -1509  -3020  -3732  -3842  -4590  -4980  -5663  -2933  -3142  -4383  -1945  -2486   -854
 -1523  -2813  -2599  -2885  -4925  -6126  -5509  -4581  -4354  -6100  -2781  -1892  -4121  -3083  -2672  -2626
 -1866  -2413  -3971  -3935  -5816  -6284  -5419  -5246  -4685  -4646  -2947  -1371  -5133  -5719  -4275  -3401
 -2497  -3682  -4162  -4812  -4125  -3748  -2447  -3133  -2153   -949  -2259  -1064  -3371  -2782  -2319  -2218
 -2579  -3709  -3925  -4254  -4242  -2794  -3218  -3676  -3880  -1569  -2750  -2610  -3328  -1465  -3259  -2440
 -1969  -4739  -5097  -5815  -4623  -3203  -4307  -4610  -4984  -2260  -3614  -3371  -4238  -3145  -5457  -2051
  -952  -3780  -4467  -6837  -4103  -4776  -5084  -4269  -3399  -2669  -5140  -4700  -7719  -4727  -3339  -1741
    79  -1469   -411  -1482   -333  -4403  -5035  -3362  -1830  -1635  -3752  -3714  -5535   -153    982   -922
   234    466   2132    985    896  -2727  -1189   -465    130   -258  -1004   -511   -297   1708     95   -447
  -536   -469   -511    -37    307   -954   -601    -50   -179   -982   -782   -252   1080    553   -787   -969
