 -1478  -2402  -2340  -2600  -2316  -3223  -1013   -824  -2640  -2986  -3860  -5479  -5243  -4019  -2750  -1350
 -2863  -2118  -2810  -3518  -2726  -3404  -1836  -3606  -6630  -7003  -5023  -5065  -6211  -4530  -1906  -1560
 -1515    407   -696  -2694  -3051  -2675  -2447  -5929  -8913  -7458  -4988  -4603  -3652   -767   -434  -3443
 -5466  -3077  -1527   -987  -2732  -3682  -6022  -9253 -12310  -9630  -5910  -4527  -2356   -757  -1519  -7079
 -5361  -4984  -1692  -1345  -2006  -3181  -2293  -3376  -7260  -7194  -5277  -4276  -2541  -1919  -3637  -7086
 -3498  -5545  -2196  -2446  -3034  -2448   -130  -2245  -5143  -5658  -3938  -1481   -563  -2845  -5054  -4631
 -2528  -4672  -1822  -2755  -4010  -2356    -38  -2691  -5042  -3987   -168   1185   -920  -6486  -6285  -3518
 -2849  -2596   -407   -463  -3596  -4256  -1493  -4005  -3812  -2171     90   -391    -62  -2349  -2627  -3213
 -2724  -1868    334   1809  -2242  -4867  -3150  -2292  -2688  -1480  -2134   -846  -1061  -2091  -1844  -3933
 -3888  -3891  -1672  -1181  -1271  -3269  -1699   -841  -1619    235  -1547   1178   -633  -2096  -1103  -1678
 -3753  -4842   -628   -355  -1124  -1078  -1396  -3255  -2688  -1677  -1981   1219  -1563  -1685  -2178  -2647
 -3369  -4880  -1093    560    617     10  -1241  -3106  -3963  -3529   -840   -187  -2691  -1378  -1258  -2049
 -3561  -7063  -3131   -390   2495    699  -1766  -3657  -2958  -1469     70   -973  -4614  -4406  -1679  -1378
 -3430  -6360  -3355    657   2004   -896  -1838  -2884  -1232  -1582   -896  -1523  -2634  -4879  -1973  -1721
 -3655  -5351  -4362  -1522    -96   -343  -1729  -3271  -1167  -2554   -841   -677   -319  -2282  -1824  -3072
 -2975  -2968  -2902  -2446  -1568   -813  -1663  -2414  -1958  -1934   -756   -582    622  -1593  -2188  -3435
