  -431   -648   -528   -408     72    176    879   -852  -1477   -590  -1248  -2160   -656    471   -519   -803
  -647  -1367  -1309  -1068    767   2125   1838   -454  -1238    714    114   -224   2329   2110    -41   -686
  -945   -945   -767  -1928  -2955  -2045  -3097  -4522  -4046     99  -2348  -2031   1464   1202  -1758   -722
 -3475  -4794  -2648  -5708  -6556  -5469  -4789  -5435  -6009  -2338  -5046  -3214  -1948  -4222  -6075   -786
 -3132  -6230  -3962  -8520  -8557  -5110  -2739  -2221  -2261  -1010  -2875  -1005  -2796  -5916  -4396    526
  -314  -3745  -5170  -5771  -4912  -3064  -4076  -3029   -494   -602  -1288  -1881  -5105  -5364  -3048   1466
   310  -2650  -3982  -2730  -3340  -1609  -5812  -2965   -410  -3212  -3770  -4276  -5003  -5569  -3776    238
  1233   -490  -1764  -2325  -3299  -6341  -7292  -4340  -3264  -6196  -5308  -3783  -3647  -3605  -2405    766
   348  -1519  -1231  -2143  -3413  -4093  -3700  -3026  -3710  -4510  -4474  -1990  -3417  -6089  -3576   -288
 -1106  -3434  -3613  -2579  -2564  -2678  -1177  -3433  -5061  -4893  -5158  -3146  -4375  -4838  -2616    554
 -1573  -2953  -2542  -2095  -1694  -2931  -3107  -5870  -5502  -4685  -4995  -4593  -4405  -3204  -1449    505
 -1066  -3459  -2569  -3815  -3884  -3687  -4394  -5083  -2935  -3026  -3911  -5156  -6350  -3475  -1986    -21
  -619  -5602  -5196  -4400  -4133  -4974  -5827  -4083  -2432  -2846  -4541  -6085  -6156  -2280  -1950   -287
   -77  -5280  -5426  -5613  -4963  -6231  -7170  -3644  -1658  -2345  -5520  -6387  -4246  -1633  -3106  -1349
   852  -1526  -3196  -3381  -4048  -3317  -3414  -1722  -1205  -1365  -2787  -3347  -1342   -443  -1918   -311
  -548  -1326  -2356  -2269  -2395  -1838  -2295  -2330  -2467  -1811  -1960  -2686  -2630  -2603  -4649  -2822
