   -52    149     46   -639   -592  -1134    -14   -165     54   -648  -1993  -3819  -3363  -2638  -1753   -967
 -1901  -2583  -3068  -2733  -1808  -1375   -735  -2400  -2626  -4512  -5108  -5584  -5766  -4961  -2226   -855
 -2128  -2972  -4349  -2898  -2645   -626   -790  -5099  -4894  -4258  -1054     59    932    200    715  -1986
   -24    286  -3836  -3418  -1789  -1846  -7066  -8785  -8283  -5060  -1990   -363   1849   2189   2386  -3223
 -2635   -957  -3610  -2219    302  -2630  -7434  -6350  -7995  -7570  -4978  -1416   2891    -35  -2916  -4226
 -6793  -5937  -5039  -2269   -424  -2036  -3826  -3092  -5586  -5972  -4001    436   1403  -5319  -7922  -4081
 -7579  -9538  -8615  -3895  -2410  -1024  -1203   -293  -2819  -2658   -742      0  -4641  -9784  -8106  -2889
 -5394  -6749  -7162  -4942  -1245    149   1659    715  -1284  -1949  -2754  -4999  -6984  -7021  -7509  -3325
 -3554  -2918  -3411  -3709  -1431  -1828  -1348    291   -802  -1371  -4941  -4927  -2187  -1686  -4349  -1742
 -3527  -3971  -2866  -3049  -1723    629    270   3648   5077   1906  -2911  -2994  -1018  -2398  -4079  -2245
 -3042  -3934  -3796  -4523  -2628   1056   2162   3475   2061   -970  -2681  -1070  -1118  -3008  -4013  -2504
 -2462  -2942  -2781  -2520  -2934  -1930  -2106  -1640  -3356  -3865  -3404  -2534  -2905  -2696  -4539  -3962
 -1521   -469  -1200  -3011  -2846  -2171  -1388  -1151  -2744  -2141  -3782  -5799  -6547  -6465  -6269  -4036
 -1560    590   1994   -719  -1871  -1292    725   -445  -1049   -903  -1701  -3892  -5039  -5689  -4039  -1598
 -3675  -1987    691   1999    304   -854   -549  -2002     31   -231    225   -734  -3816  -4382  -3673  -1484
 -2957  -2812  -1773   -946   -942   -813   -803  -1527   -249   -637   -868   -911  -3771  -3754  -2729   -740
