  -817  -1495   -692   -354   -409   -661   -472   -565  -1303    240   -154   -836   -911   -429   -789   -495
  -328  -1123   -952   -402   -905  -1249  -1268  -1665   -536   1117     40  -1138   -539    527  -1506  -1367
 -2175  -3424  -2300  -1439  -1201  -1790  -1716  -2013   -437   1544   -183  -1654   -933    244  -3049  -1146
 -2881  -3949  -2694  -2972  -2095  -1774   -474   -456   -376   1490    137  -1901  -1097  -1718     39    708
 -1523   -926   -813  -2286  -1974  -1381     19  -4416  -3081    480    157  -2015   -276   1398   3440    673
 -1601   -368   -612   -441  -1528   -707  -2823  -4973  -2879  -1124   -506   -960   1909   3421   1634    200
 -2086  -2356   -547    989   -388  -1343  -3672  -2942  -2286  -2482  -1417  -1102   2101   2190  -1124    765
 -3087  -4333  -2197   -953   -370  -3244  -2457  -2650  -2781  -4053  -2655  -1489  -1250  -2046  -3393   -154
 -3016  -5575  -3847  -3258  -1801   -177    208   -450   -178  -2856  -1326  -2248  -2844  -2636  -3531  -1819
 -2365  -4295  -4495  -4484  -1592   1912   2809   2496    -56  -1282  -2127  -4424  -3145   -496  -1470  -1286
 -1540  -2828  -4354  -4602  -2158    281   3599   1817  -1364  -2934  -4422  -5312  -2309   -669    511    328
 -1697  -3648  -5350  -3927  -2199  -1159    647  -1952  -2775  -3542  -5089  -5123  -2444  -1759    989    563
 -1541  -4395  -4420  -2576   -711   1506  -2127  -2378  -1388  -2347  -4874  -4699  -2390  -1614    365    509
 -2042  -2686  -3295  -1471   -249   2240  -1000  -1749  -1370  -2406  -4533  -3836  -2758   -648     14    240
 -1695   -933  -1152    307    607    937   -281  -1918  -1970  -1127  -2400  -2026  -2910  -1071  -1535    231
 -1217  -1245   -668  -1104     69   -885   -410  -1156  -1163   -477  -1782  -2392  -3687  -2615  -3963   -829
