 -3390  -4692  -4070  -3927  -3409  -1858  -3296  -4380  -5538  -5552  -4631  -5479  -6072  -5918  -4825  -2522
 -3971  -7521  -7390  -5646  -4656  -4523  -6981  -6805  -7450  -7387  -6547  -7422  -8615  -7398  -7469  -4597
 -4393 -12137 -11589 -10125  -7015  -5502  -8664  -8684  -8967  -6896  -5664  -5640  -8460  -7396  -7519  -5236
 -4377 -13380 -12694 -10056  -5208  -4782  -7897  -6060  -6439  -6565  -4870  -2621  -4174  -5497  -7171  -4955
 -2517 -10108 -10221  -5068  -3455  -5258  -8936  -8928 -11783 -12480  -8779  -3445    389  -1638  -4915  -3108
 -1973  -7731  -7608  -2778  -2202  -2521  -9122 -12186 -13340 -11693  -6252  -2297   1127   -295  -3278   -826
 -1015  -3268  -4204  -4483  -4649  -3718  -8484 -13446 -13389  -7916  -2609  -1130  -1437  -1386  -2061   -212
  -690  -1845  -4601  -8380  -8821  -4544  -5292 -10095 -10059  -5430  -2897  -2510  -3195  -4300  -4671  -2164
  -774  -4355  -8191 -11805 -10999  -6479  -1064   -395  -3719  -4680  -2243  -3018  -4952  -6031  -6329  -2450
 -1605  -7394 -11499 -10083  -7630  -4024   1151   2314   -860  -3497  -3503  -3292  -4421  -5598  -4876  -1350
 -1935 -10558 -17041 -14479  -8366   -704   2665   2614   -485  -3394  -2827  -3435  -6334  -8525  -6063  -1879
 -1633 -11651 -19193 -19360 -13064   -418   3601   2105  -1970  -3238  -1936  -3335  -7318 -10727 -10060  -4034
 -1440  -9821 -12722 -11919 -10727  -2498    174  -2292  -3334  -2450  -2437  -3072  -3189  -8180  -9195  -4279
  -732  -5893  -7502  -4468  -3947   -686    356  -3289  -3183  -1903  -2140   -434   1439  -3371  -4064   -999
  -603  -3102  -3598   -480  -1045    413    328  -1694  -2513  -2287  -2807   -713   2678   -596  -1034   1593
  -855   -975  -1190   -526  -1013   -443    507    225  -1099  -1612  -2069   -935   1692    902   -121   1234
