 -1969  -2455  -1796  -1624  -1838  -2222  -1709  -2407  -2167  -1998  -3057  -4818  -4900  -5104  -3832  -1291
 -2224  -3709  -2978  -1809   -836  -2995  -3803  -3602  -3575  -3690  -4141  -6635  -7062  -5819  -3812   -956
 -2960  -5030  -4327  -1572      0   -231   -851    463  -1116  -2968  -1992  -1572  -2493  -2310  -2629  -1285
 -2474  -4537  -2359   -837   -161   -311   -713  -3041  -2431  -1680    141   1034    957    271   -926   -684
 -2302  -5489  -2692   1194   2146  -1300  -7083  -8420  -8472  -6490    323    845    799    754    111  -3276
 -3476  -5519  -2615    302    -52  -3466  -4721  -4363  -5126  -3049  -1304    756   2006    209  -2145  -3606
 -5327  -6658  -5964  -2274    -52   -599   -763  -3530  -4391   -671    563    343   2127     18  -1112  -1724
 -4595  -5620  -4078  -5494  -2621   -178   -881  -1969  -3571     96  -1080  -1929   -918  -2812  -4314  -3359
 -1939  -2656  -2047  -3988  -2065   1469   -361  -1811  -1368   -689  -2102  -3394  -1556  -1475  -2480  -1323
 -1706  -1798  -1631  -2443  -2143   1007   -661  -1214  -3081  -2795  -1567  -3135  -1361   -848  -2380  -3544
 -1284  -2636  -4352  -4313  -1896  -2335   -742  -1128   -782   -949  -1837  -2903  -2825  -2722  -4493  -3374
 -1822  -4155  -5719  -3963   -821  -1892     49  -1306  -2857  -3203  -3141  -2553  -2835  -3548  -5075  -2750
 -1810  -2970  -4488  -1699   -608   1339   1857    264  -2037  -3623  -1907  -1597  -3995  -6154  -7104  -3467
 -1042  -1690  -1804  -1224    962   2341   3872   2408    133  -1708   -334      9  -1576  -3466  -2591   -114
 -2906  -4071  -2467  -2427  -1843  -2557  -1727  -1793  -1398  -1721  -1451  -1178  -4040  -5889  -4442  -2697
 -2196  -3189  -1901   -915   -282    232    911    448    294    382    263    501   -290    162   2574   2234
