 -1975  -1631  -2217  -2286  -2001  -1902  -3320  -2633  -2203  -1804  -2223  -3130  -2706  -3067  -2527  -1353
 -3256  -3747  -3639  -4458  -5670  -5836  -7439  -6729  -6251  -3301  -2419  -3206  -4093  -4857  -4465  -2898
  -637   -210   -969  -2177  -4770  -7218  -8857  -9919  -8489  -4038   -171   -703  -1386  -2602  -4362  -3879
 -3872  -3848  -1337   1378    109  -4538  -7520  -9095  -5786  -3069   1099   1557   1290  -2206  -7252  -5322
 -5744  -8701  -3061    429    102  -2437  -2509  -1267    752    322   2286   1363   -124  -3461  -7453  -6921
 -5718  -8802  -5125   -214   -448   -513   -331    217   2209   1729   3837   2635   -467  -3601  -4864  -5809
 -4170  -4876  -4074  -1045  -1168   1111   2441   2019   3156   2504   3352   2140  -1010  -1917  -4411  -5215
 -4211  -5465  -4081  -2979  -2821  -1479    463    692    689   2204   2190   1328   1111   1691  -1413  -3449
 -3720  -4456   -198   -557  -1847   -925   -101    -90   1185   1623   1366   1152   1050  -2235  -3928  -3897
 -4018  -5867  -1189  -1016  -3561  -1194  -1739  -2228  -1512    951   1267    722    180  -1995  -3427  -2560
 -3842  -7079  -2856   -350  -2146  -1509   -460    507  -1387  -1246  -1549   -689    -32    466  -2253  -2663
 -2363  -4983  -3120  -1428   -963  -3507  -1243    255  -1496  -1425  -2054  -1561  -2495  -1648  -3117  -2560
 -2148  -5339  -2309     38    682   -523  -1813  -1159  -1740  -2064  -2101  -2052  -3905  -4769  -5643  -3435
 -2359  -5882  -2855   1229    942   -975  -1613  -1896   -921  -2084  -2091  -1366  -3572  -5145  -7003  -4296
 -4615  -7728  -4698  -1650    -69  -3460  -4225  -3972  -2084  -2992  -3334   -978  -3859  -5836  -8039  -5613
 -3847  -4888  -2451  -2243  -2060  -4492  -5014  -4958  -3608  -3420  -3937  -3137  -4349  -5936  -6965  -5453
