 -3287  -4721  -4256  -3367  -4018  -4252  -3494  -3832  -3552  -3132  -4604  -5973  -6166  -5692  -5712  -4074
 -4964  -7208  -7013  -5402  -5759  -6733  -6311  -6858  -6302  -6135  -4995  -6734  -6539  -8030  -7046  -3570
 -3925  -5814  -4817  -5225  -7023  -6631  -7659 -10007  -9073  -6183  -1497  -1667  -2354  -5665  -6140  -3592
 -5519  -6939  -3131  -1816  -2921  -3746 -11623 -15690 -12814  -6762  -1429    304   -729  -4746  -5542  -6110
 -7252 -10143  -5567   -480   -729  -2545  -7264  -6747  -5873  -5448  -3848  -1849  -3266  -6093  -7348  -6722
 -5085  -6827  -4000  -1176  -1244  -2491  -4253  -4643  -6234  -7640  -4097  -1243  -3742  -6198  -5524  -3326
 -3786  -6057  -1840    932    225   -326  -3442  -5607  -7849  -5156     72   1088  -2844  -5321  -2430  -1479
 -3539  -5009  -1776    770    361    586  -2088  -6722  -9284  -3171   -195    952   -540  -1599  -1912  -1110
 -2988  -4287  -2402   -824  -1603  -3182  -7076  -9586  -9084  -4468  -3222  -1959  -1110  -2320  -4416  -2539
 -3272  -3750  -1477  -1387  -1371  -2775  -3750  -5266  -3169  -1213  -3060  -3781  -2138  -4013  -5862  -2818
 -3778  -4920  -2342  -1650  -2107  -2896  -3899  -3052  -1669  -1060  -2459  -3164   -652  -3565  -4737  -2366
 -2549  -5074  -4894  -2937  -2996  -4381  -2869  -1400   -500  -1750  -3430  -3865  -1888  -2554  -4483  -3800
 -2485  -7163  -8681  -7546  -5962  -6042  -2517   -722  -1271  -2968  -3903  -6263  -5416  -4089  -5882  -4401
 -3824  -9704  -9660  -5848  -6241  -6953  -5175  -4215  -3734  -4327  -5304  -7902  -6617  -6721  -8440  -5810
 -3283  -6040  -6007  -2884  -2478  -3186  -3463  -3084  -2309  -2967  -3358  -4442  -5701  -6137  -6670  -3640
 -1740  -2707  -2081  -1439  -2876  -2933  -2448  -1567  -1801  -2227  -3042  -3658  -6886  -6644  -4761  -1487
