 -1170  -1462  -1105  -1028  -1516  -1870  -1087   -506   -711   -865  -1245  -3818  -4370  -3723  -3297  -1708
 -1020  -1277   -102    -83   -604    400   1006   1071    565   1213    882  -1922  -2612  -1833  -1825  -1075
 -2117  -2955  -1029    803    -23   1946    703    -65   -794   1486    386  -1834   -752  -1434   -439   -386
 -1764  -2342    122   1007   1745   4691   3831   1448  -1167   -510  -1555   -906    874    340    557   -288
  -921  -2348    361    275    843   2748   1312  -1485  -3523  -3643  -2735   -535   1342   -386  -1105  -1528
 -1544  -2388   -573   -628  -1254   -431  -2197  -2561  -2707  -4608  -3220     69   1394  -2198  -4172  -2968
 -2752  -4412  -2902   -700   -166   -870  -2041   -977  -2531  -5518  -3606    154   1800   -846  -3347  -2120
 -2552  -3967  -4423  -2645    406   1250  -1253    217   -856  -4251  -4829  -3634  -1814  -1402  -2417  -1180
 -2352  -3069  -2950  -4380  -1718   2179   -387  -2622  -1515  -2088  -4686  -6322  -4011  -2091  -2743  -1672
 -2461  -3148  -3329  -3591  -2547   1454   1695   -627   -156  -1421  -3400  -6174  -3832  -3332  -2834  -2360
 -1936  -4233  -6022  -2798  -1791   -408    662   1647   1133   -855  -2263  -3998  -3316  -2121  -1332  -2027
 -2434  -5727  -6197  -2033   -109   -806  -1436   -161     36  -1013  -3100  -3685  -3624  -3227  -1711  -1942
 -1733  -3353  -4263  -2150  -1531    164    258   -669  -1290  -3002  -4364  -4851  -4328  -5514  -4566  -2819
 -1790  -2487  -1881  -1195  -2219   -391    414   -519   -746  -2027  -2739  -3760  -4908  -4904  -5811  -3459
 -1695  -1719    368   -100   -908  -1028  -1213  -1647   -781   -680  -1415  -2101  -5172  -4888  -6015  -3259
 -1345  -2511   -796    -47   -356  -1376  -1391  -2140   -713    227   -224   -880  -3201  -3421  -4933  -2937
