 -1504  -1883  -1711  -1166  -2190  -3064  -2756  -2388  -1419   -737  -1102  -2776  -3201  -2259  -2159  -1668
 -2054  -2063  -2122  -2820  -3823  -3309  -2524  -1485   -152  -1188  -1383  -2766  -3576  -2711  -1974  -1696
 -2553  -1460  -1962  -3690  -5502  -2448   -429   -918  -1821  -2276    437   -550  -1177  -2108  -1949   -647
 -2916  -2147  -2269  -4082  -6099  -1756  -3204  -5920  -6644  -3756    256   -543  -1005  -1404    822    618
 -3131  -3124  -2147  -1487  -2364  -1273  -7047  -8620  -3782  -1187  -1227  -1786   -575    466     -4  -2123
 -3321  -2191  -1063   -251  -2037  -4106  -7737  -5064  -1752     96    485   -825    364   -837  -3938  -2544
 -3522  -2653    921    563  -1825  -2396  -2895  -1142   -239   1039   1569  -1208  -3092  -6011  -5514   -564
 -3735  -3596   -939  -1330  -3770  -2574  -2388  -2211    415    810  -1658  -4392  -6993  -5530  -3832    333
 -2650  -3235  -2507  -1377  -4213  -2345  -3638    361   3559    920   -271  -3428  -6895  -5382  -3149     74
 -2823  -3057  -2859  -2696   -450   -839  -2799    370   2565   3250    823  -1794  -4110  -2696  -1799   -741
 -2768  -3823  -3906  -5390  -4873  -2102  -1491  -1332   -970    258  -1080  -1826  -1477  -3475  -2580  -1820
 -2221  -2813  -4002  -4041  -4367  -2836  -2328  -1688   -392  -1088  -1156   -235  -2661  -3281  -1040  -1846
 -1801  -2395  -1484    468     33  -2049  -3109  -2063  -1316  -1541  -1953  -3582  -4273  -1743   -107   -847
 -1783  -1872    307    129   1758   -156   -598  -1168  -1693  -1011  -1788  -1998  -1714  -1112  -2361   -568
 -2132  -2695  -1191  -1217  -1788    232    764   -714  -1473  -2149  -2194   -777   -967  -1896  -3942    -77
 -2608  -2316  -1076   -370  -1681  -3012  -2129  -1808  -1369  -1506  -1617   -937  -3038  -4911  -6468  -1222
