  -114    175  -1014  -1337  -1170   -485   -206     27    140    623    724   1110   2516   2349    755    561
  -200   -105  -2309  -4415  -5003  -4170  -4404  -5567  -4247    171   -449  -2673    400   1599  -1241   -328
 -2308    -87   -530  -5209  -6026  -6905  -9676 -12316 -10229  -1220    332  -2138    463    702  -2656    472
 -4546  -1811  -1139  -6233  -6831  -7740  -9501 -10497  -8871  -5078  -5573  -7274  -6197  -4514  -8391  -1227
 -5935  -5801  -2091  -9402  -8589  -5488  -4011  -7883  -7987  -6357  -8147  -8154  -9494  -7992  -8276    344
 -4852  -7092  -7384 -12435 -11774  -6178  -4059  -4342  -3644  -4500  -8021 -11547 -15015 -12215  -7516    512
 -3200  -5827  -2678  -6465  -6877  -5247  -3691  -3096  -2187  -2723  -3983  -5670  -8074  -6968  -4324    191
 -2341  -3330   -243  -1963  -4436  -9460  -8976  -5686  -3955  -7513  -6592  -2782  -4691  -6096  -6164  -1259
 -3309  -4205  -2357  -3394  -5744  -9827  -9477  -6425  -3778  -5882  -5987  -1518  -3828  -5943  -5363  -1542
 -2995  -4138  -4586  -6315  -4285  -4720  -4473  -4285  -1716  -1150  -5620  -6160  -6101  -7221  -5937  -2645
 -2991  -3938  -5733 -10184  -7189  -4867  -5433  -6133  -3523   -617  -5826  -7127  -6109  -5098  -4436  -1837
 -4047  -4786  -2793  -6667  -6770  -5548  -4293  -2270    662     61  -5874  -6901  -5891  -3456  -4733  -2784
 -4449  -6106  -5972  -7458  -9439  -7664  -5702  -1099    455  -1644  -5675  -6813  -5393  -2396  -4751  -3544
 -4289  -7745  -8383  -8173  -8867  -6503  -5725  -1954  -1295  -2034  -4288  -4870  -5416  -2768  -7475  -4570
 -3945  -5411  -6914  -7754  -8291  -5611  -3376  -2410  -3448  -4301  -5489  -7330  -9216  -5924  -8246  -4377
 -2206  -2857  -2250  -2603  -3018  -2677  -1847  -2076  -2181  -1693  -2090  -4173  -6780  -5225  -6887  -3652
