  -944  -1143  -1000   -480  -1489  -1271  -1148  -1291  -1010   -873   -645  -1582   -538     69  -1315  -2478
   133    793    194    103   -496  -1177  -2393  -2220  -1734   -504    988    539    137   -343  -1557  -2987
  -719   1259   2301   2223    401   -555   -241   -945  -3340  -1035    555    625   -392  -1598  -3113  -2581
 -3278   -798   1171    412   -769    722   2792   2477   -286   -642    292    109  -1107  -2571  -3941   -707
 -3640  -1203   1495  -1366  -1963    326    649   1390   -168  -1062    503    -37  -2509  -4097  -4615  -2467
 -4047  -3377    697   -707  -1826  -1134   -355    728     34   -267   -644    359  -1345  -5381  -7345  -4778
 -4361  -5830  -1613  -1332  -2129  -2455  -1659    441    148  -1601  -1576    628   -830  -4735  -7550  -5906
 -3728  -5962  -2428  -1015  -1488  -2664  -1344    964   -759   -854   -651    733  -1637  -4560  -5571  -5025
 -2846  -3323   -957    -99  -1125  -2915  -2212   -965   -662    116    -82    951   -881  -2913  -3009  -3711
 -3318  -2258   -341  -1066  -2369  -3146  -4548  -5631  -4405  -1438     35   1459    400  -1710  -1480  -2519
 -2632   -911   1896   1008  -1406  -3886  -6500  -7714  -4892  -1496    161     23    641    156   1030  -1055
 -2610   -869   1721   2714    717  -3675  -5563  -6227  -3735   -905    187  -1139  -1306  -1744   -213  -1192
 -2719  -1552    -53    449    958  -2147  -3891  -2591   -452    224    352   -676  -3267  -4942  -2659  -2167
 -2647  -1506   -548   -675  -1326  -3033  -2205  -1008    -14   -369   -868  -1713  -4142  -6733  -6385  -4716
 -2870  -2892  -2720  -1468  -3169  -5361  -4056  -1459   -514   -389  -1090  -1172  -1954  -6244  -7400  -5893
 -1549  -2410  -2739  -1108  -1196  -2915  -3485  -1216     -9    330    -71    493    209  -2667  -4332  -5104
