 -2297  -4317  -3765  -3489  -3485  -3820  -4883  -4442  -4187  -4837  -5661  -5603  -6555  -7196  -5938  -4385
 -1782  -5148  -5161  -4354  -4271  -5491  -6724  -5655  -6388  -6733  -7004  -5008  -5673  -8176  -6183  -5206
 -1770  -3630  -4808  -5099  -3733  -4149  -5471  -6292  -8108  -7141  -3844   -701  -1340  -5069  -4100  -4688
 -1442  -2605  -2157  -4281  -3997  -3860  -8753 -11637 -10958  -8452  -5093   -999   -519  -1946  -3313  -6765
 -1397  -3211  -1915  -2501  -2744  -2345  -6807  -7491  -6475  -7056  -5826  -3511   -683    -71  -3106  -8813
 -1694  -6197  -4429  -4244  -2487  -1363  -2255  -3567  -5620  -4880  -2798  -1653   -281  -1311  -5429  -8439
 -1460  -6179  -4652  -4887  -3886  -1967  -2460  -2506  -6544  -4577   -841    -79  -1254  -3639  -5095  -5738
  -914  -5001  -2753  -4281  -5578  -4545  -1469  -2224  -4769  -2210    164   -327  -2132  -2266  -4032  -5055
  -429  -3340   -119  -1687  -4577  -5523  -2276    -84   -172   -305   -303    159  -1208  -2112  -1435  -4412
 -1017  -3277    -76   -678  -2006  -4365  -2521   -972    745    785   -137   -735  -2428  -3446  -1448  -3851
  -884  -2641  -1260  -2585  -2476  -1496  -1660  -1626  -1092    404     57   -238  -2741  -4787  -4662  -5057
  -479  -1060    -54  -4237  -4188  -1450   -237   -197   -255    213    298   -483  -3391  -6609  -7974  -7187
  -629   -966   1738   -778  -1021  -2053   -377   1077    765    394    511  -1705  -3743  -6475  -9754  -8221
   -90  -1991    956   -315   -134  -1340   -325    904   1288    667    215   -634  -1779  -3752  -7714  -5822
 -1487  -6102  -3365  -3520  -2603  -4217  -3379  -2183   -448   -729  -1004  -2148  -2352  -5164  -9906  -7744
   307  -2795  -2070  -2163   -427   -307   -433   -662    -42     31    658   -158    361   -573  -2133  -2718
