 -1040   -732   -282    174  -1034  -1179     -2     35   -923    364    241  -1244    642   1463   -514  -1080
 -1554   -930  -2044  -2475  -1739  -3608  -4605  -2271  -1439   -714   -244  -1271    470   -122  -1836  -1739
  -406   1488    675  -2484  -4185  -6104  -4679  -3566  -2318    273   1469   1614   1348  -2239  -4001  -1488
 -1925    227   2949    841  -3205  -2679  -2026  -3819  -4381   -260   2180   1377    283  -3772  -5318  -1858
 -3888  -3497  -1230   -128  -3680  -1637  -2290  -2555  -2173  -2923  -2714  -2237  -5725  -5284  -5467  -3551
 -6427  -8812  -6267  -4154  -4397  -4915  -3303  -1370  -1281  -4445  -5079  -5570  -7604  -5314  -4757  -3743
 -8282  -9023  -5050  -2756  -2639  -3769  -2414    270   1800   -217    -73  -1528  -4424  -6280  -2341  -1903
 -7617  -6439  -2710   -100   -873  -1236  -1139    288   2530   2348    762  -1816  -2710  -2926   -791  -1310
 -5177  -2502    704   2022  -1212  -2282  -2967   -949  -1316   -894  -2229  -4333  -4292  -2268   -954  -1998
 -4803  -1572   1083   1638  -1104  -5016  -4548  -3985  -1724    742  -1559  -3757  -4488  -3804  -3951  -3227
 -4055  -2000    235     51  -1593  -3464  -4403  -3880  -1334   -508  -1445  -3214  -4097  -4144  -3246  -2976
 -3848  -1816    427    756  -2908  -4411  -6050  -3060   -960  -1847  -3610  -4422  -4750  -2615  -2250  -3246
 -3229  -1654   1566    217  -3178  -7490  -6375  -2874  -1159  -2431  -4862  -4949  -4463  -2252  -1413  -2184
 -3795  -1900    344   -942  -2871  -5554  -3570  -2299  -1190  -1792  -3332  -4268  -5041  -4601  -2186   -549
 -5141  -4981  -2808  -2876  -5171  -5881  -4592  -3424  -2302  -3366  -3255  -5368  -5756  -8245  -5306  -1828
 -4283  -4513  -3501  -1541  -3464  -3749  -3889  -2776  -2414  -2937  -2275  -2936  -3773  -6118  -3984  -2249
