 -1017   -323   -367   -271  -1211  -1043   -468    -47   -171   -152  -1738  -2391  -1413   -684   -987    212
  -164    470    191   -824  -1685   -513    801   2465   2041   2095   -889  -2105  -1165   1277    605   1224
  -326   1606   -697  -3440  -4652  -2876   -533   -760  -2419    -57  -1984  -2711  -1258    891   2100   3634
  -951   1578    231  -3963  -5678  -3380  -2296  -4801  -5390  -3806  -3173  -2441   -948   1818   2993   3774
 -3603  -1960    522  -3607  -5267  -1536  -2285  -4397  -5507  -4627  -2384  -1975   -347    206   2633   1895
 -3254  -2637  -2076  -2237  -3194  -3137  -4102  -2070  -2605  -1709  -2327  -1744  -1310  -3201   -848    367
 -2977  -3167  -2228  -1957  -2485  -3513  -2149   -712   -729    756  -1528  -2588  -4661  -6066  -3599   -619
 -2207  -3358  -1703  -2250  -1471   -628  -1568   -408  -1031   -682  -1378  -2787  -4339  -3681  -2432  -1235
 -2327  -2005   -744  -2237  -2037   -548  -1390  -2157   -187   -850   1128   -907  -3021   -116    429   -726
 -1759  -1298   -599  -1237  -1010   -187   -407  -1432   -920   -873   1989  -1740  -3066  -1937  -1118  -1463
 -1914  -1115  -2387  -4429  -2027  -1177  -2006  -2346  -3533  -1909    856  -2353  -2609  -1171  -1023   -836
 -2070  -1120  -1865  -2096   -223   -773  -3367  -4502  -2812  -1330   -134  -1454  -3200   -359  -1564   -616
 -2278  -1019   -756    623   -110   -184  -2822  -2529   -729  -1723   -786   -978  -5422  -1433  -1009   -894
 -3668  -2960   -803   1205    796    636  -2779  -2125   -647  -1032   -860   -921  -2623  -2182  -1158   -251
 -3030  -2299  -3097   -832     89    886    135   -932   -662  -1148  -2777  -1650    661    478    928   1275
 -1540  -2525  -3773  -2599  -1874  -1720  -2303  -2835  -2460  -2220  -2820  -2006    862   -724  -2378  -2334
