  -580   -748   -193   -551   -945  -2233  -3499  -2146  -1925  -1189  -1217   -141   -679  -4180  -5060  -2686
  -442   -347   -387   -877  -1474  -4238  -4744  -1519   -585   -315  -2218   -471  -1287  -6180  -7564  -3901
 -1676   -174    730    784    601  -2322   -698   2659   2003   -175  -4419  -1962  -1266  -6536  -9236  -5786
 -3591  -2273  -1395  -2724   -842   -860   -168   1078    909   -567  -5377  -6801  -4486  -6411  -8486  -4334
 -4894  -5247  -6671  -9801  -7321  -4088   -773   1165   2460    769  -5624  -9227  -5979  -4872  -7664  -5604
 -4263  -4551  -6647 -10799 -10484  -6819  -1082    905   1482    -20  -3383  -4866  -5489  -4503  -8327  -4746
 -4340  -3671  -2747  -6064  -8612  -7018  -2891     90  -2141  -5539  -4606  -4098  -5331  -3781  -4450  -1952
 -4605  -3920    -26  -1842  -4756  -8601  -5686  -2224  -2362  -6732  -7398  -5895  -3846  -3979  -3695  -1163
 -3545  -3612   1695   1032  -3600  -9213  -9526  -4318  -1770  -2975  -3318  -3590  -2793  -3017  -1831     76
 -3671  -2972    866   -459  -3986  -8042 -11039  -8791  -5254  -1656   -860  -1512  -4023  -4928  -4698  -1287
 -3677  -3406    331  -1683  -6644  -9359  -8396  -8344  -5418  -2428   -423    521  -2120  -4741  -5695  -2668
 -3501  -3538   -434   -409  -4490  -9897  -7360  -4902  -2866   -691   1095    922  -1152  -3549  -5866  -3872
 -2716  -4438  -2120  -1957  -2026  -7764  -7809  -1433   -506  -1378    576   1465   -871  -3809  -9414  -4611
 -4454  -5298  -3734  -5884  -5302  -8798  -7636  -4126  -2729  -4114  -2512  -1018  -4548  -7420 -14699  -7769
 -3993  -4821  -2744  -2838  -3298  -6483  -6318  -5191  -3437  -4026  -2140   -712  -3000  -6071 -11021  -6140
 -1990  -3323  -1369  -1248  -1070  -3386  -3278  -2318  -1608  -1504  -1160  -1490  -2548  -2238  -4924  -3723
