 -1271  -1142   -692  -1022  -2687  -3050  -3257  -4646  -4389  -2553  -1996  -1431   -844  -1358  -1700   -331
 -2375  -2963  -2370  -2622  -2999  -5029  -8956 -10594  -8104  -5717  -3776  -2980  -2082  -3083  -2921  -2443
 -2718  -3559  -4182  -4052  -3675  -2584  -3709  -3779  -2143  -2238  -3171  -2827  -1514  -4552  -4346  -3902
 -2515  -4447  -4839  -3618    418   3672   3110    194  -1087    950    995   -939  -2355  -4361  -2458  -1865
 -2383  -2934  -1499    738   1913   2482  -2942  -1712  -1388    -85    742    708  -1371  -3598  -2703  -2780
 -2966  -3867  -1702    810   2990   -590  -3840  -2842  -2851  -3431  -3499    238   2591    991  -4939  -4963
 -2990  -5348  -4070  -2439   1128  -1449  -2310   -304  -2302  -4874  -2683   2232   3877  -1217  -3833  -5403
 -3699  -4417  -4994  -3203   -223   2604   -129  -1066   -562   1386    938   1192   1007  -1413  -2602  -3646
 -3768  -3752  -3388  -3622  -3004   2888   1349  -1455  -1343   -261   -664    285   1136   -655  -2629  -3217
 -2020  -1082   -468  -2041  -2679  -2213    497    664  -1240  -2181  -1040   -317   -160   -252  -1369  -2437
 -1286   -874    780   1365   1038  -1072  -1278    501   1310    122   -618  -2920   -379   1193    954  -1395
 -1537   -104    257    328   1126   2340   1333    455    371   -960  -1225  -2053  -2146  -2273    372  -1165
 -3085  -3070  -1785  -1699  -1036    230   1510   -340    169   -900   -302  -1362  -3045  -2980  -1851  -2061
 -2808  -1586    434   -919      5   -749    791    248   -294  -1030   -888  -1971  -2723  -3394  -2972  -3145
 -2316  -2048    660    197     14    298  -1477  -1225   -162   -756   -716  -2037  -2310  -4614  -2998  -3622
 -1779  -1704   -679    431   -642  -1837  -1769  -1338   -941   -767  -1084  -2138  -3579  -6093  -5483  -3050
