   -37   -268    370    413     24   -805     87  -1434  -2410  -1835  -1001  -2645  -3271  -2406  -1531  -1273
  -196  -2046  -1544  -1502  -2447  -2623   -783  -1548  -1067  -3329  -2899  -5834  -4640  -3912  -2907  -2747
   919  -1708  -2172  -5030  -7669  -5274    556    603  -1402  -5581  -2553  -4386  -3221  -3468  -1910  -1745
   504  -1266  -2151  -7749  -9218  -4836  -1260  -4645  -7877  -7852  -4497  -3207  -1689  -3680   -669  -1860
  -119  -1111  -2355  -5907  -5771  -1603  -3677 -10439  -8607  -5393  -5163  -2291   -433   -336    237  -3025
  -805  -2954  -3582  -4020  -1727   2312  -1933  -5695  -3005  -3435  -4219     65   2153   2667  -1058  -3386
 -1626  -2937  -3594  -3207  -2111   -909  -1476  -2571  -1037  -3575  -4300   -206   -794  -1245  -5628  -4350
  -965  -1687  -4239  -4591  -3365  -3837  -1302    139  -1060  -4000  -2950  -1131  -3184  -3904  -6164  -4993
  -843  -1011  -2969  -3613  -3400  -3771    705   2353  -1524  -3075  -4470  -2718  -4126  -2921  -3960  -2579
  -879  -1255  -1969  -1003    670  -1744   2034   1198  -1287    100  -3237  -4203  -3000   -495  -1978  -1851
  -678  -1134  -1468  -1402   -709  -2043    -95  -1331  -1295    658  -5452  -5651  -4093  -2400  -3006  -2162
 -1085  -1559  -2623  -1819  -1350   -767  -2113  -2832  -1505   -621  -6854  -6273  -4628  -3171  -2012  -1923
 -1638  -2081  -2937  -1558    701   -627  -2489   -932    815    232  -5807  -6575  -5495  -2950  -2818  -3502
  -818   1834    375    774   2290  -1630   -746   -365    313    -30  -3487  -4610  -2565   -931  -3626  -3531
 -1415   -918   -989   -372   2355  -1239   -948  -1267   -404    -19  -1638  -2271  -1188  -1008  -4984  -3999
 -2043  -2615  -1953  -1902    -37  -2731  -2715  -2414  -1509   -994  -1709  -2432  -1802  -2543  -5802  -3425
