 -2422  -3096  -3018  -1897  -1250   -229   1041    513    149   -836  -1641  -2919  -2280   -773   -367   -309
 -3277  -4612  -5028  -4715  -4251  -3675  -4231  -6764  -5706  -3214  -1743  -3442  -2964  -2608  -1469   -930
 -1920   -656  -1348  -1675  -4465  -6515 -10472 -15076 -11935  -4847   -258   -801    593  -1037  -3115  -2501
 -2612  -2070  -1311  -1198  -2939  -5827  -9822 -11374  -9779  -5802   -778   -444    249  -1855  -5288  -5589
 -5710  -4913  -4090  -1192  -2802  -2946  -4070  -3718  -4463  -3949   -346   -976  -2553  -4196  -5264  -5119
 -4323  -2968  -1788    130     40  -1359  -2588  -4882  -4383  -2964   -323  -1686  -5903  -6386  -3794  -1647
 -2606  -2344   -984   -689   -530  -2622  -3397  -4280  -1929  -1898    255   -787  -3912  -4308  -2115    223
 -1642   -805    230   -545   -357  -1204  -1949  -3501  -2473   -771   1362   1858    732   -363  -1371   -801
 -1165   -992    622     20    -91    439   -678  -2971  -1192   1263   2648   4604   2011  -1436  -1940  -1876
 -1811  -2246  -1946  -2448  -1169   -408  -2311  -5487  -3024    236    479   2860   1487  -2669  -2429  -2107
 -1357  -2087  -2861  -2892  -1359   -285  -2855  -4814  -3303  -1595  -1605   1983   2077  -1054  -1176  -1061
  -612   -473  -1532   -616   -905  -1503  -4522  -4331  -2827  -2230  -2302    693    869    177   -385     46
   163    -73    418   -894    189   -896  -3677  -3164  -2129  -2227  -1901    634   -432    437   -124    504
 -1386  -2285  -1450  -1866    139   -355  -1623  -1234  -1032  -1838   -949    461  -1175    404    897   1077
 -1921  -2965  -1472  -1799  -3052  -4680  -3506  -2907  -1809  -2392  -2253  -1939  -2550  -2001  -2181  -1063
  -451  -1783   -750  -1496  -1162  -1528   -642   -754   -724  -1112  -1157   -859     10    632   -661   -888
