 -2050  -2413  -1131   -828  -2145  -3046  -2822  -2528  -1925  -1751  -2133  -4650  -5183  -4768  -4580  -3734
 -2416  -2781  -1540  -1506  -2832  -2418  -2820  -4027  -4742  -1999   -148  -2473  -3768  -4718  -5943  -4904
 -4247  -3910  -1427   -275  -1420   -177  -2195  -5428  -6450  -1432   2586   1477   -176  -2700  -4916  -4458
 -7346  -6993  -1493   1398   2042   2812   1963   -568  -3053     -6   1669   2090    226  -2317  -3294  -2753
 -8195 -10073  -1434   2794   2771   3743   2451   1211  -2209  -1816    493   2029   -138  -2472  -3392  -2074
 -7571 -10174  -4502   1563   1429   2142    620   -415  -1347  -1043   -261   1135  -1124  -4967  -5937  -3494
 -7015  -9387  -7444  -1222    529    903    -83   -471  -2201   -662   1970   4076   1700  -2566  -6110  -4768
 -7526  -8995  -6306  -3177   -580  -1948  -4457  -3912  -4099  -2572   2284   4707   3140    -67  -5272  -5531
 -7989 -10321  -5565  -3169  -2216  -2739  -2405  -3077  -4068  -2146   1798   2173    373   -952  -5134  -5021
 -7355  -9409  -7298  -3751  -3806  -1765   1221    503  -1390  -1837    657    489  -2225  -3438  -4175  -3586
 -7101  -7720  -7759  -5259  -2464   -911    472   -802   -437  -1424  -1259   -582  -2753  -3791  -2956  -3144
 -7135  -6621  -5271  -4767  -1718   -466   -731  -2783  -1132  -2036  -3918  -2969  -2966  -4022  -3535  -3969
 -7610  -6512  -4584  -4558  -4438  -2064  -1925  -2547  -1169  -3027  -4856  -5171  -2922  -4347  -6153  -4790
 -7772  -7448  -6715  -3052  -3965  -2759  -2273  -2384   -936  -3432  -5082  -6170  -2920  -4234  -9177  -5849
 -7200  -8314  -7287  -4838  -3773  -4397  -3781  -4243  -2481  -3228  -5671  -7553  -5866  -7770 -11323  -8035
 -3119  -5422  -4341  -2764   -906  -2257  -2726  -3422  -2063   -646  -2344  -4600  -3499  -5340  -7811  -5740
