 -3330  -2976  -2099  -1968  -2297   -938  -2693  -2850  -2485  -2911  -1416  -1210  -1959  -2305  -1514   -948
 -4666  -4255  -2616  -2802  -3716  -1775  -4813  -4201  -1671  -2393  -1226  -2343  -2996  -3635  -2905  -2420
 -4112  -4372  -3979  -1958  -1627  -3173  -8853  -8370  -2963  -1285    110   -105    704  -2219  -5947  -5789
 -6780  -7646  -7039  -1179  -2105  -5219 -10176  -6659  -3401  -2608  -1743     22    633  -3104  -7455  -7067
 -6135  -5715  -5115   1094   -241  -2807  -5109  -3038  -3250  -4290  -3748  -1775  -1627  -4077  -6365  -5027
 -6648  -6025  -5523  -2044  -1689  -5528  -6014  -7223  -6538  -5050  -2970  -4358  -5182  -6240  -3944  -3677
 -5503  -4112  -4721  -4546  -4594  -5160  -5259  -6105  -5408  -2133   1297  -2422  -6746  -6445  -3845  -3266
 -4051  -4361  -3852  -4874  -4955   -215   -650  -4156  -3141    435   3978    403  -5919  -6431  -3619  -2441
 -3051  -4454  -4082  -7114  -6622  -3089  -3647  -4849  -1564   -246   1953    113  -5409  -6191  -4329  -3363
 -3274  -4903  -5964  -5788  -4419  -1828  -3228  -2370    169   -853    665    183  -5150  -6300  -3501  -2832
 -3462  -5039  -7234  -6401  -2667    313  -1418  -1260  -1044  -1405   -439   1449  -2374  -3095   -683  -2688
 -3316  -4452  -6295  -5307  -1913   -788  -2985  -3181  -2990  -1792   -863    915  -1616  -3806  -3625  -4112
 -4240  -5558  -5700  -4037  -2526  -3849  -4773  -3389  -2525  -2293  -1494   -607  -2832  -4253  -4490  -3763
 -3906  -4388  -2506   -617  -1521  -4191  -5447  -4015  -2336  -1947   -815   -430   -735  -2086  -4945  -4706
 -3271  -2632    814   2244   -965  -4149  -4428  -2559  -1014   -663   -422    882   1972   -762  -6172  -4486
 -1700  -1001    431   1366    780   -812  -1640  -1284   -696   -233    935   1878   3391    -26  -5049  -3420
