  -513   -872  -2150  -1881  -1572  -1731  -2063  -3498  -2685  -2000  -1046   -713    -50    227  -1300  -1311
   547   1143     74   -317  -1275  -3038  -5975  -9354  -5637  -4342   -662   -768    454   -265  -1757  -2312
   133    236  -1057  -2898  -5921  -6148  -7589  -7632  -2628  -4369  -2577  -5512  -3080  -4266  -4585  -5383
 -2928  -1925  -4212  -6724  -7726  -3714  -3370  -4262  -4765  -5701  -3727  -6572  -7940  -9229  -6053  -6312
 -4814  -3328  -4616  -7160  -7742  -2355   -663  -1634  -5171  -6208  -6785  -5544  -8442  -9601  -4965  -4807
 -6408  -4784  -4970  -5307  -5402  -4935  -4181  -5016  -5280  -6272  -8588  -7192  -7865  -5132  -2700  -5005
 -5297  -4938  -6168  -5190  -4476  -5209  -3742  -2991  -2001  -6021  -6496  -5716  -7443  -5926  -3699  -5703
 -2843  -2190  -5543  -4262  -2861  -1777  -1122  -1002   -217  -2898  -2128  -2911  -4817  -6426  -3359  -5150
 -2680  -1915  -5055  -4623  -5236  -3075  -1842  -3001  -3899  -3853  -5799  -4934  -4482  -4279  -2894  -3913
 -2152  -1983  -3449  -4104  -6143  -6356  -5143  -5055  -3165  -3429  -6739  -5584  -4286   -727   -606  -2522
 -1734   -943  -1629  -1051  -2760  -6938  -9428 -10574  -5596  -3267  -5614  -6812  -3996     96   -485  -3248
 -2060  -1034  -3967  -4427  -3183  -3113  -5324  -3897  -2399  -1419  -4610  -7323  -5782  -4624  -2534  -3831
 -4152  -4068  -6824  -9466  -7355  -5298  -5939  -2436   -925  -1937  -4383  -3688  -3495  -3302  -2011  -3935
 -4416  -3620  -4851  -4216  -4143  -7309  -8609  -4832  -2445  -3928  -5295  -4302  -4104  -4733  -4759  -5286
 -3510  -3138  -6422  -5163  -2417  -3732  -5115  -4341  -3864  -4636  -4853  -4951  -5048  -6818  -5410  -5607
 -2552  -2732  -5098  -4582  -3535  -5030  -4958  -3703  -3397  -3974  -5239  -5906  -6577  -7357  -5820  -4558
