 -1848  -2561  -2585  -1355   -606  -1730  -2154  -2245    740   -426  -2176  -3826  -4055  -4558  -3062  -1127
 -2967  -4303  -4559  -2453  -2600  -3978  -3320  -3434   2264  -1106  -4607  -6654  -4199  -5099  -4146   -815
 -3253  -4546  -5522  -4222  -4758  -4836  -4358  -3965   2343   -363  -1462  -3502   -991  -2708  -3257   -837
 -2309  -3712  -7991  -6197  -7197  -6646  -7027  -6680  -3391  -2276  -3019  -4649  -2590  -2023  -3336  -2495
 -3820  -2409  -9235  -5423  -1971  -3278  -5846  -6349  -4915  -2699  -2747  -4789  -2091   -646  -4667  -2643
 -4785  -2379  -7577  -4458   -631   -864  -1760  -1375  -1020  -2577  -3656  -4397  -2603   -456  -5226  -1312
 -3661  -1415  -4875  -4837  -1762    397  -3205  -2126    -94  -3877  -5532  -5724  -5044  -4097  -4614    660
 -1990  -1005  -3781  -6167  -2304  -1194  -2459  -1914  -1914  -4923  -7690  -6146  -5050  -4028  -3307    942
 -2087  -1022  -3394  -6356  -2472   -469  -1159  -2116  -2532  -3799  -7178  -4740   -950   -508  -1996     76
 -2356  -2834  -4000  -5840  -2560   1190   1889    908   -981  -1915  -5270  -3182   -873  -2686  -5214  -2048
 -1710  -2468  -6875  -7664  -6640  -1520    415    508  -2151  -2298  -4159     16    337  -3877  -4864  -1572
  -730  -2784  -7414  -5869  -6153  -3695  -2051  -1931  -2422  -2973  -3242    966    977  -3270  -4087  -1519
  -692   -179  -4164  -6276  -4832  -3497  -1095   -418  -2537  -2532  -2295    563    373  -4432  -5105  -1476
  -862   1440   -837  -5117  -3661  -1836    109    101  -1298  -1440  -1150    337  -2069  -2891  -2767    540
 -2441    -42   -843  -1750  -1793  -1439    647   -625  -1041  -1166   -390     -8  -3608    216   -667   1253
 -2815  -2926  -1964  -1216  -1401  -2323   -639  -1080   -644  -1429  -1047   -644  -3662   -323  -3023    147
