 -3956  -6560  -5758  -5162  -4141  -4218  -3572  -5153  -5731  -5955  -6768  -8560 -10126  -9335  -6454  -3701
 -4147  -7499  -7746  -7193  -5521  -6093  -7315  -9113  -8636  -7307  -7177 -10080 -11478 -11893 -10640  -6116
 -3627  -6724  -6225  -5143  -5120  -6005  -8599 -11904 -10566  -5697  -3298  -3942  -6628  -7215 -10937  -7925
 -5306  -8657  -7791  -5375  -5755  -6124  -9852 -11562  -8021  -3778  -3411   -200  -3680  -6721  -9788  -8803
 -3115  -5806  -7364  -6928  -5817  -4846  -6350  -6534  -4863  -3781  -5194  -2494  -3474  -5350  -6504  -7593
   490  -2310  -5114  -6466  -3284   -209   -207  -1970  -2995  -2462  -3339  -2234   -773  -1968  -3332  -4114
  1550  -1947  -4656  -5158  -3875  -1566  -5481  -6515  -7477  -4297  -2387   -809   1079  -1043  -1566  -3353
   -53  -2569  -5470  -6323  -6742  -5119  -7297  -7270  -8180  -6305  -4692   -502    618  -2391  -3785  -3628
 -1303  -3422  -5751  -7802  -7892  -6397  -6219  -3500  -4857  -5872  -5040  -1223    351  -3132  -2989  -3235
 -2455  -5745  -6814  -8672  -4908  -3767  -1566   -279     78  -1275  -3198  -4357  -1731  -3247  -2552  -2568
 -2548  -6293  -9024  -9794  -5444   -577    692    740   1806   -811  -3499  -4856  -1988  -4415  -4810  -3009
 -1948  -6586  -9726  -9450  -6671  -2323   -386  -2297  -2244  -2673  -3196  -3488  -2733  -3838  -7229  -5348
 -1912  -7706  -9417  -9204  -5340  -3222  -1937  -2133  -2194  -1845  -3115  -4102  -3703  -3768  -8459  -6132
 -1437  -5841  -5634  -4914  -3941  -3511  -4025  -3261  -3438  -4221  -3853  -4528  -1501   -757  -4476  -5196
 -1603  -2365  -2582     93  -1583  -2354  -3813  -3271  -3169  -4201  -2755  -3937  -2029   -375  -3269  -4978
  -608   -634  -1899   -706   -397   -153  -1557  -1836  -1528  -1172   -862  -1419   -603   -325  -1020  -2275
