 -1940  -1693  -2161  -1805  -2210  -2416  -2539  -3020  -3987  -4420  -3852  -4393  -3709  -3193  -1393   -400
 -2140  -3131  -3065  -1899  -2980  -4063  -4591  -4522  -5335  -6595  -4403  -4003  -3668  -4614  -2698  -1296
 -1699  -3793  -3224  -1905  -2394  -3997  -4390  -4766  -6241  -4842  -2900  -2688  -1528  -3688  -2139  -1550
 -2094  -3486   -489    375  -2341  -2986  -3611  -3296  -6794  -5053  -3890  -2038   -946  -3823  -3047  -1078
 -2807  -4938  -1294    931  -2605  -5612  -6146  -4452  -7383  -7463  -6844  -3278  -1328  -5142  -5572  -2034
 -5152  -7818  -5557  -2246  -2501  -4871  -3526  -4762  -6533  -7419  -5892  -3354  -1267  -5484  -6595  -4296
 -3806  -4785  -7240  -5028  -2223  -1848  -1845  -3892  -3238  -3882  -2993  -2407   -976  -2176  -2968  -3997
 -1396     50  -3000  -4519  -2320   -575  -1875  -3096  -1252  -1074   -539  -2970  -1518   -746  -2951  -3413
 -1410   1174    682  -2093  -2964  -2847   -986  -3904  -4383  -2355  -2430  -3491  -2430   -545  -4191  -3320
 -1465    493   1226   1739  -2579  -4113  -2708  -5707  -4256  -1727  -1597  -3006  -3083  -1227  -2263  -1573
 -1958  -1150  -1655   1034   -707  -2518  -5164  -5132  -2899   -804    336  -1805  -5658  -4745  -3060  -2196
 -1472   -659  -2888  -3028  -2056  -1005  -2991   -798  -1213    -92     17  -2190  -7547  -9164  -6816  -4145
 -1299   -406  -2572  -4119  -4564  -2275   -384    722   1270    559   -365  -1414  -6578  -9805  -8841  -4953
 -1501    728  -1782  -3875  -4217  -3727   -838    294    990   -158   -578   -121  -5755  -7690  -6725  -4416
  -439     28   -491  -1772  -1830  -2815  -1756   -663    377    785   -329    534  -2797  -4118  -3112  -3326
  -692  -1188  -1225  -1829  -1380  -2351  -1686  -1456    -86   -676  -1848   -881  -1917  -3263  -3169  -2729
