  1346   1199   -274   -215     42    752   1174   2488   1895   1063   -669   -885    -69    275   1276   1960
 -1164  -1958  -2359  -2444  -2544  -1542  -1504   -491  -1576  -3255  -2766  -2266  -4195  -3636  -1059    246
   541  -1105  -1354  -2942  -4305  -3860  -5740  -3885  -2521  -4787  -3572  -2313  -3796  -1376    781  -1322
    61  -1242  -1604  -4425  -6986 -10140 -10354  -5594  -1709  -6029  -6174  -2457  -1404   -857   -778  -3448
 -1347  -3218  -6367  -7523  -6613  -8314  -4181  -1591  -1617  -4783  -4286  -1825  -1006  -3450  -2955  -2556
  -286  -1611  -5989  -7741  -7126  -2654    -96  -1128  -1605  -2310  -2634  -4648  -5389  -5431  -2913     26
   342   1458  -1706  -3872  -4911    332   1539   -484   -769    795  -2155  -8985  -7466  -3044   -538   -473
   300    604    394  -2103  -3073  -2719  -1266  -1159   -639  -1877  -5116  -8299  -3386    146    366  -1384
  -131   -206   -103  -1603  -2302  -2413   -259   3092   2134  -2931  -6516  -7667  -3920  -1759   -567  -1515
  -147   -466    128    726   -548    799   -119   1409   -939  -2657  -3355  -4884  -3275   -170   -220   -155
  -862  -1685   -711    216   -439  -1133  -2317  -1679  -2049   -695    353  -2693  -1481    473    532   -676
  -511  -1845  -2401  -1731  -1677  -3535  -3427  -2511  -1241   1035   1608  -1864  -4836  -4380  -1736  -1466
   -84   -813  -2822  -1916  -1761  -3548  -1904  -1376  -1159   1933   2301  -3328  -8300  -8910  -3508   -520
  -141    428  -1324   -346   -665  -2881   -936    195   -659    350    241  -3060  -6306  -7194  -1890    446
   396     76   -887    215   1813    467    682   1036   -557   -777     86    255  -2417  -2012    439    327
  -761  -1972  -1508  -1543  -3092  -2658  -1446   -290  -1008  -2173  -2651  -1990  -4113  -3903  -2158  -1217
