  -192    230    296    -17   -834   -854   -899  -1196    -36   -987    194   -538     -6    518    512    644
  -975  -1308  -1166   -966  -3234  -3368  -4234  -3646  -1889  -3684  -1170  -2473  -1916    -81  -1189    454
 -3560  -3431     -6   1570  -2651  -4273  -4987  -2082  -5530  -3746    302   -527    109    111  -2166    271
 -3245  -4403  -1413   2614  -3424  -5289  -3442   -502  -2902  -1797  -2004   -898  -1065  -1211  -2615   2014
 -3434  -6164  -3637    -24  -3806  -7283  -4746  -1575  -4476  -1770  -1595  -1633  -3095  -2169  -3136   1103
 -5025  -6763  -5907  -2741  -4072  -5137  -2681  -2502  -4457  -1577  -2068   -967  -2689  -3725  -5335   1879
 -5020  -6038  -4756  -1791    434   -681  -2232  -3326  -1389    853  -2586  -2361  -2555  -3702  -2043   3379
 -3532  -5496  -3825  -2432   -505  -1045  -3702  -3611  -3056   -880  -4838  -4885  -2248  -1733   -731   2745
 -1985  -3926  -2351  -3961  -1114  -1453  -3829  -4548  -2648  -1693  -2810  -3483  -2666  -1158   -516   2771
  -967  -4535  -1983  -2312    221    717   1667  -1889  -3607  -2120   -544  -2831  -2344  -2617  -2567    156
  -684  -5006  -4243   -799    242  -1067  -2152  -2833  -4026  -2607  -3114  -3743  -3608  -3248  -1616    387
 -1879  -6253  -5345    649   1027  -3021  -6466  -4138  -3713  -2114  -3279  -4769  -4932  -2596    961   2225
 -3078  -7411  -6439   1650   1933  -1982  -5555  -4444  -4209  -3248  -3488  -6267  -7470  -3131   1256   4001
 -2985  -7256  -4789   2348   -397  -2757  -3336  -2901  -2134  -2668  -4100  -5595  -8506  -3896   -615   3544
 -2814  -6857  -6067  -2224  -1632  -3958  -4066  -4529  -3000  -4026  -4440  -4225  -9258  -5139  -4580  -1022
  -690  -2450   -962   -744  -1009  -1685  -1092  -1065  -1048   -888   -975   -521  -3228  -1749   -592   1898
