  -871    -18   -156     74    687    619  -1029   -673    272   -301    398    154  -2612  -2837   -552   -497
 -3278  -3326  -2981  -2346  -2520  -2667  -4011  -3306  -2559  -3173  -2829  -3897  -6666  -7283  -4360  -1893
 -3256  -4164  -3869  -1259  -3912  -8370  -8987  -5124  -5372  -6228  -4132  -2920  -4444  -4315  -4589  -3059
 -4378  -6266  -6382  -5742  -7095 -13393  -9658  -5233  -7746 -10972 -10144  -6459  -3897  -2989  -7002  -3610
 -5407  -8591  -9117 -10297 -10931 -12323  -5593  -3990  -6400  -9292 -11538 -11146  -5910  -4464  -9003  -4149
 -2373  -5276  -7425 -10140 -11016  -9560  -4580  -4047  -5286  -5252  -8765 -11930  -7324  -4939  -6694  -4171
 -1584  -2188  -5457  -6030  -5677  -5487  -4315  -7726  -5669  -5031  -9394 -10354  -6658  -2794  -4233  -2227
 -1864  -2032  -4226  -5709  -4392  -5727  -5988  -6455  -3870  -6222 -10124  -9442  -7275  -3195  -4222  -2269
 -1970  -1500  -3895  -7175  -5967  -6541  -6213  -3356   -353  -4633  -5988  -8692  -7724  -5242  -5726  -4149
 -2168  -2324  -4523  -8574  -7348  -1818  -1966   1032   1249   -903  -1259  -6750  -8534  -6675  -5768  -5525
 -2488  -3749  -7082 -10755  -8105  -2775   -310   -965  -1837  -1099  -2950  -4389  -6693  -4033  -3965  -3688
 -2131  -2481  -6615 -10693  -8061  -4750  -3641  -3817  -4293  -3200  -3896  -4392  -7776  -7076  -5849  -3915
 -2070   -569  -4965  -7285  -8377  -6131  -5336  -3606  -3711  -2546  -3128  -6575 -10577 -12356 -10258  -5360
 -1486     44   -688  -3686  -5696  -6800  -4472  -2212  -2480  -2271  -2421  -4585  -8551 -10431  -9549  -5283
  -365   1498   2590   -598  -1690  -4411  -2902  -1119  -1032  -1352  -1502  -1524  -5679  -5931  -5864  -3265
 -1931  -1529   -660  -1847  -1807  -4095  -4334  -2696  -1677  -1504  -2216  -2584  -4053  -6273  -7024  -4215
