  -698   -973  -1027  -1040  -1060  -1267  -1166  -1446  -1148   -877  -1009  -1203  -1404  -1399  -1075   -533
 -1051  -1486  -1662  -1600  -1912  -2300  -2953  -3342  -2535  -1988  -1669  -2004  -2202  -2224  -2199  -1530
 -1227  -1548  -2409  -2595  -2232  -2615  -3774  -3833  -2856  -2397  -2169  -1989  -2148  -2133  -2499  -2073
 -1620  -2196  -2686  -3394  -3420  -3318  -3535  -3757  -2691  -2233  -2698  -2467  -2744  -3027  -3544  -2469
 -1683  -2893  -3267  -3707  -3202  -2424  -2195  -2067  -2094  -2268  -2625  -2743  -3230  -3714  -3515  -2499
 -1773  -2843  -3195  -3248  -3182  -2414  -2142  -1492  -2269  -2298  -2943  -3592  -4524  -3998  -3388  -2001
 -1498  -2244  -2581  -2534  -2652  -1938  -1918  -1751  -2360  -2340  -3432  -3683  -4149  -3288  -2758  -1492
 -1200  -1663  -1910  -2198  -2577  -2528  -2243  -1968  -1777  -2497  -2860  -2817  -2443  -2027  -1900  -1599
 -1053  -1551  -2003  -2349  -2538  -2491  -2785  -2189  -2096  -2619  -2996  -2917  -2614  -2054  -1618   -878
 -1067  -1612  -2335  -2611  -2734  -2322  -2891  -2578  -2359  -2172  -2360  -2838  -2419  -1545  -1693   -837
 -1292  -1841  -2924  -3291  -2781  -3289  -2864  -3300  -2657  -2236  -1943  -1960  -2225  -2139  -2202  -1007
 -1285  -2458  -3497  -4091  -3410  -3482  -3116  -2498  -1836  -1653  -1514  -1816  -1706  -2461  -2162  -1228
 -1438  -2681  -3722  -4162  -4059  -3601  -3400  -2440  -1950  -2172  -1949  -2386  -2559  -2616  -2663  -1413
 -1163  -1920  -2717  -3195  -3098  -2404  -2449  -1567  -1279  -1966  -2009  -2265  -2261  -2310  -2240  -1059
 -1293  -1691  -2299  -2633  -2424  -1949  -1756  -1463  -1310  -1981  -2154  -2429  -2651  -2649  -2126  -1385
  -938  -1339  -1495  -1655  -1758  -1858  -1541  -1130  -1081  -1421  -1640  -1759  -1768  -1947  -1630   -936
