    85     42     33    123    123    189     70     52     18    -36    253    206    183    157     20      7
  -197   -160     42    100    -38     20    -85    -87   -102    -33    -45    -27    -51     62   -100    -92
    16     27   -112     -2    -51     37     14    155    145    251    -19    -77    -60     30    -11    -92
   -67     -6     47    -65    -52    -92     93    203    108    143    -12     -9    -45     66    -83     11
  -280   -285    -66    -21   -169   -103   -249    -35    -25   -152   -110    -17    -60   -266    -89    -86
  -234   -459   -188     38    -68    -63    -83     97      0   -150   -206   -213    141     26    150   -267
    -8   -153   -170    -46     58    -23    -50     66    143    -58   -138    -85     94    -43    -73   -230
    23      1   -134   -203     41    -30   -206    158    -41     21   -119    -54    -92    -90    -37   -226
    23    -95   -105   -128   -193    -92   -162   -150   -208    -39   -197    -98    -12   -134    -68   -403
   -10    -85    -20    -62   -190   -171    -78   -102    -14   -249    -89   -134    123    -98     16   -290
   -64   -182   -302    -49    -34   -148   -182   -168   -144   -275   -169   -168     68   -117    123   -216
   -70    -26   -223   -293   -270    -76   -103    -70   -173   -264   -145   -212    -49   -412     69   -249
   -30     36   -242   -113   -248   -162    -89   -155    -78   -148   -139   -209     33   -386     33   -255
   -23     -6   -236   -108    -34    -48    -88   -132   -178   -189   -194   -228    -48    -65     22   -216
   -20     -8   -188    -58   -172    -44    -36     -4   -112    -59   -152   -186   -115     19    -14   -239
  -328   -247   -307   -186   -365   -329   -488   -249   -284   -259   -215   -246   -314   -473   -495   -860
