  -288   -225    -89   -136   -298   -344   -242   -175   -175    -43   -311   -421   -263   -129   -253   -193
  -306     63   -189   -219   -145    -62    -19    -22    -18    -66   -173    -38    -47   -254     30    -48
  -105    -89    -70   -250   -236   -180    -59    -78    -59   -224     43    -11   -139   -346     31    -58
  -335   -121    -48     48      7    264     37   -191   -334   -173    131     41    -24   -224    114    -67
  -441     43    -54    268     91    -32   -551   -294   -179    127    245    120     57    -72    310   -698
  -725    328    119    262    191   -359    -56   -248   -304    121    219    206    -83    200    -97   -642
  -492     28     41     61    -55     48     35   -149   -231     74    203    226     81   -220   -189   -471
  -438    -77     65    238    101     42    174   -231   -137     81    188     18   -205     72    -99   -493
  -386    -18     -5     83    129    184    -39     -4    274    -62     26     73     17   -158   -159   -343
  -415     52      5    120    297    123    -75    175    -53    -74    101     -1   -170   -144     82    -48
  -297     34     -8     73    200     72    -43     16    -50    124      6    -16   -145   -167   -179    -32
  -387     10     14    -43    138     59    -38    -47     48   -169    -40     98   -165   -357    -79    -90
  -374    -51   -140   -179    238     49    -70   -103     10    -23     46    -74   -152    102   -240   -198
  -486    -26    112   -107    221   -241      1     74    -59      0   -132   -119    147     16   -325   -306
  -413    113     16    -15     25    -62   -131    -57    -21    -43    -83    -59    170    -95   -262   -396
  -484   -265   -169   -158   -189   -353   -313   -114   -149   -244   -195    -80   -154   -196   -569   -479
