  -119     78     24    -15     40     91     31     55   -141      0    -82    -18    -57     93    -11     72
  -254   -129   -170   -127    -59     34     40      6   -149    -72    -94    -51   -192     81    -11     47
  -200   -199   -151   -224   -194   -104    -75   -114   -163     58    -86   -126   -195     80     -5     23
  -177   -126     -9   -133   -231   -397   -164   -106    -16    109     94    -87   -207     64    -88    -32
  -418   -310     38    -23   -267   -383   -359   -307   -217   -181     -5     21   -127    -70   -231    -26
  -509   -243   -249    -32   -237   -703   -475   -517   -343   -294   -415   -147   -212   -281   -239     63
  -270   -185   -133    -35    -85   -296   -376   -315   -169   -151   -248   -234   -197   -178    -28    165
  -198    -34   -132   -227    -25    -95   -173   -373    -60     -2   -139   -338   -124     20    -23    158
  -171    -31    -22   -129   -325   -115   -250   -415   -384    -93   -106   -274   -131   -220   -244    -42
  -157    -39    -48    -84   -319   -297   -138   -106   -223   -124    -96   -146   -184   -180   -197   -303
  -130   -155   -120   -138   -257   -354   -177    -87   -210   -166    -72   -167   -189   -200     53     31
  -177   -101   -307   -289   -169   -211   -182    -41   -119   -154   -167   -235   -405   -397     49    104
  -182     14   -263   -260   -617    -76    -27    -34    -44   -163   -137   -250   -455   -452    -49     85
  -188     -9   -148   -127   -398   -113     -3    -57     12    -69   -141    -32   -223   -413    -28    106
  -173    -55    -92   -140   -260    -29    -70   -109     15    -63   -149    -28   -137   -302    -19    107
  -415   -151   -105   -233   -296   -397   -152   -168   -122   -106   -190   -190   -229   -405   -420   -142
