  -281   -112   -116   -128    -85   -175   -191   -108   -173   -164   -192   -149   -236   -184   -124   -156
  -170   -135   -243   -238   -179   -111   -123    -83   -104   -138   -160   -104   -285   -423   -133   -128
  -170   -208   -161   -185   -202   -227   -231   -307   -271   -345   -137    -95   -254   -379   -188   -216
  -338   -224   -297   -113   -143   -273   -250   -220   -155   -310   -165   -120   -225   -286   -194   -534
  -638   -305   -425   -158   -125   -372   -328   -192   -163    -48   -114   -124   -216   -103   -329   -633
  -436     -9    -77   -281   -139   -224     84    -35   -124     13     -6   -199   -329   -224   -337   -527
  -338     24     35   -232   -274    -42    -12   -222   -347    -22    -17   -172   -216   -173    -89   -466
  -346    -51     48    -60   -282   -283   -155   -419   -397   -194    -85   -223   -169    -38    -68   -485
  -306    -64    -10    -34    -62   -441   -355   -273   -146   -262   -146   -170   -166   -171    -55   -449
  -302    -96   -176    -74   -100   -412   -300   -115   -264   -244   -146   -176   -389   -218   -178   -214
  -273   -131   -169   -222   -339   -307   -186    -97   -193    -89    -72   -164   -384   -240   -240   -316
  -255   -157   -121   -239   -341   -274   -153   -105   -116   -125   -186   -170   -374   -231   -271   -417
  -316   -193   -217   -373   -329   -328   -108   -102    -88   -102   -111   -210   -318   -211   -365   -347
  -383   -200   -160   -276   -214   -331   -187   -127    -95   -115   -150   -217   -127   -321   -281   -413
  -346    -80   -131   -164   -154   -169   -306   -181    -56   -195   -212   -166    -92   -326   -182   -404
  -307   -185    -97   -174   -216   -262   -188   -140   -119   -191   -211   -141   -151   -227   -239   -390
