  -130     93      1    -38    124     39    -31     43   -169   -142    128    132     47     62     -4     13
  -358   -157    113      7    -56   -131   -218    -39   -278   -165    -89    -72   -464   -662   -223    -65
  -299   -198   -124    116     90     25    -34    120     25   -266   -263   -149   -453   -635    -97   -102
  -564   -201   -405    -51      0   -208    -77    158    210   -214   -377   -167   -346   -361   -152   -369
  -997   -410   -666   -192   -249   -553   -331     95     30    -54   -123   -188   -313   -314   -502   -587
  -970   -117   -116   -274   -204    -75    218    195     76    115     55   -373   -179    -84   -364   -877
  -785     26    -63   -213   -164    -41     86   -328   -377      8   -167   -371   -149     58    -17   -866
  -675    -23    -65   -110   -167   -199   -288    -21   -514    -78   -266   -272   -246   -103    -78   -888
  -535    -54    -40   -172    -76   -672   -353   -132   -217    -20   -247   -393   -397   -121    118   -678
  -538    -50    -83    -73   -278   -563   -421   -217   -133   -395   -174   -427   -546   -190     43   -173
  -581    -97   -321   -110   -297   -355   -263      6    123   -162    -68   -265   -569   -222    -92   -268
  -545    -94   -233   -285   -364   -111     89     40     11   -111    -43   -228   -569   -472   -392   -428
  -618   -167   -451   -530   -490   -343     59     -4      0    -13    -32   -176   -206   -815   -746   -403
  -597   -135   -360   -523   -275   -323     -5    -73   -188    -65      2   -422    -86   -848   -623   -518
  -572     58   -136   -128   -232   -261   -361   -130   -191   -150   -281   -352   -304   -675   -417   -604
  -650    -23   -136    -60   -351    -66   -267     21    -85   -243   -185   -174   -253   -421   -283   -665
