  -113    -48   -101   -149    -59   -119   -117    -58   -188    -31   -112   -101   -103   -105    -53    -71
  -129   -112   -127   -179   -131    -99    -36    -23   -181   -143    -97    -19   -208   -248    -80    -24
  -149   -248    -87   -181   -192   -179    -25   -131   -297   -298   -182    -72   -207   -157   -157    -29
  -314    -89   -188   -116   -199   -200   -134   -204   -179   -310   -205   -127   -228   -166     20   -147
  -564   -279   -340   -244   -123   -206   -234    -98   -128   -206   -227    -67   -159    -64    -80   -303
  -489   -277   -394   -389   -184   -414   -113   -299   -186   -116   -361   -145   -252    -97   -241   -250
  -118    -83   -105   -288   -256   -105   -209   -205   -187   -160   -286   -265   -280   -225    -10   -240
  -165    -36    -94   -308   -307   -225    -87   -251   -266   -122   -209   -411   -218     39      6   -222
  -193     13      5   -178   -316   -351   -163   -165   -305   -175    -87   -366   -213   -113    -88   -289
  -176     51    -12   -199   -288   -489   -245    -70   -146    100    -29   -148   -283    -36    -89   -370
  -148    -42    -98   -159   -345   -454   -171    -33     12      7   -138   -178   -308   -120   -211   -294
  -172   -166   -128   -172   -338   -262    -86    -40    -15    -83   -202   -289   -421      0   -187   -238
  -155   -112   -114   -230   -668   -163    -90    -35    -75   -118   -173   -228   -342   -171   -253   -256
  -166    -43     15     -7   -307   -208   -129     23    -78   -121   -151    -43   -177   -290   -206   -277
  -249    -55   -197    -30   -144    -90   -155   -129    -26   -191   -113     40   -208   -326   -135   -254
  -335   -148    -63   -129   -266   -461   -177   -149    -59    -98    -78   -100   -269   -501   -405   -296
