     1     24     92     36      3    -23     38     52    -44     75     94     16    -19     67     28     62
    40    -70     52     29      0    -40    -22     39    -32    -55     26      9    -75   -123     48     34
    73     54     69    102    -24    -66    -31     -8      4   -118     21    -17     -9   -113      0     16
   -37   -104     48     23    143     20     41   -206   -309   -363    -38     29     71   -105    -24    125
  -154    -12   -211    116     51     -1   -253    -36     14    -41   -196    -46     87      6     12   -210
  -332   -141   -214    -72    121     22    154     31    118    267     29    -92    -82    154    -99   -106
   -70    -59    -39   -261    -71     95     25    -92     48    -18    139    -51   -157   -358   -273    -96
   -97    -87    -11   -109   -238    -16    102    -79   -218     13     65    -56   -232    -88   -163    -97
   -77    -80   -127     22   -150   -113     -8    346     39   -100    -71     91    -81   -133    -63    -63
   -54    -14    -15    -56    213   -305   -124    -47     75     37    -18     10   -152     64    278    304
   -35    -60   -141   -120    202    112    -59     -9    132     89    -25    -29   -200   -202   -278    -44
   -76     79     39     49   -172    293    231    122    188     55     56    189    -47   -124   -228   -154
   -31    -36     96    214     12    -17     55     42    142    168    111    123    139    194   -226    -80
   -41     56    161    -30    159    -99     86     -8    -84     51     -8     65    141     16   -264   -100
   -93    -57   -120     -1    -82     11    -14    -75   -123     49     66    -31     25   -151   -240    -86
   108     91     71     77     93    143     31    107     91     22     40     64     19    119     75    137
