  -151   -138   -112   -142   -153   -154   -118   -104   -154   -107   -117   -133   -133   -101    -83   -123
   -40    -76   -143    -60    -15    -15     27    -43    -29    -73    -32     46      5    -21     14    -47
    67    -69    -41    -94    -50    -18    -71   -120    -91    -38     42     51    -17    -59    -27    -81
   -49    -39    107     74    -18    -58   -204   -340   -318   -247    -24     57    -20     -3    -82   -148
   -77   -147    -67     67    -25   -217   -172    -44    -69    -86   -103     10    -46   -111   -135   -460
  -166   -149    -69    -12    -27   -171   -103    -58   -180    -73    -55    -75   -113   -164   -167   -327
    63    -84    -43   -105     18      0    -23     37     49     -4     -2   -149   -223   -308   -143   -189
    86     11    -18    -82    -16      0   -102   -257   -189    -49    -74   -129   -126    -39    -39   -202
    36     -4    -14     39    -89    -12   -102   -139   -128    -69   -112     27    -10   -111    -51   -339
    18     11    -10    -31     44    -89      2    -21    -86    -20    -48     37     41   -115   -124   -237
   -15    -45    -90    -98    -25   -114    -89   -134   -187    -94   -103    -97     -9   -125   -139   -215
    16     -8     99     76   -101    -63    -95    -39    -26    -59   -106    -87    -30    -17    -51   -238
    49      9    127    120    -38   -101    -90   -139    -66    -64   -139    -49      4     94    -55   -193
    23    -86     -5     31     -3   -152   -121    -90    -74    -73    -88     23    -22     19   -114   -242
    -6    -86    -75    -69    -66    -93    -22    -46    -20    -19    -18     -7   -107    -59    -65   -229
  -136   -274   -166   -145   -235   -396   -397   -205    -92   -113    -45   -111   -312   -391   -503   -659
