  -262   -201   -210   -240   -205   -203   -214   -162   -353   -319   -153   -196   -225   -114   -186   -197
  -477   -289   -141    -80    -65    -67    -87    -90   -226   -165   -126    -36   -201   -144   -133   -110
  -290   -243   -113   -107    -79    -12    -86    -24    -41    -31    -70    -70   -216   -177    -96   -180
  -235   -230     -7    -51   -104   -176   -227   -266   -228   -248   -172    -54   -212    -63   -197   -314
  -514   -547   -228    -70   -211   -420   -291   -112   -111   -292   -185   -102   -205   -296   -318   -489
  -672   -452   -294    -83   -227   -652   -552   -490   -469   -430   -381   -245   -147   -213   -234   -448
  -454   -295   -296   -184    -66   -307   -319   -469   -169   -207   -332   -245   -179   -223   -122   -313
  -298    -63   -231   -293    -46    -94   -276   -308   -343   -112   -251   -211   -173    -61    -30   -332
  -261    -66   -102   -223   -316   -229   -394   -442   -474    -95   -332   -255   -235    -95    -60   -506
  -294    -44    -43   -166   -376   -340   -176   -161   -247   -305   -213   -184   -245   -284   -237   -430
  -324   -166   -296   -204   -241   -333   -154   -174   -264   -314   -189   -218   -269   -188    -91   -270
  -291   -132   -228   -190   -266   -197   -177    -94   -149   -204   -161   -316   -435   -267   -106   -301
  -257    -67   -254   -195   -583   -199    -81   -186   -151   -262   -247   -233   -374   -528   -247   -233
  -291   -194   -327   -181   -352   -231   -106   -187   -192   -200   -168   -222   -221   -454   -209   -262
  -280   -116   -234   -184   -266   -187    -89   -121   -148    -82   -244   -201   -238   -337   -127   -282
  -440   -253   -272   -198   -388   -428   -469   -246   -183   -211   -183   -214   -358   -528   -455   -785
