  -190   -198   -216   -248   -271   -326   -315   -176   -353   -355   -214   -268   -414   -247   -164   -258
   -90   -204   -183   -107   -141    -82    -87     15    -98     24     27    -35   -220   -275   -157    -92
   -56   -208    -24    -97   -142   -104    -30      1     -5   -154    -56    -35   -158   -137   -193   -210
  -205   -195   -205    -99   -101    -13   -115   -319   -375   -423   -234    -74   -146   -109    -36   -373
  -655   -569   -445   -296     30    -34    -11    -99    -68   -239   -249   -205   -124     47    -65   -447
  -171   -582   -231   -468    -95   -334   -269   -384   -158   -243   -294   -231   -163   -138   -121   -395
  -127   -205   -303   -374   -260   -175   -160   -295   -272   -219   -223      6   -111   -221    -73   -362
   -13    -93   -223   -376   -356   -366    -65   -226   -496   -234    -76    -47    -33    -42      0   -364
   -34    -60    -51   -314   -238   -693   -398   -397   -327   -260   -250   -144    -39      0     -4   -433
   -15    -36   -132   -268   -520   -542   -421   -162   -202   -139   -116     13   -224   -211   -162   -323
   -30    -99   -237   -351   -575   -339   -149    -64    -51    -22    -62      8   -267   -182   -305   -420
     4   -256   -284   -448   -520   -347    -40      9    -10     19   -124   -199   -293    -14   -288   -531
  -100   -186   -328   -491   -836   -324     21      7    -80   -100   -102   -186   -315    -37   -224   -413
   -73   -123   -275    -77   -496   -110    -99    -94    -84   -204   -105   -197    -42   -125    -77   -433
  -130   -133   -285   -132   -280    118    -79   -183    -95   -170   -261   -145    -93   -173    -31   -363
    24   -118      3    -29   -182    -39    -23    -76     38     -9    -98    -30    -56   -142    -18   -363
