  -222   -105   -124   -141    -87   -194   -206    -69   -259   -250   -101    -77   -344   -174   -130   -155
  -225   -251    -75   -156   -166   -125   -124     10   -172    -40    -14    -39   -398   -391   -244    -99
  -273   -332     29    -29    -31   -135   -169   -195   -189   -318    -45    -46   -311   -210   -229   -281
  -409   -453   -318    -75    -67    -76   -149   -249   -111   -285   -213   -104   -302   -185   -138   -715
  -759   -761   -424   -259     40   -293   -111   -127    -21   -178    -30   -217   -270     40   -315   -567
  -287   -284    -98   -388   -147   -449   -311   -436   -226   -263   -185   -144   -360   -193   -372   -367
  -408    -88   -278   -221   -294   -279   -165   -657   -515   -212   -304    -20   -174     25    -44   -297
  -292   -103   -192   -217   -266   -410   -100   -378   -436   -331   -148   -115    -32     34     29   -303
  -265    -27     14   -332   -124   -693   -536   -482   -284   -202   -276   -201   -105     37     42   -236
  -233     -4   -119   -162   -616   -350   -460   -159   -354   -242   -192    -63   -453   -301   -184   -211
  -204    -83   -114   -298   -569   -403     -9     49    -25     13     13      2   -475    -88   -204   -336
  -154   -249   -370   -517   -264   -345    -23      8    -81     26    -47   -185   -510    -27   -290   -490
  -300   -184   -471   -645   -905   -230     32     25    -93   -149    -55   -173   -501   -192   -327   -295
  -305   -158   -398   -155   -591   -118    -57   -130    -66   -194    -95   -271    -82   -359   -200   -314
  -337    -73   -146   -184   -281    -26   -164   -245    -91   -154   -387   -184    -85   -372    -90   -269
   -71     46     79    -42    -79    -12    124    -30     63     29   -183    -33    111    -52    248      4
