  -314   -156   -135   -151   -110   -189   -197   -100   -211   -224   -172   -187   -239   -185   -123   -168
  -407   -225   -262   -219   -170    -33    -19    -27    -34   -175   -222    -38   -182   -329    -82    -73
  -268   -260   -118   -245   -206   -175   -246   -390   -346   -312   -118     16   -137   -357   -158   -181
  -344   -198   -118    -39   -203   -227   -344   -364   -295   -422   -251    -45   -166   -179   -252   -705
  -907   -443   -410   -127   -119   -313   -291   -234   -272   -425   -260    -43   -145   -205   -388   -751
  -725   -220   -398   -296   -192   -679   -652   -620   -759   -593   -408    -99   -340   -370   -245   -703
  -280   -208   -119   -299   -216   -332   -302   -455   -436   -146   -208   -196   -239   -209     -9   -550
  -235     26    -48   -159   -262   -186   -190   -410   -519   -213   -107   -193    -92     92    105   -571
  -226     56     64    -74   -257   -358   -320   -697   -507   -197   -186   -157    -99    -23   -106   -828
  -267     19    -18   -133   -287   -421   -146   -163   -245   -206    -91    -29   -177   -429   -564   -817
  -228    -44   -179   -239   -448   -381   -186   -152   -388   -257    -89   -111   -168   -187   -211   -539
  -179   -166   -166   -104   -340   -487   -385   -183   -180   -156   -222   -334   -346   -143   -104   -508
  -171   -107   -221   -310   -544   -357   -146   -207   -215   -292   -299   -292   -524   -453   -143   -431
  -363   -346   -250   -121   -242   -352   -263   -124   -113   -137   -159   -183   -244   -295   -130   -513
  -361   -105   -154   -104    -96   -270   -251    -81    -38   -141   -196    -79    -62   -173    -30   -506
  -510   -354   -328   -208   -315   -622   -543   -364   -243   -261   -154   -165   -299   -537   -590  -1091
