  -241     52     47    -50    -20    -23     70     25   -124    -71    -62      1    -89     54     57     12
  -218   -186     -7    -24    -22    -25     29     24    -68   -152     43     38   -198   -183     85     -2
  -155    -31     78     85    -91    -58     12    -42     12    -29     62      3   -147   -208     67    -28
  -317   -180     -1     40     81   -208   -169   -197   -129   -193     49     62    -89   -133    -49   -289
  -888   -235   -233    131    -79   -174   -194    -56    -14    -69   -113     -5   -111   -177   -307   -347
  -923   -184   -294    -82     15   -106    -85   -105    -14     63   -114   -165   -190   -122   -230   -360
  -433    -80    -76   -246      9     -8    -87   -269    -77     -4    -33   -232   -221   -138   -111   -356
  -413    -12    -55   -179   -224     41    -82   -238   -251     44    -60   -131   -168    -70    -88   -333
  -364    -16    -80     20   -236   -270    -71    137   -200   -111    -94    -50   -196   -142    -57   -430
  -328     -6      3    -14     42   -515   -139   -145    -23    -43   -102    -70   -227    -62     -2    -66
  -308    -86   -171   -101    -72    -91   -161    -39      6    -49    -35    -61   -272   -273   -190   -116
  -312     52    -52    -11   -363    111     72     26    -27    -51    -68     55   -218   -147   -194   -183
  -334      6     13      9   -302   -231     29     -1     31     35    -39     14    -74   -196   -303   -199
  -341     35     11   -234   -109   -262     17   -117    -55    -10   -111    -13     -6   -316   -254   -263
  -452    -96    -76     35    -61   -208   -163    -22    -40     34    -30    -85    -80   -277   -196   -296
  -487    -46    -54   -108   -179   -346   -238    -49    -38   -114   -105    -77   -206   -207   -377   -472
