  -136   -123    -80    -56    -60    -67    -44   -105     28     55    -82    -19    -47   -118    -31   -111
    70     12    -23    -37     25    -32    -38   -112     23   -106   -116    -68     75    150      0   -132
   -22     70    -12     14    -80    -39   -116   -176    -84    -52    -30    -47     29     58    -91   -152
   174    -27    127    -70     21   -203   -187   -147    -58    -70    -27    -33      2    -34   -193   -223
   255     93    170    -35   -101    -73    121    -49    -60     49   -114    -53    -73     10   -138   -119
   181    221    132    126    -81    -34     63     37    -59     44    115    -28    -99    -81   -150    -47
   -47    -12    149    -29    -69    -20    -85    -26    162    -81    103    -85   -155    -52   -101    -60
   -87    -49    112     66    -72    -16    -40   -150    213   -101      2     34    -37   -134   -135    -51
  -131    -40    -57    191    117    286    -74    146    123    -50     55     96   -148   -100    -53    -34
  -113   -102   -148    -61    286     57    144     66    -33    -54   -138     10   -146     -8   -116     21
  -140    -23     34    -24    308     98     74   -109   -207    -85    -97    -53    -70     64    -65   -125
   -58      2    249    317    -28     94   -113   -130   -102    -16    -25     56    -50    204    -79   -122
   -28   -145    315    423    341     97   -118   -141    -75    -30    -77     81    -51    122    -46   -162
   -60   -157    164      3    118    -16   -130   -151    -47     12    -79    118   -138     59     12   -143
   -60    -63     83    -16     66   -112    -24    -58    -12     24     92     46    -45    -20    -10   -126
   100   -157    -37   -112     90   -130   -105   -193    -82    -22    -11    -14    -87     -5    -48   -118
