    20   -108    -60    -24    -54    -89     -6    -29    -33      3      7    -24    -31    -76    -11    -70
   -85    -50     21    -52    -91    -93     44    -24    -25    -58    -43     15     39    -71      2    -55
   -56    -74    -47    -76    -53    -63     35    -55   -132   -144     34     23     59      5    -38    -88
    21    -33    -42    -40    -57    114     48   -126   -199   -212    -45     25     12    -41     48    -83
    56   -228   -145    -80     51     55   -109    -39    -64   -111    -90      4     23   -112    149   -209
     9   -260   -196    -71    -10   -271    -71   -174   -134    -53   -104     51     -6     89     -9    -27
   -60   -144   -118   -110   -115      8    -70   -169     55    -37    -55     89    -45   -188   -206      5
   -38    -99    -65   -212    -88    -38     -5    -58    -81    -81    -26    -28   -174    -75    -99     -7
   -33    -77    -72   -107   -205    -20   -210    -54   -156    -47    -72    -73   -120    -62    -70      7
   -53    -35    -62   -146    -63   -112    -71     99   -107     42    -22     32   -182    -44    -37     -7
   -40    -88   -158   -124     33   -210     47    -29    -36      3   -128      9   -143     47   -137    -88
   -24   -175    -30     -7    -28    -25    -56    -19     33     58    -49    -82   -229    163   -161   -134
    47    -86     61     -2   -197     52    -42    -41    -16    -41    -89    -31   -220    160   -186    -47
    -9    -91     86     61     21    -29    -34     -3    -80    -40     -5     23    -11     97   -171    -42
     9    -69   -160    -66     29    -44     40    -84    -41   -103    -30     58     -9     15   -147    -16
    84      8     45     98    162     58     55      9     35     30     97     83     75      8    147     37
