  -219    -38     -4      9      5      0     11     38   -112   -128    -61     35    -95    -79     28    -22
  -300   -209   -107    -37    -71      1     68     22    -17   -113    -27     30    -79    -90      0    -19
  -252   -160    -32    -72    -73    -81   -166   -289   -237    -85     10     33     19     -2    -67   -129
  -205   -207   -105    -54    -71   -227   -270   -295   -174   -207    -82     18    -35     23   -230   -471
  -664   -636   -262   -110    -82   -226   -102    -70    -96   -240   -200    -66    -64   -155   -299   -338
  -403   -543   -419   -238   -191   -638   -567   -522   -396   -411   -352    -87   -206   -409   -178   -133
  -234   -284   -245   -246   -181   -313   -349   -471   -250   -172   -192    -84   -192   -165   -107    -18
  -138    -64   -198   -354   -217   -168   -201   -380   -310   -212   -116    -89    -31    -12      8    -35
  -104    -58    -70   -159   -376   -369   -426   -521   -465   -183   -183    -66    -13    -12    -31   -214
   -95   -103   -141   -209   -326   -332   -192   -178   -291   -204   -134     71   -115   -285   -345   -324
   -84   -206   -266   -324   -350   -261    -60    -68   -290   -178    -58     60    -47    -69    -76   -228
   -44   -182   -172   -152   -255   -257   -160    -28   -127     45   -100    -91   -148    109    -24   -220
   -75    -28   -104   -157   -587   -203    -46    -83   -123   -152   -169    -99   -293    -63     10    -90
  -172   -241   -259   -146   -391   -140   -115   -147    -82    -89    -66    -11    -75   -148     34    -90
  -168   -222   -257   -156   -176   -128   -139    -80    -27   -116   -124    -44    -56    -51     46    -50
  -189    -19    -21    -20     16   -170    -95    -54     26    -13      0     -8      3    -30    136   -231
