  -240   -216   -172   -207   -276   -243   -207   -151   -248   -231   -260   -353   -332   -106   -191   -169
  -214    -97   -258   -166   -103     45     35     -8    -45     28     10     37    -29     83    -23    -22
   -86    -16    -38   -191   -211   -141    -56    -60    -61    140    118     26    -52     65    -38    -88
   -34    -60    167      5    -67    -97   -175   -255   -343    -66    123     85    -36     72    -64   -111
  -310   -194     60    112    -23   -161   -291   -228   -120     11     32     57    -36    -87    -63   -241
  -489   -143     -7      6     28   -273    -35    -60    -45     16     34    -40    -63   -142    -42    -62
  -381     -4     12     51    -14    -44    -28    -99     91     44     68     -2    -47   -267   -157     81
  -285     -2     54     53      3    -60   -102   -300   -217    -59     49   -136   -177    -23    -44     61
  -231    -57    -27     42    -65    -43   -183   -124    -80   -132   -137    -63    -95   -122   -131   -109
  -256    -25     -3     50     -4   -108    -58    -21   -107    -62    -15    -47   -161   -104     33    -52
  -211   -106   -182   -115   -115   -107   -101   -124   -160    -75    -24    -57   -205   -252   -126   -159
  -236    -16    -60   -142   -122    -35    -46    -32    -77   -154   -129    -24   -210   -238    -51   -152
  -187     44    -28    -20   -236   -131    -58    -86     27    -83    -58    -40   -158     31    -71    -55
  -229     -2    -10      9   -165    -78    -62    -88     -5   -116   -144      0      0    -99    -24    -25
  -205   -107    -79   -119    -40     35     54    -74     -9     -4   -122    -27     36    -83    -52     -1
  -350   -218    -82   -195   -209   -296   -238   -193   -118    -74   -146   -139   -108   -210   -375   -423
