  -265   -222   -180   -125    -94   -232   -465    -94   -296   -497   -126   -294   -364   -301   -288   -197
  -358   -317   -207   -114   -220    -17   -328     24   -114   -154   -263   -120   -340   -606   -475    -73
  -270   -147    -78    -73   -151   -219   -439   -211   -182   -360   -438    -94   -232   -509   -454   -273
  -350   -309   -371   -182    -73   -310   -387   -183   -234   -650   -831   -231   -177   -245   -621   -751
 -1063   -776   -834   -531   -178   -455   -333   -105   -206   -511   -547   -399   -178   -143   -635   -759
  -558   -513   -415   -731   -313   -356   -376   -177   -417   -558   -154   -330   -202   -449   -182   -872
  -407   -119   -191   -423   -495   -500   -155   -528   -682   -308   -213   -175    -72    -36     15   -778
  -302     -2   -149    -37   -472   -707   -387   -269   -950   -540   -163   -130    -57     25    123   -823
  -203    -36    -26   -270    -51   -970   -530   -829   -324   -331   -389   -168    -36     46     32   -924
  -226    -86   -133   -257   -651   -446   -500   -503   -228   -606   -154   -169   -193   -547   -340   -608
  -235   -170   -489   -389   -765   -173   -325   -147   -262   -336     31    -90   -242   -318   -270   -960
  -180   -190   -380   -511   -549   -556    -70    -59   -196   -185    -56   -244   -282   -520   -218   -954
  -242   -247   -672   -552   -618   -573    -77   -133   -170   -191    -45   -217   -247   -726   -127   -696
  -366   -483   -706   -299   -509   -245   -308   -177   -279   -269    -96   -489    -94   -500    -21   -683
  -337   -175   -393   -183   -317   -111   -418   -182   -329   -218   -354   -353    -88   -274      6   -657
  -397   -221   -301   -138   -368   -135   -502   -321   -252   -245   -250   -190    -83   -259   -139  -1156
