  -114    -61    -73   -148   -168   -102    -84   -110    -72    -19   -106   -249    -72     12    -38    -53
   -74    103   -154    -74     12     79     11    -11    -64      9     18    -42     72    117    133     30
   -96     47    -93    -97   -137    -28     72     80     28     45      5    -40    -66    -87     63     99
    98    221    268     51    -29   -127   -132    -46   -209     10     15     30     35    -35     71    259
   -53    521    206    208   -122    -55    -81   -128   -109    245    -33     27     50    102     -1      6
  -615    339    251    164    101    -16     68    -72     13    231    212   -132    -51    -88    -54   -246
  -533      9    163    -17     68     83    -39    112    249     99    174   -255   -127   -273    -99   -257
  -425     -2     94    252     43    135     24    166     19    138     39   -154   -237   -182   -166   -268
  -377      4    -57    216    247    295    283    327    265     58     34   -138   -360   -144    -96   -231
  -389    -20     16     95    397   -153    163     56    199    116     50   -201   -263     52     99     98
  -386    128     85    194    304    303   -126    -49     88    -10    -28   -180   -258   -209    -80    -46
  -392    180    353    391    -52    182     62     -8    180    -56    -32     38    -82   -239   -185     46
  -308     -2    281    388    470    -59      4    -17     92     46      0     98     79   -179   -313   -131
  -315     20    215     11     17    -69     12     74     78    105     27    146    -97   -327   -203   -200
  -301     72    189     40     -8    -33     92     92    -11    118    158     22   -119   -312   -213   -223
  -326   -215   -122    -97   -204    -80   -192    -76    -58    -87     18    -56   -296   -256   -539   -433
