  -247    -99    -92     -2    -93     -6    -72   -104    -57   -195   -154   -103   -117    -96    -96   -102
  -163   -125   -238   -121   -162      9    -16   -102     -6    -34     27     -1      9     92     -6    -97
  -142     52    -90   -108   -235   -127   -133   -202   -103    158     63    -15     62    120    -25   -120
  -118    -22      0    -57    -50   -249   -176   -109   -135    153    144     49     35     77   -158   -203
  -480   -175     52     59    -62     10    -28    -26     -1    145     18    -13    -10   -115   -151   -122
  -383   -195   -108      0     28     28    -20     56    117     11    -25    -73     -3   -239    111     25
  -228    -50    -34    -50     -2      6    -72     31    109     17     35    -14     53    -49    -22      2
  -211      0    -72    -70    -26    -78   -190   -115     23    -76    -40      8     70    -50     -5     20
  -172    -74    -93     43    -63    -66    -64    -36    -46   -201    -83    -18     80    -78    -45   -103
  -156   -142    -80     35     18   -117    -54   -139    -64   -111    -78    -38    133    -45    -45    -91
  -137   -180   -131   -102   -166    -35   -171   -165   -176   -152    -72     -2    138   -193     37   -132
  -145     28    -56   -141   -208   -107   -134   -101   -224   -188   -138      9    124   -175    170    -97
  -129    100    -25     21    -70   -255   -171   -128    -95   -125   -142    -93     36    -20    225    -98
  -196     11   -101   -100   -107    -88   -180   -183    -62   -162   -182    -49      9     33    255    -77
  -193   -172   -152    -19    -35    -87   -128    -11    -10    -96    -79    -84     10    132    144    -61
  -463   -266   -213   -251   -297   -383   -350   -218   -247   -231   -225   -221   -229   -282   -449   -516
