  -174     54    -35    -85     47    117     56     20   -179   -135    -29    101      0     65     11     54
  -318   -241    -93    -60      3     49     17    -27   -207   -125     16    -13   -240     79    -14     18
  -344   -283    -91    -47      6     44   -157   -265   -286     21     -3    -86   -195     60     16    -28
  -264   -230      0    -22   -123   -442   -371   -212     37    144     37    -54   -212     74   -201   -324
  -499   -425     35     39   -289   -506   -149    -48      6   -114    -12    -30   -207   -117   -577    -92
  -481   -239   -209     19   -277   -594   -637   -532   -362   -423   -449   -240   -327   -506   -381      1
  -283   -247   -232    -61     -6   -357   -445   -520   -221   -171   -400   -442   -359    -98     30     87
  -205    -28   -232   -250     20    -14   -306   -319    -55    -78   -334   -336    -75    -15     21     82
  -176     -5    -31   -164   -268   -134   -278   -430   -465    -20   -227   -278   -181    -36      2    -53
  -170    -71    -43    -69   -382   -265    -66   -195   -242   -226   -206   -187   -195   -233   -273   -314
  -192   -121    -65   -165   -250   -247    -42    -32   -190   -275    -83   -186   -155   -122    137     -3
  -160    -13   -200   -113    -69   -180   -164    -33   -121    -99    -93   -258   -244   -155     78     46
  -184     78   -215   -140   -529   -107    -11    -69   -121   -240   -200   -190   -264   -597    -56     71
  -226   -127   -384   -187   -490   -131    -13   -127    -26    -72    -74    -56   -277   -554    -81     76
  -221    -97    -66   -161   -350   -241    -70    -13    -17     -8   -165   -115   -287   -387    -21     74
  -321    -45   -135   -161   -294   -342   -130    -64    -53    -75   -120   -167   -262   -378   -196   -141
