   -84    -51    -40    -56    -58      1    -89    -41    -89   -147     10    -90     30     24    -62    -18
  -274    -70   -105     32     36    136    -54      6   -125    -35    -18    -70    -29     72     31     30
  -218    -74   -127    -61    -17     66   -104    -42    -60     26      0    -81    -65    -50     44     30
   -82     -7    103     39     -2   -126   -197    -90   -155     -6    -77    -24     38     17    -85     86
  -161     51     31    146   -179   -238   -318    -57    -20     18    -86    -42     63     39   -180   -114
  -376    -78     78    157    -30   -301   -353   -294   -203   -168    -81   -233    -62   -192   -102   -276
  -311   -174   -130    -63     24   -147   -238   -218    -69    -56   -112   -263   -141   -282    -92   -217
  -193    -38   -136     53     74     13   -118     49   -105     33   -119   -122   -179   -110    -72   -250
  -140    -48    -94    -62     92     98     15   -124     46      5   -178   -134   -197    -68     13   -247
  -168    -83    -41     -3    -11   -108     46    -72     35   -227    -28   -218   -132   -130     21    -14
  -200    -36    -82     24    128    301    -39    -18    -71   -184    -47   -200    -94   -169     69    -71
  -199    123     53     27     11     49     42     38    108   -107     14    -96     32   -398    -25    -51
  -181     34   -125     84    216    -49     45    -43      9    -84      0    -60    129   -531   -140   -110
  -225   -122   -285    -83   -168    -71     30     52    -51     15      3    -79   -113   -358   -130   -138
  -151     39    -52    -78   -330    -75     42    131   -111     82      0   -154   -163   -258   -114   -160
   -83    -45   -155     24   -206     98   -100     68    -24    -76      7    -34   -194    -77    -76   -312
