  -348   -253   -170   -136   -208   -284   -333   -149   -225   -414   -344   -378   -354   -317   -256   -208
  -378   -267   -277   -187   -227    -58   -142    -27      8   -198   -189    -50    -85   -376   -212    -76
  -278    -80    -40   -140   -233   -259   -325   -292   -187   -236   -188      6     24   -304   -236   -177
  -224   -201   -251   -120    -46   -189   -311   -256   -274   -451   -365    -65      4   -149   -407   -533
  -746   -472   -506   -231    -47   -119   -223    -95   -175   -323   -314   -168    -35   -222   -307   -498
  -531   -384   -480   -408   -123   -266   -374   -220   -383   -420   -173    -51    -96   -336     -9   -338
  -327   -133   -139   -291   -274   -301   -160   -380   -445   -166    -81     22     32    -26     -1   -281
  -279    -16   -114    -79   -307   -341   -237   -372   -577   -304    -45     17     27     62     94   -304
  -177    -49    -69   -105   -174   -498   -295   -526   -288   -316   -196      4     84     20    -32   -460
  -196    -96    -87   -137   -267   -252   -249   -333   -201   -355    -95     -3      8   -365   -333   -372
  -140   -200   -355   -294   -506   -101   -221   -162   -328   -242     -4     47     28   -252   -226   -510
  -153   -126   -240   -264   -336   -353   -165   -129   -270   -178   -109    -41    -37   -216     -4   -462
  -152    -98   -331   -282   -308   -419   -162   -160   -190   -186   -114   -137   -169   -254    107   -276
  -299   -323   -370   -231   -212   -284   -264   -181   -209   -205   -136   -258    -10   -103    131   -248
  -249   -250   -358    -76    -71   -194   -341    -88   -172   -191   -180   -184     81     78     94   -237
  -441   -203   -258   -149   -215   -318   -439   -245   -244   -253   -201   -133    -49    -77   -202   -671
