  -299   -204   -171   -234   -285   -282   -225   -149   -298   -269   -432   -461   -389   -192   -188   -137
   -65    -66   -249   -184    -95     31     55     46      3   -110   -100     -8   -112    -91     29     34
   -11    -10    -86   -193   -292   -121    -76   -124   -114    -46    -42    -35   -104   -124     -3    -27
  -100    -94     16    -50    -48   -245   -340   -365   -399   -242    -24     14    -46    -57   -160   -202
  -450   -254   -127     31   -144   -261   -285   -173   -146      6    -69     -2    -31   -118   -208   -381
  -434    -64   -123    -31    -60   -265    -42    -46   -108     33     57    -74   -123   -252   -208   -291
  -209    -61     59    -96   -131    -65    -63   -140    -55     14    126    -95   -152   -288   -143   -206
  -194    -22     46      0   -124   -104   -170   -434   -288    -69     14   -118   -174    -53    -80   -229
  -153    -46    -53     96    -83   -122   -232   -122    -86   -135    -70     26    -65   -181   -127   -254
  -152    -67    -88    -23     82   -232   -105    -49   -102   -131    -45     -4   -146   -140    -31      0
  -130   -123   -251   -173    -78    -68   -147    -94   -152    -88     -8    -25   -153   -274   -168    -94
  -128    -36    -21     14   -170     27     -2     23     18    -43    -28     53   -222   -257    -84    -84
  -106    -45     -9     18    -34   -100     18    -22     75     70     34     27   -161    -80   -150    -93
  -187   -108     20   -193    -46   -177    -26    -44     -8     24    -31     38     12   -174   -142   -141
  -191   -135   -127    -84    -35    -91   -112    -75    -43    -24    -16    -17    -16   -163   -134   -163
  -281   -152    -13    -84   -105   -160   -121    -74    -50    -73    -40    -30    -98    -74   -302   -476
