   -94    -71    -98   -115   -129    -56    -91    -81   -170   -152   -141   -165    -93    -30    -89    -40
   -11    -21    -78    -41    -35     46    -19     -1   -101    -27     33    -16   -106     28     -8     18
   -43    -27    -70    -35    -94      0    -15     -5    -82     54    -58    -88   -132     -2     10     17
  -133    -30     -9    -39    -21   -145   -184    -62   -107    120    -29    -35    -61      8    -66     12
  -311   -134     46     30   -181   -189   -103      1     21    181     38    -43    -57    -63   -161    -62
  -292    -45    -17     38    -86    -58    -27     15    107     46     30   -132    -48   -210   -102   -177
  -106    -70    -64     12    -64    -72    -92    -45     -8    -36    -41   -176    -80   -107    -55   -175
  -132    -57   -116      0     30    -47   -162     21    -13    -41   -117   -169   -143   -104    -88   -173
  -113    -47    -84    -55     -4    -46    -67     31     41     -5    -90    -96    -39    -39      5    -89
  -108    -84    -53    -13    -50    -55    -90    -81     -8    -95    -31   -120    -34    -24     93     26
  -115    -52    -87    -18    -31     78    -73     27     93    -69    -13    -79    -33   -148     42    -36
  -125     43      5      5    -18     32     76     40     35    -62      4    -24     26   -196     21     31
  -113     48    -71     16     57    -55     11      1     32      6     47     -2    139   -128    -43    -76
  -126     -5   -118   -149   -140    -31     12      1     -6     -9     -7     -8     -2   -230   -101    -95
  -152    -41    -47    -58   -143    -69    -51     13    -48    -10    -10    -72   -149   -197   -136   -134
  -239    -38    -45    -80   -200    -87    -66     22    -19    -61    -49    -96   -143   -159   -181   -222
