  -312   -145   -137   -115   -127   -160   -112   -126   -137   -217   -346   -249   -330   -204    -89   -150
     5   -146   -328   -271   -161    -37     51    -63     21   -155   -146    -62   -206   -146     84   -105
     5    -69   -158   -241   -361   -214   -146   -358   -235   -147     63    -50   -153   -128    -27   -215
  -118   -249   -106   -101   -128   -367   -321   -340   -265   -172    144     13   -138   -168   -158   -545
  -371   -338   -151     30   -125   -317   -284   -260   -158    101      5    -20   -158   -121   -310   -465
  -138     29    -45    -39    -57   -114    147     64     12    131     29   -148   -254   -204   -271   -212
    37     21    111   -159   -149    121     27    -95    -42     96    126    -82   -168   -225   -151   -228
   -96    -18    127    -80   -211   -115   -162   -593   -147    -72     -5   -120   -121    -77    -95   -229
  -112    -73    -47    110   -107   -132   -314    -50   -113   -281    -90     18    -70   -242   -124   -279
   -94   -130   -167     29    119   -343   -119     13   -265   -136   -176    -50   -230    -58   -112    103
   -61   -216   -149   -168   -139   -200    -99   -140   -275    -92    -86   -113   -265   -253   -157      2
   -33    -93    -27    -78   -288    -47   -144    -83   -134    -92   -167    -64   -315   -189   -108   -111
   -40    -81     66    -65    -46   -217    -69    -56     30      9    -43    -92   -308    -12   -156   -119
  -133    -65     68   -218     -1   -294   -133   -160     28    -37   -171     -7   -125    -90    -95   -202
  -154   -151    -99   -115      1   -189   -187   -116     52    -79    -61    -32      2   -138    -77   -196
   -75    -73     61   -106    -10   -177     30    -43    -57    -81   -117    -39    -19     46    -38   -220
