   -53   -117   -117    -47    -58    -49    -89   -108    -59    -91     17     -8   -109    -50   -104   -156
   -41    -84    -14   -116   -179    -90   -149   -129    -71    -18    -76   -108   -162    -80   -210   -188
   -42    -42    -96    -46   -152   -112    -88    -63    -58    -15    -61   -119   -188   -113   -159   -249
   -91   -122    -83   -144    -92    -95    -25    137     89    148    -65    -78   -162   -111   -146   -439
  -373   -246    -28   -138   -109    -37      8   -133    -57     73     39    -95   -205   -138   -162   -231
   -86     48    114    -13    -60     63    119    141     41     -3    122    -91    -90    -84    -34   -400
  -266    -17      1     19   -154    -42     31    -93    -11    -55     21     24     54    130    -80   -394
  -256    -96      3     46    -70   -183   -146    108      0   -195    -24     13    -96   -156   -131   -388
  -244   -105    -62    -27     99   -140   -312   -101     16    -62   -110    -49   -100    -66    -53   -278
  -263   -152   -162    -49    -87    -55   -157    -27    -96   -258   -147   -102   -226   -207    -91   -210
  -257    -65   -154    -97    -57   -159    -62    -82    -70   -141    -83    -52   -189    -56    -28   -335
  -204   -130   -133   -178   -187   -154   -163   -165   -188   -167   -101   -102   -208   -152   -161   -387
  -225   -167   -223   -214   -114   -144   -123   -154   -111   -139    -93   -114   -173   -113   -189   -399
  -283   -162   -156   -190    -65    -30   -150   -181   -103   -162   -156   -222    -59    -68   -128   -369
  -256     -9     15   -116    -37   -106   -122   -145    -91   -128   -238   -178    -41    -86   -150   -383
  -267   -258   -183   -222   -161   -200   -224   -282   -249   -199   -262   -191    -83   -255   -283   -579
