  -171     -9     -5     -2     46     61     49     16    -97    -83     54     83      8     71    -21      5
  -397   -222    -14    -36    -45    -29    -35    -67   -141   -172   -113    -36   -201    -58    -44    -60
  -266   -114   -100    -34    -65     -5   -125   -140    -97    -10      8    -74   -163   -123      9   -113
  -246   -234     18    -28    -30   -263   -153   -127    -55    -65     12     -7   -138    -57   -202   -312
  -517   -379   -111     82   -194   -359   -356   -117    -58   -161    -72    -11   -138   -284   -373   -341
  -669   -209   -210    106   -117   -401   -277   -210   -251   -173   -194   -181   -168   -150   -225   -323
  -470   -180   -126    -99      4   -146   -199   -406    -58    -53   -140   -225   -186   -173   -171   -231
  -381    -47    -84   -168    -22     13   -229   -243   -134    -29   -154   -141   -190    -93    -99   -244
  -321    -85    -93    -48   -222    -48   -301   -196   -314    -46   -216   -142   -248   -183    -89   -333
  -341    -93    -62    -37    -91   -272    -64    -91   -157   -291   -190   -181   -277   -213   -114   -185
  -345   -182   -249   -150     33   -212    -84   -134   -223   -271   -142   -183   -256   -177    -12    -82
  -311    -24   -176   -105   -143      4   -122    -60   -118   -171    -85   -142   -356   -339    -92   -172
  -282    -16   -160    -45   -295    -89    -50   -146    -54   -146   -153   -134   -268   -519   -269   -135
  -365   -129   -202   -213   -101   -204    -42   -170   -144    -81   -136   -145   -151   -370   -248   -154
  -333    -69   -125   -137   -184   -259   -106    -73   -111    -15   -174   -166   -131   -267   -175   -192
  -413   -134   -199   -133   -196   -285   -297   -141   -174   -183   -153   -153   -218   -310   -300   -545
