   -43   -169   -201   -313   -180   -347   -290   -125   -338   -276   -303   -360   -325   -233   -180   -102
    54   -183    -79   -163    -48   -167   -129     21   -117   -272   -250    -40   -310   -482   -184     40
   100   -222    -45    -72    -88    -98    -89    -32   -114   -494   -290    -46   -270   -488   -203     -9
   -31   -256   -224   -104    -32   -155   -190   -296   -260   -744   -485   -150   -223   -340   -209   -211
   -13   -365   -583   -307    -96   -367   -191    -27    -83   -296   -371   -185   -210   -204   -303   -334
   -26   -130   -420   -404   -195    -69    111     49   -189    -39   -136   -177   -233    -46   -366   -380
   177    -34    -19   -368   -265    -17     71   -235   -246    -93    -93   -222   -257   -206    -65   -389
    89    -21     25   -194   -359   -200   -112   -406   -513   -128   -165   -256   -226    -25    -40   -411
    71      0    -10    -98   -220   -378   -326   -119   -328    -92   -176   -118   -204    -69     42   -297
    34     31    -21   -171   -158   -378   -218   -100   -179   -160   -168   -132   -371   -143    -78    -34
    36    -61   -230   -259   -223   -341    -69    -47    -17    -87    -73   -178   -413   -180   -385   -163
    52   -125    -93     16   -265    -40     60     25     75     -1    -13   -145   -491    -76   -349   -251
   100   -230   -126    -99   -321   -115     14    -21     24     50     14    -37   -254   -214   -412   -173
    52   -209    -53   -156     14   -321    -67    -26   -131    -31      3   -129   -102   -292   -410   -214
    43    -80   -234   -116    -91   -223   -211   -198   -162   -107   -109    -77   -143   -384   -264   -240
   179     86     58    104     12    -25     22     67     78     12     49     85     39    -12    124    -63
