   -51      5     46     55    -16     30    109      3    138    159     63     70    109     55     87    -36
  -160     68     18     28     -5     19    108    -31     92     21     52     68    267    215    115    -45
   -87     66     62    -32    -35    -18    111     36     71    151    138    121    180    117     70     13
    48    201    226     82    -14    126     89     86     42    160    160    136    124    105    140     11
  -151    238    252    125     95    311    177    -40    -78     -4     38    143     80    -32    245     27
  -349     24      7    138    124   -100   -227   -226   -204   -130    -28    177     83     -4    209    -79
  -274    -62     10     60    147     -4    -95    101    207     17     40     92     78     70     20    -25
  -165     35      6     38     97    185     97    201    190     81    102    120     48     -1      8     -5
  -179     56     22    130     29    286    211     11     29     65    133     50    -22     13    -85   -175
  -194     51     62     23    182     90    212     95    110    193     99    135    122    -35   -206   -349
  -169    108     99    141    147     49    -12    -59    -98      5    -40    100    176    104     35   -148
  -158     23    192    227     -9    -67   -176   -132   -101    -35   -108     38    144    253     58    -34
  -125     52    258    215     97     -9   -122   -126   -126   -124   -185     16    -13    215    101   -128
  -147     -1    181    162     41     26   -102    -20     19    -30    -87    134      0    214    148   -121
  -171     18    129    124    182    -26     82     97     98     22     81    128     67    245     96   -120
  -400   -299   -199   -154   -104   -457   -391   -284   -156   -113    -26    -68   -216   -308   -576   -596
