   -68    -37    -48    -61    -65    -85    -89    -39   -136   -118    -10    -42   -158    -31    -82    -23
    64    -56     66    -33    -69    -48    -83     31    -63     61    101     20   -235   -177   -105     -2
   -15     54    108    152     10    -20    -36     -8    -41    -69    -10    -37   -134    -57    -63    -73
  -221   -177   -129     -8    113     11    -20   -148   -187   -118    -51    -20    -93    -83    -45   -187
  -458   -238   -182    -28     67    -32    -55     42    116     51     36    -81    -68     19   -159   -245
  -267    -23    -51   -143     48    205    297    225    335    249    118    -57    -87     96   -112   -121
  -166    100    -24    -51   -108     46    133   -152    -84     10     23     12    -53    -51    -99   -186
  -231    -43     -7    -11   -143   -151      1     -8   -127   -113      6    -43    -80    -36    -62   -163
  -196    -29    -11    -91    -22   -327    -98    234     60    -74    -80    -56    -37     18     26    -34
  -154      2     13     17   -117   -155   -244    -84     30    -12    -33    -69   -187     44    249    156
  -130    -21    -52   -126   -137    -79     -1     80    266    115     60     17   -250   -171   -185   -132
  -127     22   -160   -216    -81     82    196    103     57     15     92     53   -147   -132   -161   -253
  -153      2   -166   -147   -283    -58     61    103    110     97    125     40     14    -21   -183   -163
  -155    121    -23    -48    -29     16     56    -39    -27    -35      8   -100    111   -136   -184   -161
  -232    -33    -62      6    -18     26    -79   -109    -70      0   -108    -77     29   -187   -170   -157
   -67    112     95     -7    -39     81    100     68     34     33    -78    -33     95    -19     72    110
