  -195   -115      1    -30    -87   -183   -170    -26    -74    -43   -186   -243   -158   -118   -137    -73
  -262    -61   -149   -117    -83    -20    -69     21      0   -169   -253    -78    -56   -256    -67     -7
  -108    -67    -72   -193   -196   -192   -192   -139    -79   -259   -112    -35    -67   -300    -95    -50
  -163   -147    -99    -55    -12    -52   -109   -179   -216   -412   -158    -52      0   -188   -151   -141
  -296   -126   -294    -20    -29   -184   -527   -260   -235   -212   -157    -29     36    -67      0   -467
  -389    -36   -134    -62     -7   -375   -134   -183   -353    -89     28      9   -111    -15   -158   -422
  -296    -36     20   -154   -172    -99    -63   -229   -291    -55     88     40    -67   -222   -155   -283
  -231    -43     53     66   -163   -165      8   -390   -352    -62     85    -32   -173     32    -62   -322
  -177    -55    -39     36     -9    -89   -178   -250     26   -168    -47     56    -61   -210   -156   -328
  -195    -26    -92    -55     94   -113   -105    -26   -118   -234     -2    -22   -190   -231    -74    -76
  -141   -110   -216   -113     26     27   -106    -82   -256    -49    -12    -52   -157   -171   -206   -194
  -184    -61    -72   -130   -114    -32    -29    -31    -26   -113    -45     58   -197   -337   -148   -239
  -197   -157   -174   -120     36    -55    -45    -95    -19     -9     33    -60   -171   -142   -184   -196
  -275   -203    -70   -139     33   -237    -72      1   -129    -19   -110   -119     27    -67   -166   -214
  -195    -20   -155    -70   -108    -71   -185    -77   -115    -66    -71    -84     91    -87   -117   -239
  -184   -140   -102    -45    -39   -135   -203   -102   -100   -137    -99      4    -27     51   -153   -349
