   -24    -21    -47    -78    -33    -65    -10      9    -58    -76   -104   -122   -114    -70      7    -14
    46    -10    -39    -67    -53      3     95     70     21    -36    -17     31    -61   -127     22     43
    32    -49    -18   -101    -66    -38     66    -24    -98    -62    -18     32    -52    -68     14     18
   -95      0    -48     14    -99    -20   -110    -74    -63   -104    -77      9    -65    -27     45   -140
  -192   -140   -155    -89    -22    -82    -40    -12    -67   -109    -38     14    -36    -55    -64    -68
   -22    -72    -74   -179    -58    -40    -12     23    -48    -69    -18      7    -34   -102    -63    -79
   105     20     20    -21    -49    -23     34     -8    -67     48    -45    -66    -79     -5     21    -59
    74     36     34    -23    -78    -57   -100   -124   -245    -62    -47    -96    -61     47     72    -69
    64     34     50    -20    -75   -194    -35   -154   -142     -2     -5    -45    -23     -3    -32   -127
    62     58     39    -24   -127   -117    -45    -13    -36    118     61     52      7     -9    -64    -67
    55     12    -86    -14   -195   -157    -65      5     15     25     21     33    -56      6    -28    -36
    78   -107    -36     -7    -35    -87      7     37     48     89    -16    -67   -135     76    -60      8
    72    -14     17   -138   -144    -53     72     70     48     68     13     24   -134    -17    -85     30
    71    -31     32     -8    -78    -22     11     68     57     36     69     55    -20    -60    -78    -19
    -1    -50    -17     -4     95    -34      9      0     17    -33      4     83    -50    -25    -35    -15
   -45     54    103     91     85     69    120     30     64     77    114     73     61     44     46   -170
