  -144    -61     -7    -44    -39    -92    -40      5   -162   -107   -114   -150   -230      1    -94     20
  -167   -187    -49   -151    -94    -51     -9     31    -16   -170   -169    -15   -260   -178    -47     36
   -78    -95      0    -38   -145   -121   -183   -228   -148   -209    -26    -23   -184   -259    -38    -77
  -114   -361      5    -40     35   -178   -130   -212   -186   -248    -43     13   -112   -160   -272   -417
  -429   -401   -154    100    -67   -279   -293   -224    -98    -91    -24    -22   -104   -204   -339   -372
  -528     81   -266     48    -34   -314   -213   -225   -305    -87    -33     -3   -262   -110   -258   -306
  -263    -99    -13   -126   -131   -141    -84   -488   -190    -34     89    -21   -105   -127   -179   -220
  -278    -55     33      4   -132    -32    -73   -352   -229    -86     38    -52   -163    -11    -83   -238
  -224    -24    -38     54   -149    -60   -350   -120   -217    -47   -145     90    -71    -78    -87   -202
  -251    -35    -18     24     44   -163   -107    -57   -167   -251   -161    -10   -302   -257    -98     13
  -168    -87   -163   -183     45   -115      6    -30   -113   -128     20    -23   -291   -213   -175    -28
  -166     10   -145     30    -57     84    -32     -9    -19    -59     41     67   -363   -286   -123   -116
  -111    -50   -138      0   -144    -42      7    -66     53    -10     39     21   -317   -170   -207    -52
  -288   -148    -49   -209     99   -224     12   -130    -48     18    -53    -63    -12   -209   -268    -86
  -260    -60    -39   -123    -29   -240   -147   -152    -91     31   -130    -93     90   -231   -213   -136
  -180     26    -33    -43     62   -112    -63    -37    -53    -70   -108    -15    111     40     -1   -172
