  -357      1    -83   -105     69     -4   -120     11   -329   -381    -39     19   -161    -56    -79    -33
  -621   -424   -179   -178   -216   -103   -197    -50   -309   -270   -176   -116   -604   -663   -263    -76
  -528   -341   -264   -109   -163   -151   -311   -299   -328   -336   -268   -189   -447   -571   -200   -219
  -676   -399   -464   -175   -182   -641   -439   -242   -126   -445   -400   -193   -397   -324   -445   -786
 -1528   -891   -870   -285   -390   -798   -619   -142   -148   -364   -365   -238   -360   -417   -910   -814
 -1282   -596   -540   -512   -370   -604   -240   -221   -269   -262   -367   -552   -447   -514   -535   -815
  -929   -209   -216   -468   -346   -297   -243   -732   -557   -112   -332   -539   -404   -285   -145   -735
  -779    -64   -165   -411   -440   -412   -530   -514   -822   -273   -368   -458   -335   -138    -90   -775
  -600   -147   -104   -279   -443   -982   -725   -639   -710   -305   -462   -533   -487   -266    -44   -830
  -608   -202   -217   -217   -572   -998   -567   -421   -393   -625   -329   -482   -717   -482   -281   -479
  -622   -361   -606   -500   -692   -661   -399   -178   -260   -427   -163   -345   -704   -502   -239   -499
  -571   -233   -520   -574   -688   -401   -159    -44   -164   -224   -218   -415   -807   -700   -420   -669
  -632   -188   -652   -699  -1083   -604    -37   -111    -97   -212   -234   -387   -589  -1149   -719   -472
  -750   -340   -620   -610   -600   -505   -171   -242   -261   -201   -145   -485   -273  -1022   -544   -535
  -679   -190   -431   -306   -466   -391   -485   -230   -242   -265   -453   -421   -327   -742   -357   -550
  -790   -144   -244   -165   -464   -289   -370   -116   -205   -321   -285   -262   -302   -534   -339   -893
