  -280    -52    -94   -109    -30    -56   -211    -12   -277   -316   -199   -160   -196   -100   -124    -31
  -243   -261   -339    -93    -51      0   -130    -41   -213   -197   -156     -4   -320   -220   -195     -2
   -38   -131   -203   -214   -216   -160   -233    -69    -53     -4   -183    -79   -296   -170   -204    -85
  -267   -244   -158   -126    -99   -596   -380   -280   -205   -391   -233    -94   -245    -73   -385   -139
  -604   -709   -470   -219   -278   -788   -573   -146   -135   -133   -330   -193   -267   -288   -548   -374
  -582   -660   -333   -423   -281   -249    243    303    175    111    -87   -475   -187   -441   -344   -339
  -230      5    -57   -284   -173    -20     38     12    -57    -16    -83   -398   -292   -406   -158   -210
  -150     40    -50   -285   -261   -381   -426   -685   -572   -146   -258   -471   -235   -113    -79   -238
  -117   -148   -111   -107   -298   -610   -487   -358   -334   -340   -347   -287   -169   -372    -64   -425
  -115   -149   -179   -110   -290   -512   -361   -325   -355   -412   -230   -314   -233   -164     36    -89
  -158   -424   -497   -355   -506   -406   -384   -270   -340   -278   -132   -326   -341   -466   -162   -256
  -176    -85   -211   -485   -571   -176     51     39   -186   -253   -251   -184   -376   -593   -136   -333
  -216    -30   -233   -199   -652   -438   -113   -139     -2    -44    -86   -194    -67   -342   -177   -240
  -153    -77   -347   -275   -491   -343   -230   -217   -175   -250   -276   -190    -72   -503    -60   -231
  -141   -242   -436   -290   -418    -75   -301   -209   -139   -179   -266   -234   -264   -413    -30   -219
  -447   -185    -95   -243   -479   -446   -407   -137   -100   -158   -242   -254   -313   -392   -337   -689
