  -380   -234   -264   -349   -185   -320   -383   -159   -530   -472   -327   -341   -473   -243   -275   -227
  -435   -532   -222   -239   -142   -102   -193    -34   -365   -396   -247    -43   -502   -454   -292    -98
  -330   -416    -47    -92   -209   -198   -268   -201   -245   -384   -242   -123   -463   -380   -301   -294
  -338   -556   -162   -136    -90   -569   -542   -527   -319   -694   -483   -158   -432   -255   -459   -777
  -751   -995   -625   -282   -340   -931   -655   -228   -190   -478   -408   -276   -426   -263   -820   -992
  -800   -544   -531   -419   -404   -809   -531   -494   -556   -481   -491   -458   -456   -386   -715   -635
  -443   -232   -307   -452   -328   -405   -372   -860   -477   -363   -515   -542   -496   -267   -130   -505
  -379    -28   -228   -363   -361   -451   -448   -875   -702   -319   -451   -539   -349    -10     -6   -527
  -336     -5    -76   -292   -382   -642   -692   -559   -606   -310   -500   -372   -386   -251    -84   -725
  -328     26    -54   -237   -631   -737   -435   -317   -453   -459   -390   -313   -572   -408   -255   -379
  -356   -261   -421   -341   -508   -534   -239   -178   -305   -347   -199   -397   -704   -408   -318   -613
  -321   -155   -354   -388   -571   -259    -51    -36   -211   -273   -176   -422   -928   -514   -316   -697
  -296   -205   -435   -311   -950   -366    -54   -125   -125   -239   -173   -288   -619   -871   -483   -451
  -315   -275   -462   -303   -604   -469   -156   -263   -266   -287   -258   -325   -349   -845   -387   -455
  -380   -166   -370   -189   -450   -337   -299   -266   -246   -118   -330   -252   -385   -784   -229   -449
  -482   -262   -248   -319   -603   -723   -601   -380   -228   -255   -358   -264   -464   -758   -626   -930
