  -134    -43   -109   -122     -3    -96   -216    -60   -193   -137    -65   -139    -94    -83   -175    -38
   -80    -82     37    -91   -126   -153   -275    -58   -216   -232   -253    -78   -410   -503   -339    -43
   -30     21    -98      1   -172    -99    -81    126     -3   -258   -447   -184   -408   -492   -230    -35
  -449   -120   -286   -155     -9   -323   -118     17    -42   -401   -506   -226   -317   -330   -256   -145
  -799   -275   -569   -344   -241   -403   -352     51    -44   -156   -293   -203   -264   -306   -379   -463
  -772    -42   -254   -369   -177    274    635    642    305    320    172   -275    -77     53   -242   -783
  -398    185    147   -216   -232     74    240     51    -84    -13    -14   -337   -153    -44    -34   -844
  -454     31     92    -11   -290   -341   -285    -90   -402   -148   -203   -314   -253    -79    -83   -827
  -412    -41    -27     -8    -24   -485   -149    143    -18    -99   -106   -304   -302   -261    -55   -668
  -397     -4    -19    -76    -86   -397   -322   -206     46   -197    -91   -359   -304    -30    227   -195
  -426   -100   -340   -116   -170   -371   -358   -136    132   -107   -103   -276   -405   -295   -234   -434
  -405    -32   -173   -223   -392    -14    138      9    -47   -238    -40   -134   -505   -551   -302   -496
  -396   -184   -286   -176   -305   -209    -74    -72     40     91     12    -97    -84   -616   -487   -561
  -381    -33    -53   -274     34   -245   -152    -73   -245   -125   -128   -299    -23   -522   -405   -602
  -467    -11   -210      1    -49   -203   -390   -209   -253   -173   -197   -187   -232   -462   -310   -685
  -724   -273   -227   -222   -467   -428   -512   -278   -302   -306   -247   -256   -387   -671   -787  -1087
