    14     19     22     63     57     46     15     46      6    -40      7      0     30     20     12     39
  -191    -60    -75    -20    -34    -36      6    -20     21    -78   -159     -8      0    -66    -26     18
   -22    -63   -120   -133    -64    -31    -28     12     43    -22    -85     25     -3   -122    -26     14
    47    -16    -44    -65   -101    -64     47     66     32    -89    -84     -4    -30    -26   -108    -18
   -72   -213   -122    -80    -47    -82    -55   -113   -154   -168    -98     -6    -30   -221    -25      5
  -182   -213   -265    -68    -90   -265   -239   -202   -295   -231   -172      2     25    -92     75   -128
   -58   -134    -72    -82    -21    -79    -56    -35    -29     -6    -15     54    102    -19    -15    -89
    11     14    -47   -143     -3     10    -72    -58   -105     25      0      0     27    -17      3   -106
    26    -23    -19    -44   -195    -33   -164   -322   -287     -7    -65    -59      1    -42    -74   -206
   -22    -45    -20    -57   -108    -48    -13    -44   -137   -155    -62    -22      4   -182   -263   -268
    -2   -105   -142    -83   -144   -216    -94   -112   -216   -177    -58    -29     33    -43      3      4
    -9    -98   -113    -46   -107   -177   -190    -84   -112    -74    -99   -122   -138   -142     38     23
    35    -11    -87    -92   -201   -117    -89   -116    -79   -115   -129   -120   -238   -153     40     -3
   -36   -115    -87    -65    -13   -123   -111    -68    -48    -58    -52    -79    -64    -55     53    -20
    39    -46   -120    -94      1    -86   -101    -55    -10    -83    -85    -40     32     46     47    -48
  -179    -81   -125    -28    -36   -161   -200    -77    -85    -97    -28    -46    -12   -114    -93   -317
