  -254      9     15    -73    -47   -103    -35    -26   -117     55   -177    -65    -45    -24     -8    -32
  -199    -48   -159   -121    -26   -107    -36    -70    -97   -190   -103     18   -133   -272     15    -38
   -77   -119    -58   -111   -156   -189    -54    -73    -56   -186    -78     -9   -181   -314    -63     -2
  -296    -91   -145    -44    -20   -217    -80   -109    -35   -251     24    -21   -144   -228    -35    -50
  -570   -101   -271      8    -89   -279   -303   -103    -97     80    -94     15   -167   -217    -64   -349
  -791    -54   -252   -152    -58   -160    284     99     49    287      2   -105   -202    -74   -238   -354
  -371     78    101   -204   -100    134     45     44    -76     41     80   -172   -171   -191    -66   -273
  -381      0     81   -140   -206    -25    -15   -402   -193     67    -35   -284   -192     -3   -100   -265
  -354    -35    -35     94   -208   -185   -145     94    -94   -187      1   -130   -144   -226    -37   -278
  -344    -21    -82    -26    206   -371   -173    -46   -172    -61    -74   -142   -279     -2     16   -106
  -287   -124   -124   -112    -98   -267   -202    -81   -120      9    -87   -152   -257   -221   -221    -65
  -356    -15     68    -24   -357    -20    -29    -58   -100   -154   -231     17   -225    -75   -164    -97
  -373    -66     72    -36   -264   -227   -151   -128    -46    -22   -107   -107    -61    149   -272   -177
  -360      5    130   -231    -74   -388   -139    -90    -91    -73   -235    -25      6   -206   -230   -223
  -356    -59   -129    -60    -70   -153   -294   -123     33   -141    -63    -53    -73   -261   -158   -261
  -557   -184    -76   -238   -274   -625   -370   -103    -62   -199   -187   -153   -290   -330   -507   -287
