  -433   -240   -168   -169   -198   -278   -337    -94   -412   -468   -312   -409   -448   -272   -222   -192
  -279   -332   -235   -110   -181     35    -57     89    -60   -231   -198     -3   -306   -483   -133    -30
   -96     58    -60   -105   -375   -198   -198   -136   -131   -131   -236    -74   -153   -320   -177   -219
  -426   -254   -188   -133    -22   -432   -501   -580   -674   -803   -452    -56   -105   -159   -437   -591
 -1343   -897   -839   -260   -265   -527   -723   -153   -247   -532   -572   -187    -67   -322   -550  -1078
  -966   -823   -691   -552   -238   -484   -141     -4   -183   -208   -246   -371   -103   -254   -267   -821
  -242   -176   -128   -508   -375   -237   -143   -374   -308   -166    -82   -258   -265   -501   -258   -728
  -276     17    -68   -336   -541   -498   -435   -678   -940   -309   -122   -248   -305    -19     -2   -749
  -202    -82   -118   -126   -465   -859   -510   -395   -452   -440   -325    -94    -93   -295   -201  -1069
  -166    -51    -93   -257   -340   -861   -480   -361   -158   -337   -105    -65   -115   -252    -36   -355
  -203   -358   -745   -444   -510   -329   -452   -247   -273   -269   -105   -129   -280   -530   -397   -741
  -175   -164   -345   -421   -753   -163     56     79    -88   -156   -104   -158   -473   -619   -218   -811
  -147   -124   -301   -232   -679   -463     22    -34     66     69     -5   -139   -281   -577   -253   -596
  -239   -200   -222   -323   -218   -354   -154   -161   -263   -145   -144   -215    -15   -403   -195   -655
  -376   -301   -569    -63   -166   -115   -349   -159   -248   -135   -117   -157   -107   -272   -157   -640
  -585   -265   -173   -144   -379   -371   -582   -300   -232   -247   -146   -161   -317   -434   -579  -1463
