  -172    -22     77     10     -4    -54     15     56   -101   -161   -126   -156   -143     24    -75     95
  -135   -193     52    -34    -20     57     23    121     79   -227   -133     -6   -213   -251     82    117
   -46    113     81    121    -81     -1   -206   -248   -107   -170     22    -17    -34   -321    149     31
  -207   -315      6     82    231   -144   -254   -340   -315   -369    -22     69     85   -162   -287   -347
  -502   -189   -279    308    -74   -234   -544    -65      0   -198    -76     49    107   -212   -460   -524
  -547    122   -308    206     93      0   -141     53   -197    -18     43    -10   -132     -2   -244   -355
   -71    -61     38   -139      6    -50      1   -456   -265     71    172    -93   -156   -209   -199   -321
  -191      4     80    113   -119     99    -96   -362   -323     35     70     83   -180     26    -50   -343
   -92     -8    -57    153    -95    -10    -80    103    -73    -34    -92    297     12   -118    -69   -323
   -97    -10     66    126    266   -182      5   -112     72   -274    -57     26    -45   -174     88    238
   -55   -103   -257   -122    265    245     -3      3    -58   -139     80      0    -76   -321   -166     44
   -64    198   -136    101     54    372    152    116     93    -39    222    236    -68   -519    -36    -99
    -7     49   -141    139    337     24    152     45    178    186    216    140     47   -482   -167     11
  -205    -98    -67   -297    455   -260    163    -33    -98    179     82    -77    115   -155   -344    -54
  -212    -58   -100     52     16   -334   -180     50   -165    179     65   -126    153   -110   -266   -140
   -82    160    -45    127    112    128    -45    134    -58    -93      9     86    100    273     23   -264
