  -277    -77    -13    -65    -60   -144   -166    -15   -212   -221   -212   -208   -240    -79   -118    -49
  -254   -251   -226    -73      0    -15    -79      0    -73   -245   -239    -30   -242   -278    -47     -8
     6    -89    -77   -115   -174   -127   -211    -91     68   -134    -63    -29   -213   -335    -74   -111
  -151   -348    -54    -34     53   -312   -241   -329   -258   -522   -119    -11   -119   -188   -316   -251
  -372   -495   -400     38   -136   -577   -607   -242   -171   -201   -235   -105   -133   -231   -374   -588
  -502   -296   -266    -99    -96   -330    -54    -24   -202     -7    -60   -261   -181   -140   -336   -477
  -146    -61    -46   -288    -86    -25      3   -217   -193    -27     57   -157   -180   -340   -207   -342
  -107     13     13   -135   -202   -149   -159   -696   -481     -6    -41   -154   -177    -31    -81   -375
   -80    -79    -95     16   -203   -272   -375   -220   -209   -249   -247     51    -70   -303    -97   -510
   -88    -56    -98    -26     13   -365   -197   -160   -269   -406   -212   -114   -199   -212    -33     41
   -86   -284   -347   -222   -107   -107   -200   -192   -362   -202    -67   -205   -285   -376   -227    -92
  -112      5   -129   -217   -374     56     38     23   -100   -183   -102     -1   -333   -547   -139   -256
  -128    -79   -150    -53   -197   -242    -26   -115     33     19     21    -83   -145   -271   -203   -177
  -148   -115   -178   -283    -66   -398    -82   -181   -152    -89   -206   -164    -20   -285   -174   -235
  -121   -119   -266   -167   -252   -145   -251   -145   -127     -9   -132   -208    -33   -293    -98   -270
  -168    -85    -79   -115   -203   -270   -324    -64    -63   -148   -184    -87   -147    -54   -167   -510
