   -95   -130   -161   -202   -138   -185   -224   -123   -217   -182   -165   -201   -183   -140   -141   -118
     0    -83    -26    -55    -25    -67   -167    -37   -160   -116   -103    -65   -201   -182   -186    -51
   -27    -41    -24     16    -85    -57    -35    101     12   -129   -218   -116   -237   -176   -182    -76
   -61   -110   -109   -130     -3   -204   -175    -88    -87   -265   -313   -143   -191   -159   -163   -105
  -180   -228   -239   -249   -166   -285    -97    -22    -41    -59   -212   -183   -202    -81   -239   -169
  -166   -102    -84   -231   -173     10    222    180    127    102     43   -222    -86    -60   -233   -279
  -184     26      2   -141   -192    -40     20    -94    -43   -114    -85   -210   -148    -65    -62   -327
  -199    -47    -15    -57   -199   -233   -147   -134   -187   -133   -147   -213   -186   -135   -118   -322
  -190    -59    -71    -83    -13   -256   -196     69     -6    -89   -119   -197   -255   -114     -9   -221
  -175    -53    -90   -128   -135   -227   -191   -107    -64   -156   -136   -218   -320    -35     88      9
  -206    -81   -178   -108   -109   -124   -100    -44     45    -67    -70   -174   -350   -150   -180   -255
  -184    -62    -44    -87   -252      7    107      0    -30    -90    -28    -95   -334   -159   -247   -274
  -181   -169   -101    -18   -194    -90    -21    -25      7     17     26    -17    -72   -246   -296   -286
  -126    -76    -74   -135   -172    -94    -71    -73   -113    -88    -74   -118    -93   -348   -202   -266
  -164    -50   -125    -62   -121    -62   -141   -132   -137    -67    -91   -105   -185   -360   -180   -280
  -112    -53     -6    -89   -166   -109   -107    -84    -40    -40    -90    -73   -110   -183   -104   -232
