   146    -58    -30    -51    -48    -61    -54    -56    -51     48    149    -34     32     77    -93    -43
  -121    -51    157      3    -48    -79   -141    -46   -112    -34    -95   -105    -20    -48   -117    -49
   -69     -7    -13     57     -3     14     51    183     97    -76   -108   -119    -53   -140    -34     -5
    87     38     98    -50      8    154    200    109    -69   -124   -156    -83     -6    -94     42    184
   159    238    -27      7    -42    162   -155    -78    -57   -222   -125    -24     54    -23    136    -49
  -186     77    -56    123     61    -79   -153   -195   -238   -110   -111    -19     62    330     60   -180
  -259   -138    -78    -60     -6    -78   -105   -200     27   -131    -77    -13     36    -68   -109   -199
  -198    -91    -48     27     -4     46     82    307     -4     41      6     37   -182    -70   -105   -205
  -157    -34    -73    -56     11    169     72    145      7    103    -53    -73   -232    -59   -125   -143
  -192     30     70    -69     33    -87     25     44    184    -39     -8   -119   -189    -71     86    -75
  -193     92    -66     53    310     44    -23    -41    112    -70   -104   -122   -186    -40   -111   -155
  -210     17   -105     36      4    129     -9    -51     90   -119     53    -79   -243   -279   -188   -188
  -107   -135   -170     43     61    125      9    -47     -6    -58    -29    -53   -144   -403   -288   -165
  -138    -50     37     24    223     17     82     29   -147    -10      6   -149    -74   -101   -290   -132
  -100    126     15     54    -33    -30     85    -37   -191     37    -36    -89    -24   -142   -252   -156
   -45   -156   -229    -30   -104     30   -205   -167   -201   -157    -82    -57   -149   -262   -363   -261
