  -166    -64    -60    -92   -113   -132   -139    -75   -184   -174   -154   -156   -171    -76    -78    -88
  -167    -92   -154    -49    -23    -41    -78    -27    -40    -68   -100    -62   -141   -210    -51    -34
   -60   -125    -92    -75    -86    -62    -86    -10     68    -92   -104    -47   -154   -285    -78    -70
  -110   -136   -128    -78    -38   -103    -72    -38    -47   -163   -125    -61    -88   -149   -151   -160
  -416   -239   -222    -69   -101   -170    -32   -101    -85      1   -112   -114   -108   -119   -124   -182
  -358   -131   -138   -128   -106   -246   -192   -229   -196   -113    -79   -151   -113   -182    -83   -383
  -214   -128    -87   -195   -129   -126    -97   -146   -221    -86     16    -25     22    -65    -10   -332
  -142    -51    -81   -108   -136    -90    -58   -148   -257    -38      0     -9      1    -44    -38   -348
  -115    -51    -66    -57   -105   -257   -257   -245   -171   -104   -123    -10      1     -1     38   -328
  -133    -95   -125    -90    -76   -236   -186   -130   -169   -279   -126    -57   -140   -191   -173   -160
  -114    -83   -141   -155   -210    -59   -123    -54   -146   -130     -5    -34   -100   -145    -94    -65
  -123    -68    -68    -71   -276   -142    -80    -49    -51    -58    -87    -28    -82   -142    -86    -94
  -171    -99   -163   -189   -187   -241    -31    -85    -66    -70    -43    -91   -109    -69   -106   -153
  -207   -159   -190   -271   -181   -211    -77   -103    -50    -53    -78   -138    -30   -200    -66   -212
  -154    -56   -104   -146   -164    -56   -182    -90    -47    -78   -123   -177    -27   -156    -41   -244
  -151    -46    -59    -57    -96    -58   -105     15     11    -96    -97    -56    -32     34     28   -216
