    36    -34    -65    -63    -18    -49   -133    -32   -104   -180     38   -107   -161    -27    -88    -38
   -31   -132    -88    -61    -85    -55   -160    -27    -59    -14   -120   -113   -180   -180   -203    -31
    12    -65    -87    -50    -56    -79   -108     37     69    -67   -182    -85   -165   -237   -172    -81
    68    -93    -37   -103    -99   -121    -11     78    -15   -180   -305   -119   -118   -113   -216   -122
  -100    -95   -216   -189    -88   -112     27   -133   -124   -195   -224   -192   -111    -48   -233     51
   -71    -63    -69   -266    -93     41   -101    -45   -135   -176    -47   -195    -71   -114      8   -207
   -93    -61    -42   -161   -116   -157      7    -85   -126    -86    -13    -82     33      8     -3   -221
   -31    -21    -21     28   -171   -188   -110     66   -352   -139    -19    -22    -13    -72     -3   -241
    -8    -47    -41    -72      4   -304   -128   -230   -178    -50   -175    -58    -86     12    -44   -286
   -42    -58    -29    -65   -203   -198   -138   -207    -38   -198   -112   -109   -116   -191   -138   -134
   -49    -16   -136   -102   -242    -64   -174   -124    -60   -172      6    -87   -187   -160   -112   -205
   -29    -64   -163   -124   -242   -164    -58    -63    -36    -72    -37   -110   -176   -296   -166   -217
   -24   -132   -233   -178   -173   -254     -7    -51    -28    -57    -23    -57   -164   -302   -117   -152
   -41   -149   -205   -110   -128    -59    -79   -108    -50    -86    -13   -184   -106   -224    -43   -160
   -23    -47    -26   -130    -91     -4    -58   -127   -158    -36   -162   -177    -39   -154    -39   -151
     9    -50   -106    -34    -64    169    -63   -107    -93    -61    -97    -82     39      0     35   -285
