   -47     72      7    -25     30      8    -55     39   -151   -170    -42    -73    -44     27    -33     84
  -200    -81   -100    -42    -36    -54    -63     27    -94    -73   -137    -57   -266   -352    -53     87
   -65   -127   -183   -108    -25     23    -44     48     27   -143   -194    -74   -211   -364      9     83
  -232    -90   -234    -47    -95   -148    -51    -73   -113   -253   -191    -96   -157   -162   -100     37
  -423   -233   -402    -72   -128   -326   -274    -87   -123   -192   -114    -82    -73   -200   -247   -193
  -507   -198   -266   -185   -122   -206   -120   -130   -166    -86   -163   -191    -87   -113   -147   -371
  -206   -104   -105   -186    -53    -65      5   -107   -253     44    -62   -159    -65   -198    -49   -366
  -133      0    -91   -175    -76    -52   -131   -125   -375     63    -89   -159    -78    -51    -39   -394
   -71    -42    -26   -144   -225   -361   -146   -281   -321    -22   -151   -224   -118   -123    -72   -374
   -94    -41    -11    -40   -226   -322   -213   -167   -106   -219    -71   -212   -154   -182   -118   -176
   -98   -116   -195   -147   -316   -276   -234    -67    -33   -148    -22   -157   -196   -274   -103     71
  -119    -68   -266   -221   -173   -143    -38     45     56    -54    -34   -186   -299   -514   -121     -6
  -128    -16   -323   -361   -358   -219     43     13     35      1    -33   -170   -239   -565   -269    -30
  -162    -45   -213   -243    -95   -227      5     -1    -51      6     49   -215    -62   -454   -263   -137
  -107    -24   -176   -131   -166   -103   -213    -90    -93    -81   -147   -174    -92   -310   -168   -193
  -249     25    -83     37   -177     52    -81    113    -10   -109    -29    -64    -85   -176   -126   -262
