  -164    -12    -70   -114    -96    -88   -118    -54   -220   -209   -220   -210   -208     -7    -87    -70
  -136   -167   -210   -148   -123    -27    -42    -15   -118   -139   -119    -40   -263   -176    -49    -17
    56   -124   -157   -208   -311   -114     34    108    111     19    -76    -90   -305   -236     -4    -37
  -218   -123    -76    -95   -127   -310   -135    -70    -99   -103      6    -28   -222   -129    -40   -166
  -679   -369   -228    -29   -195   -326   -393   -265   -184    -59    -44    -32   -198   -210   -228   -380
  -606   -269   -177    -81    -61   -155      0     -2    -56     16   -123   -254   -114   -165   -195   -563
  -222    -77    -75   -182    -33     56      9      3    -38     15    -47   -185    -90   -158    -68   -529
  -162     15    -68   -189   -108   -118   -189   -301   -245     77    -96   -216   -170   -107   -106   -526
  -158    -47    -58    -49   -159   -300   -244   -191   -207   -145   -155   -162   -131   -339   -187   -603
  -161    -50    -66    -17   -152   -460   -229    -94   -141   -232   -136   -179   -171   -203    -83   -268
  -167   -177   -277   -108   -261   -332   -324   -163   -146   -164   -114   -208   -258   -381   -113   -159
  -196    -65   -236   -343   -477   -127    -75    -36   -122   -249   -197   -175   -418   -616   -146   -231
  -232    -60   -288   -318   -414   -303    -39    -70     -9    -42    -82   -220   -259   -443   -274   -345
  -208     21   -142   -276   -190   -300    -85   -108    -66   -146   -225   -202    -64   -338   -186   -400
  -235    -18   -158    -66   -213   -118   -217   -110    -49   -101   -202   -170   -141   -307   -152   -455
  -580   -355   -232   -288   -534   -595   -471   -251   -244   -293   -315   -238   -415   -603   -891  -1019
