  -393   -220   -256   -257   -289   -321   -423   -213   -365   -516   -418   -444   -459   -318   -270   -270
  -364   -255   -458   -291   -274     -1   -104     -3   -142    -23    -10    -21   -245   -368   -163    -64
  -320   -256    -87   -276   -293   -278   -187   -221   -248   -158   -101    -15   -182   -182   -212   -173
  -456   -183   -328    -92   -221   -209   -341   -315   -332   -238   -199    -79   -199   -107   -113   -487
 -1073   -539   -446   -224    -50   -248   -313   -207   -187   -187    -99   -143   -150    -13   -265   -557
  -707   -470   -322   -542   -141   -415   -411   -432   -236   -398   -358   -196   -211   -386   -111   -340
  -325    -66   -263   -242   -261   -266   -206   -316   -532   -144   -340   -111    -51   -109    110   -315
  -287     22   -225   -174   -252   -424   -210   -392   -567   -237   -162   -288     -6    113    163   -310
  -231     21     26   -329   -202   -745   -216   -598   -308   -388   -256   -358     28      9    -59   -541
  -212      8     -6    -85   -649   -465   -427   -316   -266   -152    -28   -168    -81   -258   -279   -539
  -152   -139   -156   -207   -948   -322   -308    -68   -133    -93      3   -100   -181   -384   -194   -519
  -210   -162   -374   -633   -461   -612   -158    -81   -240   -243   -267   -354   -222   -372    -10   -449
  -282      9   -512   -708   -839   -584   -121    -24   -167   -274   -159   -376   -316   -410     38   -340
  -309    -53   -443   -115   -675   -274   -238    -74    -49   -305   -223   -312   -131   -390    131   -359
  -351   -160   -310    -65   -248    -17   -278    -70    -20   -224   -288   -162    -72   -201    108   -316
  -603   -229   -196   -271   -589   -542   -368   -213   -180   -216   -309   -255   -246   -477   -495   -636
