  -138    -49    -20     20    -55    -31   -120    -26    -72   -136   -186   -230   -222    -39   -129    -61
  -161   -144   -338   -210   -177     69     24      7    -17    -39   -125    -64    -58     59     -1     -9
   -35   -134   -158   -338   -331   -201   -139   -170    -80     42     43    -50    -67     57     -5    -80
   -44   -121     43    -59   -190   -206   -116   -129   -162     54    149      8    -43     58    -60   -137
  -172   -194     60     96    -73   -180   -467   -397   -259    -95     90     25     23     72    -43   -276
  -148   -122     -1     68     16   -430   -446   -415   -372   -294   -197    -47    -95   -179    -44    -69
   -20   -115   -111    -25    -22   -139   -191   -135   -163    -56    -66     30     21   -145    -33     40
    51     14    -89      8     52   -152    -88   -379   -128     -5     15    -70      0     80     51     18
    53     -5     -6    -41    -18    -17   -123   -452    -84   -189   -118      7    130   -232   -260   -200
    48     -8    -18     59   -178    -93    -75    -45   -171   -152    -26      8    105   -232   -185   -174
    88   -129    -71    -15   -209    -65   -192   -149   -308   -120    -27    -84     22   -243     47    -70
    25    -35   -243   -375   -127   -227   -183    -65   -144   -217   -145   -129   -161   -589    145    -52
     9     31   -299   -293   -153   -164    -53    -51    -49   -139    -56   -231   -307   -286    167    -24
   -29     -6   -187    -28   -196   -126    -64    -43     20   -128   -184   -110    -81    -32    177    -30
     8    -11    -72    -60   -204     40    -33    -40     -1    -39   -134    -64     49      0    132    -14
  -249   -310   -217   -243   -355   -348   -285   -267   -248   -210   -287   -176   -220   -300   -575   -522
