  -155     28     40    -22     75     28     58     59    -57    -29    -22     78    -39      9     39     63
  -133   -169    -31    -38     42    -14    -10     -1    -97   -207   -106    -52   -234    -94     12      4
  -138   -174    -66    -14      4     -4   -213   -287   -191   -215     33    -56   -184   -157     -3    -79
  -133   -334    -20     12     41   -331   -305   -304    -90   -252    -23    -25   -119   -127   -238   -358
  -128   -316   -141     77   -140   -503   -312   -111    -21    -54    -98    -77   -144    -66   -483   -311
  -154    -15     -6     69   -111   -298   -128   -138   -172     -2    -12   -211   -353   -281   -503   -213
  -215   -102    -38   -169    -58    -72   -127   -415   -146    -23    -32   -295   -413   -265   -220   -115
  -154    -76     -9    -94   -125    -40   -147   -487   -170    -67   -140   -158   -208   -137   -166   -148
  -137    -88    -80     28    -56    -58   -335   -130   -141    -63   -175     -2   -261   -215    -11    -68
  -131   -120   -173    -40     50   -221    -45    -48   -230   -289   -232   -116   -417   -202    -87    182
  -153   -160   -134   -197    128    -33     54    -44   -220   -137    -60   -154   -364   -131    -99     75
   -90     -3      7     36    -48    136     32     42     38     40     22     26   -297   -140   -238    -85
  -143   -105     -2     80    -31     12     52    -48     28     19      1     35   -148   -250   -369    -19
  -187   -201   -172   -216   -128   -208     19   -116    -56     51    -27     -3   -113   -331   -335    -60
  -142    -76    -47   -196   -279   -244    -98    -89    -88     42    -87   -123   -150   -381   -211    -67
   157    118     91     74    125    122    167    135    121     63     25     80     35    200    322    141
