  -266   -243   -139    -97   -261   -218   -187   -173    -61    -27   -158   -187   -139   -204   -122   -230
   -45    119   -108     34      9     29     47    -56     81     68     37     69    297    203     27   -115
     3    179     39    -46    -55      1    -17     -9     51    162     67     90    220    212    -49   -132
    36    185    203     69     60     97   -144   -326   -400   -131     17     99    162    161    -37     -4
   -22     43    158     23     83    100     49     22    -76     14    -69     24    114     38    199   -440
  -127   -139    156     61     48   -155      1     10    -23     30    188     96    128    -58     77   -226
  -213    -28     34     43     20    -19    -28    218    241    -33    145    105    -48   -248   -170    -89
   -87     -3     10     46     70    -56    -11    -84     34   -112     94    119      9    -65    -64    -90
  -124    -23    -30    128    103    157     43    -10    204    -84     60    123     58    -90   -101   -239
   -98     -9    -75    -68    188    177     79     57     51    105     79    180    194     -5    -54   -228
  -146    -13    -46    -26    126     94    -58   -151   -193     29    -70     94    204     23   -105   -358
   -85    -24    268    147     -7    -39    -67    -53    -61      8    -51     91    203    218     27   -312
   -76     -1    334    328    184     30   -140   -148    -90    -25   -120     77    130    438    129   -293
   -49    -48    162    200      0     91   -170    -83    -72    -73    -67    149     98    293    166   -294
   -89   -114    -43     31     96    138     63    -15     14    -16    100    109     11    233    103   -246
  -253   -436   -163   -206   -180   -377   -497   -357   -138    -87    -12   -108   -320   -362   -605   -790
