  -163   -123    -69   -134   -228   -225   -135   -132   -200    -17   -217   -267   -219    -14   -164   -100
   -68     59    -87    -88      3    -88    -18    -51     -9    -32   -150    -38    -83    -60     17    -27
   126      1    -77   -111   -120     -7     23    115    196     -4     -4    -49   -167   -225     56    -23
   -35    -89     86      0     36     78     78   -147   -229   -114    150     19    -76   -119      1     99
   -28     23     81    204    -16   -121   -227   -223   -124    100    153     63    -42   -145    129   -360
  -383    250    118    308     73   -178     89    -36   -132    211    187     59    -33    161   -123   -436
  -272    -23     82     54     54     81     95     42     56     65    266    129     34   -220   -203   -309
  -195    -63     86     79    127    136     99   -198     20    149    165     64   -109    -69   -184   -324
  -193    -55    -41    145     17    226   -135     90     80     44     13    131    -19   -209   -161   -217
  -216    -16    -46     70    310     71    -22    133    -49   -135    -62      4   -144   -101     42     11
  -182    -17    -46    -26    275    -69    -64    -92    -96     -3    -36    -52   -140   -168   -149    163
  -208     17      9     73     30    169    -52    -33     38   -101     -9    104   -225   -323   -102     40
  -190    -68      0     33    144     96    -30   -110     50     50     15     -5   -166    103   -240    -82
  -220     18    174   -148    273   -155     40    -74    -34     35    -79    -45     85    -15   -288   -169
  -159     58     62    -96     16    -12    -62   -159    -22     25    -68    -80     80   -139   -227   -253
  -242   -246   -115   -171   -134   -238   -262   -119   -102   -160   -157   -106   -169   -209   -510   -370
