   153     34     68     60    -22     48     61     16     72    139    101     -8     81    128     -1     66
     1    109     80     89     46     -8    -29    -18     39    107    -15    -86    181    242     10     28
    36    179    -32     13      3     45     98    261    274    227    -36    -80    151    145     62    125
   318    221    188    -67      5    119    272    183    -12    105     79    -28    157    114     73    584
   489    462    246     63      8    344     90    -88    -76    -75    -49     31    195     63    338    512
    85     47     57    187    101     43    -12    -54     11     65     24     68    236    255    288    368
  -181    -89     31     82    107    -21    -44    143    247    -24    156    167    187    -70    -95    335
   -59    -79     13     52     88    142    153    311    189    149    190    201     17   -102   -128    326
   -10   -100   -103     66      9    306    205    205     94    105    104     70    -68    -78   -181    316
   -21    -66     -8    -27    207    110    138     42    212     48     59     10     40     64    117    177
   -20     15    -26     42    330    182    -37    -86     24    -12    -11     46     84     -4      2    218
   -65     32    -35     79     88    201      8    -16     81      0     67    150     76   -158    -12    240
    -3    -38     38    197    222    183     26      4     58     56     32     80     15      3     21    215
    37     66    178     73    215    186    119     24    -10     75     69     60     38    143     62    284
   121     23     47     11     54    197    177    -16    -80     73     81      4    123    154    -14    289
   126    -28    -34     41    148    339     88     -4    -49     15     41     24     81    189     22    326
