  -175      6    -40   -180   -102    -94    -36    -40   -195    -94   -200   -171   -203    -19     17    -32
    30    -85   -159   -155    -41     77     48     68    -75    -78     49    -52   -209   -119    104     41
  -103   -181    -31    -62   -157   -114    -59   -213   -249   -160    -19    -82   -226   -191     11     -5
  -148   -100     -1    -20    -89   -335   -379   -203   -117    -48    -22    -38   -131   -132    -53   -340
  -583    -15    -80     70   -232   -311   -148   -182   -106     95    -56    -33   -131    100   -402   -253
  -464    157    -10    -92   -110   -265   -257   -329   -185    -69    -96   -225   -378   -409   -402   -311
  -197    -87     15   -177   -161   -155   -237   -304   -264    -70    -56   -385   -357   -165    -11   -281
  -239    -44    -15     25   -218    -62    -97   -229   -233    -55    -87   -299   -236    -70    -77   -289
  -215     34    -12     41     -7   -218   -102    -72    -85    -83    -61    -87   -200    -68    -35   -283
  -190    -35    -75    -28      6   -468   -116   -100    -67    -47    -68    -93   -331   -146   -143    -72
  -172     57      2    -52   -129     71    -96     78     28    -33     42   -110   -323   -236   -120   -158
  -170     30     74    132   -249    -49      5     14     97     29    -59    -44   -182   -109   -213    -94
  -209    -75    -14    -58    -47   -210     98     72     37     14     31    -11   -105   -224   -313   -150
  -247   -122    -63   -254   -292   -207     48     18    105     97     15     67   -157   -446   -294   -218
  -302    -14    113    -42   -186   -154    -88     25     28     44     39    -38   -175   -455   -237   -217
  -164    -19     29    -81   -138   -118     51     20     68    -17    -35    -16   -143    -80   -192   -129
