-4.311520978808403015e-02
3.599314391613006592e-02
-1.158139295876026154e-02
-8.054527640342712402e-02
-5.836571380496025085e-02
1.816413737833499908e-02
-2.612835727632045746e-02
-1.048851851373910904e-02
1.107857655733823776e-02
-2.282437868416309357e-02
5.599738098680973053e-03
1.619051024317741394e-02
-5.992592871189117432e-02
1.035156250000000000e-01
6.041476503014564514e-02
-1.858491748571395874e-01
-2.319467440247535706e-02
2.679316513240337372e-02
-2.727443352341651917e-03
-4.566346481442451477e-02
4.845318943262100220e-02
-6.499648839235305786e-02
-4.457222670316696167e-02
-2.590291798114776611e-01
2.243400178849697113e-02
-1.973754353821277618e-02
6.211821734905242920e-02
2.735019475221633911e-02
4.499508813023567200e-02
-6.577458977699279785e-02
2.076190523803234100e-02
1.013226881623268127e-01
