-7.278107106685638428e-02
-1.446243077516555786e-01
1.468356251716613770e-01
-4.328503087162971497e-02
-5.344761162996292114e-02
-1.819489896297454834e-01
2.032059878110885620e-01
2.531848149374127388e-03
6.493420153856277466e-02
2.224118635058403015e-02
-1.782006584107875824e-02
-4.621128439903259277e-01
3.676816076040267944e-02
-1.866618394851684570e-01
-1.033861786127090454e-01
-4.083463549613952637e-01
1.265091001987457275e-01
-2.812032774090766907e-02
1.130660325288772583e-01
-1.335632205009460449e-01
-9.283737093210220337e-02
1.841925233602523804e-01
-9.105660766363143921e-02
-1.745860092341899872e-02
7.028547674417495728e-02
-3.787293285131454468e-02
-7.766412943601608276e-02
-6.024296581745147705e-02
3.131008893251419067e-02
1.908621788024902344e-01
-2.553680725395679474e-02
-4.117113724350929260e-02
1.297747045755386353e-01
-7.127808034420013428e-02
3.752764081582427025e-03
-8.713487535715103149e-02
2.041849941015243530e-01
-3.564684391021728516e-01
2.180241048336029053e-02
7.326598465442657471e-02
-6.169860810041427612e-02
6.442835181951522827e-02
-2.319322712719440460e-02
-1.151373758912086487e-01
-2.567793130874633789e-01
-1.517023444175720215e-01
-1.469619201088789850e-05
-2.731895446777343750e-01
3.461109101772308350e-02
-3.323043882846832275e-02
7.979919761419296265e-02
-1.190789118409156799e-01
-1.006816979497671127e-03
-1.977570652961730957e-01
-4.863843321800231934e-02
1.878617256879806519e-01
5.551280826330184937e-02
7.857612520456314087e-02
-2.179954349994659424e-01
2.059031426906585693e-01
-1.185013428330421448e-01
-1.800250262022018433e-01
-1.221153438091278076e-01
1.668792217969894409e-01
1.269066799432039261e-02
1.312213987112045288e-01
-1.065298691391944885e-01
-1.639293041080236435e-03
-4.811904206871986389e-02
-4.708720147609710693e-01
-4.240703955292701721e-02
-2.287565320730209351e-01
-4.134437814354896545e-02
-9.709092229604721069e-02
7.672526687383651733e-02
4.389544483274221420e-03
-1.037975847721099854e-01
-1.161967813968658447e-01
6.137163192033767700e-02
-2.070923745632171631e-01
-1.194246560335159302e-01
-1.119889467954635620e-01
2.553060054779052734e-01
-2.098357677459716797e-01
1.887307763099670410e-01
1.051429435610771179e-01
-3.966432064771652222e-02
-1.463365405797958374e-01
1.307287067174911499e-01
1.294069737195968628e-01
-2.516608238220214844e-01
1.354902833700180054e-01
-1.185642033815383911e-01
-7.412821054458618164e-02
-9.211146831512451172e-02
9.881556779146194458e-02
-4.201859608292579651e-02
-1.568244993686676025e-01
1.824809461832046509e-01
-2.741272449493408203e-01
6.208620220422744751e-02
-2.355934083461761475e-01
2.200572043657302856e-01
5.074526369571685791e-02
8.303126692771911621e-02
4.226610437035560608e-02
-2.704824507236480713e-01
-2.927896678447723389e-01
-2.548292875289916992e-01
-6.801990419626235962e-02
1.351035088300704956e-01
-1.007587537169456482e-01
-1.325074676424264908e-02
-5.351324751973152161e-02
-1.171102151274681091e-01
1.433781832456588745e-01
-2.742565795779228210e-02
7.699503749608993530e-02
-1.845351755619049072e-01
-2.039194852113723755e-01
1.108302772045135498e-01
-1.359634250402450562e-01
-4.083696007728576660e-02
1.689156293869018555e-01
1.453123688697814941e-01
8.588936179876327515e-02
-3.491776436567306519e-02
7.411225885152816772e-02
3.256665915250778198e-02
-4.515420645475387573e-02
2.263482064008712769e-01
-2.477540401741862297e-03
1.498540043830871582e-01
-3.542660474777221680e-01
7.367286831140518188e-02
1.836776584386825562e-01
-6.648144125938415527e-02
-1.783868670463562012e-02
-2.604047656059265137e-01
-1.634955406188964844e-01
-5.521487910300493240e-03
-1.658158153295516968e-01
-7.530831545591354370e-02
-1.334567815065383911e-01
-1.516791284084320068e-01
2.235289663076400757e-02
2.397553995251655579e-02
2.097523808479309082e-01
-5.361098423600196838e-02
-9.685082733631134033e-02
9.061215817928314209e-02
1.464167982339859009e-01
-8.166301250457763672e-02
1.551691889762878418e-01
-1.635412126779556274e-01
9.996555745601654053e-02
-3.027989296242594719e-03
7.205163687467575073e-02
5.775672942399978638e-02
1.526653207838535309e-02
-1.709971111267805099e-03
-7.174180448055267334e-02
7.403030246496200562e-02
-2.245710343122482300e-01
-1.213056147098541260e-01
-4.245114326477050781e-01
1.948238909244537354e-02
1.479415409266948700e-02
1.089366972446441650e-01
1.836388409137725830e-01
-1.445615291595458984e-02
4.512302204966545105e-02
7.533709704875946045e-02
1.176424175500869751e-01
-8.886001259088516235e-02
-5.173388496041297913e-02
3.626255691051483154e-02
-9.355408698320388794e-02
5.035214126110076904e-02
2.195952385663986206e-01
-6.337318569421768188e-02
3.573442623019218445e-02
1.222215667366981506e-01
-1.829952746629714966e-01
8.549482375383377075e-02
1.148526594042778015e-01
2.223693579435348511e-02
1.374450474977493286e-01
1.248888447880744934e-01
-3.251437097787857056e-02
2.360191754996776581e-02
-1.889562308788299561e-01
-1.712901517748832703e-03
-6.322287023067474365e-02
7.155282050371170044e-02
-1.226898133754730225e-01
2.458386495709419250e-02
-2.084613591432571411e-01
4.231602326035499573e-02
2.339801564812660217e-02
-1.341897249221801758e-01
-6.769060343503952026e-02
1.087591573596000671e-01
-5.976291745901107788e-02
-2.976574599742889404e-01
2.437634468078613281e-01
1.392844319343566895e-01
-2.939302027225494385e-01
-1.654785498976707458e-02
2.449624426662921906e-02
-2.135641276836395264e-01
-2.224526554346084595e-02
-1.144979521632194519e-01
1.039098054170608521e-01
-1.252727955579757690e-01
5.371781811118125916e-02
-5.069574713706970215e-02
-1.498776525259017944e-01
2.359481453895568848e-01
-1.738250404596328735e-01
-9.328164160251617432e-02
-4.821183532476425171e-02
8.186945319175720215e-02
-1.368110030889511108e-01
1.528929620981216431e-01
1.986509561538696289e-02
7.462979853153228760e-02
6.955383811146020889e-03
1.222852766513824463e-01
-2.725653350353240967e-01
2.321572601795196533e-01
5.836264044046401978e-02
1.719172745943069458e-01
-6.135184783488512039e-03
-2.214979529380798340e-01
-9.336194023489952087e-03
-1.634359955787658691e-01
-1.358688157051801682e-02
-7.809296995401382446e-02
-2.140115350484848022e-01
-1.217196509242057800e-01
-9.836577624082565308e-02
-2.383878231048583984e-01
-4.903564602136611938e-02
-1.907186657190322876e-01
-1.497723311185836792e-01
9.899128228425979614e-02
2.205161750316619873e-01
1.664907038211822510e-01
-2.214705012738704681e-02
1.940576732158660889e-01
-1.530864685773849487e-01
-1.190449818968772888e-01
-1.503453701734542847e-01
9.234291315078735352e-02
-2.467707246541976929e-01
-1.092358380556106567e-01
3.560104072093963623e-01
2.551937401294708252e-01
-1.223076730966567993e-01
3.373658284544944763e-02
-4.907965064048767090e-01
1.175303831696510315e-01
-3.308486044406890869e-01
2.787344455718994141e-01
-1.855684816837310791e-01
9.057668596506118774e-02
8.749268949031829834e-02
9.666773676872253418e-02
1.319666951894760132e-01
-4.876938462257385254e-02
-1.789899021387100220e-01
-1.839151829481124878e-01
-5.955111235380172729e-02
-1.554793715476989746e-01
7.231132686138153076e-02
-2.006604969501495361e-01
-1.257540881633758545e-01
9.579893946647644043e-02
-4.814758524298667908e-02
1.915954649448394775e-01
4.032927751541137695e-02
8.053427189588546753e-02
-4.987672436982393265e-03
1.561849378049373627e-02
-5.677859112620353699e-02
-8.491378277540206909e-02
-1.440068930387496948e-01
1.101048942655324936e-02
2.368451207876205444e-01
1.185650154948234558e-01
3.728700429201126099e-02
-9.268271923065185547e-02
9.444172494113445282e-03
-2.010105997323989868e-01
2.201113402843475342e-01
-1.370396018028259277e-01
-1.525247376412153244e-02
-6.704743206501007080e-02
-1.726562380790710449e-01
-1.483271121978759766e-01
-1.814014017581939697e-01
-9.160082787275314331e-02
-4.259227812290191650e-01
-1.961860954761505127e-01
-1.161011159420013428e-01
-1.005672663450241089e-01
-1.296612024307250977e-01
-9.240466356277465820e-02
2.041000127792358398e-01
-2.211049944162368774e-02
-1.552141755819320679e-01
2.043392360210418701e-01
-1.348984092473983765e-01
-8.250934630632400513e-02
-1.358026079833507538e-02
1.521032005548477173e-01
1.266684681177139282e-01
-1.400543898344039917e-01
8.756245672702789307e-02
1.822100579738616943e-02
-1.533432006835937500e-01
-1.462202817201614380e-01
-5.693211406469345093e-02
2.209129631519317627e-01
1.179516129195690155e-02
-4.013489782810211182e-01
2.670658528804779053e-01
-1.193962842226028442e-01
8.143591135740280151e-02
-7.823551446199417114e-02
-1.771476566791534424e-01
-1.065578982234001160e-01
1.994123607873916626e-01
-5.519424006342887878e-02
-4.706861078739166260e-01
6.013459339737892151e-02
4.440116509795188904e-02
-4.012999311089515686e-02
-1.940107792615890503e-01
1.097628921270370483e-01
-1.450823396444320679e-01
1.388790924102067947e-02
2.007886618375778198e-01
1.127350628376007080e-01
-2.224636971950531006e-01
-3.081775642931461334e-02
-9.298599511384963989e-02
-6.084521114826202393e-02
-1.624809950590133667e-01
4.183952230960130692e-03
2.797813713550567627e-01
7.927019894123077393e-02
-9.387186914682388306e-02
2.898272126913070679e-02
-5.234728101640939713e-03
1.190439164638519287e-01
-2.821334898471832275e-01
-3.944584131240844727e-01
-1.124161407351493835e-01
-9.329732507467269897e-02
-1.579727861098945141e-03
1.744903922080993652e-01
7.474864274263381958e-02
-1.124066635966300964e-01
1.770563870668411255e-01
-8.244105428457260132e-02
-4.455465674400329590e-01
9.984915377572178841e-04
-1.107295900583267212e-01
-6.515847146511077881e-02
-1.445077806711196899e-01
-1.465871930122375488e-01
6.905773282051086426e-02
-1.058639064431190491e-01
-2.969195600599050522e-03
7.503284513950347900e-02
-1.896486878395080566e-01
-1.326498389244079590e-01
1.227319166064262390e-01
9.691695123910903931e-02
2.493846695870161057e-03
1.325723081827163696e-01
5.866058170795440674e-03
-1.239699944853782654e-01
1.987236440181732178e-01
-1.560128629207611084e-01
1.382919698953628540e-01
-5.658188834786415100e-02
3.031145781278610229e-02
1.217474415898323059e-02
1.901818811893463135e-01
5.483131483197212219e-02
-8.745399862527847290e-02
-4.004039466381072998e-01
-1.734129041433334351e-01
1.512259338051080704e-02
-4.288999363780021667e-02
8.848893642425537109e-02
1.322381757199764252e-02
-1.335933208465576172e-01
-9.361397475004196167e-02
5.973267182707786560e-02
-1.824592053890228271e-01
7.449258118867874146e-02
-1.209635287523269653e-01
-1.135536432266235352e-01
-2.422413825988769531e-01
-4.408696666359901428e-02
2.749602496623992920e-01
-1.068180203437805176e-01
5.044432356953620911e-02
1.190513744950294495e-01
1.023082658648490906e-01
4.197358787059783936e-01
1.983974725008010864e-01
1.548424828797578812e-02
-5.787312984466552734e-02
-1.425586789846420288e-01
1.876455396413803101e-01
-1.095189130865037441e-03
-1.192054003477096558e-01
-1.702766120433807373e-02
6.143832206726074219e-02
1.304176151752471924e-01
1.194275319576263428e-01
-3.349283933639526367e-01
1.726933754980564117e-02
1.491007804870605469e-01
-3.939676098525524139e-03
-2.677310630679130554e-02
6.990360096096992493e-03
1.359560787677764893e-01
-4.077457264065742493e-02
1.450017541646957397e-01
-9.266863018274307251e-02
-1.727510988712310791e-01
-2.854623794555664062e-01
-8.411380648612976074e-02
-2.790611237287521362e-02
-2.140889018774032593e-01
1.857094317674636841e-01
-1.711557507514953613e-01
-1.039271280169487000e-01
9.277238510549068451e-03
-4.267076402902603149e-02
4.903315007686614990e-01
1.009121462702751160e-01
-1.317493915557861328e-01
8.810419589281082153e-02
-9.261522442102432251e-02
1.547620743513107300e-01
1.314388662576675415e-01
-2.616192102432250977e-01
7.299473881721496582e-02
1.312353741377592087e-02
2.858261466026306152e-01
1.297002434730529785e-01
-1.143550779670476913e-02
2.437187731266021729e-01
3.591063618659973145e-01
3.140042349696159363e-02
-3.696256875991821289e-02
2.192880660295486450e-01
-1.760938175721094012e-04
-1.603818684816360474e-01
-1.013012528419494629e-01
-5.929961800575256348e-02
-1.726650893688201904e-01
-6.760611385107040405e-02
2.367718145251274109e-02
-1.282421350479125977e-01
-2.154276221990585327e-01
-6.777738779783248901e-02
3.549847751855850220e-02
1.799283921718597412e-01
1.818999946117401123e-01
-2.092006057500839233e-01
2.900080978870391846e-01
-8.063343912363052368e-02
-1.344816237688064575e-01
7.869984954595565796e-03
-1.366082727909088135e-01
5.704538151621818542e-02
-3.004657030105590820e-01
-1.251980364322662354e-01
-1.462876945734024048e-01
-2.388454973697662354e-01
-2.049121707677841187e-01
-1.609693765640258789e-01
-2.327351123094558716e-01
-1.748283058404922485e-01
6.015300750732421875e-02
3.128210827708244324e-02
2.099452316761016846e-01
2.373713813722133636e-02
7.721371203660964966e-02
-4.562213271856307983e-02
-3.380123153328895569e-02
1.812260225415229797e-02
-7.879566401243209839e-02
3.266066312789916992e-02
-7.779464870691299438e-02
9.008209221065044403e-03
-1.723171174526214600e-01
2.590568959712982178e-01
2.714482545852661133e-01
-2.084793746471405029e-01
6.187163293361663818e-02
-4.236741736531257629e-02
-1.732436716556549072e-01
9.967890568077564240e-03
7.981124520301818848e-02
-1.114583536982536316e-01
-1.307947039604187012e-01
-2.708273380994796753e-02
-2.681200802326202393e-01
-5.498475208878517151e-02
1.391905993223190308e-01
-1.752284467220306396e-01
-1.091382801532745361e-01
-1.007269322872161865e-02
-2.920466959476470947e-01
1.122261509299278259e-01
-5.363038927316665649e-02
-2.387451231479644775e-01
-1.154996231198310852e-01
4.200622811913490295e-02
1.517437249422073364e-01
8.670872449874877930e-02
-1.151194423437118530e-01
7.184511423110961914e-02
5.577265843749046326e-02
-2.140125036239624023e-01
1.218153685331344604e-01
2.294188588857650757e-01
-9.816839545965194702e-02
4.376627132296562195e-02
3.655877113342285156e-01
-6.607817858457565308e-02
-1.713567674160003662e-01
-1.524521410465240479e-01
-1.910652220249176025e-01
-1.922711264342069626e-03
-6.616104394197463989e-02
-1.107587069272994995e-01
-1.996179223060607910e-01
1.011084541678428650e-01
-1.062714010477066040e-01
-3.080043792724609375e-01
4.439751431345939636e-02
-3.945986628532409668e-01
-3.363344073295593262e-02
-3.026250004768371582e-01
9.756971267051994801e-04
1.111086010932922363e-01
6.956167519092559814e-02
-2.634980082511901855e-01
8.973211050033569336e-02
1.617621034383773804e-01
1.462646573781967163e-01
4.273718222975730896e-02
-1.767938435077667236e-01
-4.482974857091903687e-02
-1.659725606441497803e-01
7.387524843215942383e-02
2.048428654670715332e-01
-1.791124790906906128e-01
-2.622644305229187012e-01
-1.811204105615615845e-01
2.196649312973022461e-01
-1.811695843935012817e-01
1.002092808485031128e-01
4.153010621666908264e-02
-1.428729295730590820e-01
-1.971369683742523193e-01
-1.535866037011146545e-02
2.869901359081268311e-01
-3.024707362055778503e-02
-8.441172540187835693e-02
-1.974202543497085571e-01
1.364784538745880127e-01
1.297659873962402344e-01
-1.100847348570823669e-01
8.092281222343444824e-02
4.876569285988807678e-02
3.047031462192535400e-01
-2.472140640020370483e-01
1.619827747344970703e-01
-1.640733182430267334e-01
-1.577859669923782349e-01
-2.408026605844497681e-01
-2.957684397697448730e-01
-9.997505694627761841e-03
-3.815962933003902435e-03
3.037796616554260254e-01
-6.880979239940643311e-02
1.194564253091812134e-01
5.322630703449249268e-02
1.609220728278160095e-02
1.107264608144760132e-01
7.137665152549743652e-02
-1.311579253524541855e-02
-1.118361353874206543e-01
7.868158817291259766e-02
8.697102218866348267e-02
-1.079594269394874573e-01
2.275853417813777924e-03
-8.589830994606018066e-02
-2.135138958692550659e-01
7.521250098943710327e-02
-1.805016025900840759e-02
-7.025677710771560669e-02
1.638517081737518311e-01
4.822443798184394836e-02
-3.588045835494995117e-01
8.160869777202606201e-02
-2.483701519668102264e-02
1.915970146656036377e-01
-1.127516478300094604e-01
-2.059427201747894287e-01
1.615237742662429810e-01
3.779308870434761047e-02
-3.709307312965393066e-01
-2.754468657076358795e-02
-7.227557152509689331e-02
8.345639705657958984e-02
2.961668968200683594e-01
3.673593280836939812e-03
-3.116766735911369324e-02
-1.575111970305442810e-02
1.554644405841827393e-01
9.084366261959075928e-02
2.226625755429267883e-02
-2.942593209445476532e-02
-1.573093980550765991e-01
-1.726099848747253418e-01
5.421568453311920166e-02
-1.694418787956237793e-01
-6.169439479708671570e-02
-3.082146681845188141e-02
-1.094413548707962036e-01
3.178597614169120789e-02
4.209611937403678894e-02
-8.572365343570709229e-02
1.031582802534103394e-02
2.101831883192062378e-02
9.318884462118148804e-03
1.682758331298828125e-01
1.330648958683013916e-01
6.670124828815460205e-03
2.444898709654808044e-02
-1.786060482263565063e-01
2.047092914581298828e-01
-1.935018459334969521e-03
-4.349889755249023438e-01
-3.904637321829795837e-02
7.393948733806610107e-02
-1.016504094004631042e-01
8.395186811685562134e-02
-1.349220126867294312e-01
1.605399698019027710e-01
-1.576131209731101990e-02
-1.305059939622879028e-01
4.171465709805488586e-02
-8.567976206541061401e-02
1.908523738384246826e-01
-3.022225499153137207e-01
1.320207864046096802e-01
5.872550234198570251e-02
-2.049568668007850647e-02
-1.945582330226898193e-01
-4.740873351693153381e-02
4.287025630474090576e-01
-1.298611015081405640e-01
1.285650283098220825e-01
-6.795268505811691284e-02
7.920773327350616455e-02
8.359474688768386841e-02
-1.958955824375152588e-01
-2.546391487121582031e-01
6.879474967718124390e-02
1.581722944974899292e-01
-1.513458341360092163e-01
-9.264937788248062134e-02
7.783339917659759521e-02
8.471938222646713257e-02
-8.554264903068542480e-02
-7.335721701383590698e-02
-7.871616631746292114e-02
1.602422595024108887e-01
8.866031467914581299e-02
1.777562201023101807e-01
3.141158074140548706e-02
-5.284712836146354675e-02
-5.262783914804458618e-02
4.517632350325584412e-02
1.640193611383438110e-01
-7.056314498186111450e-02
6.431790441274642944e-02
2.329620718955993652e-02
-1.344194412231445312e-01
1.227522641420364380e-01
-7.646626234054565430e-02
-1.700259931385517120e-02
-1.741537451744079590e-01
-1.231609880924224854e-01
1.560343205928802490e-01
2.223782390356063843e-01
1.815378963947296143e-01
8.988310396671295166e-02
-2.828541398048400879e-01
-8.240278065204620361e-02
1.655538529157638550e-01
-8.506096154451370239e-02
-1.118857786059379578e-01
1.643883138895034790e-01
-9.333699941635131836e-03
-2.387477904558181763e-01
-8.907520771026611328e-02
-5.106950178742408752e-02
-8.961008489131927490e-02
1.565103977918624878e-01
-5.026885308325290680e-03
-4.580895230174064636e-02
-1.929238885641098022e-01
-2.549203038215637207e-01
2.184884697198867798e-01
1.007555145770311356e-02
1.923551410436630249e-02
-1.712418906390666962e-02
-2.730085849761962891e-01
-2.025077641010284424e-01
-2.323947101831436157e-01
8.937701582908630371e-02
-1.404940038919448853e-01
-2.002085000276565552e-02
-6.645367946475744247e-03
5.827355012297630310e-02
1.077883765101432800e-01
1.791325658559799194e-01
3.680814802646636963e-02
1.399829387664794922e-01
-7.586470991373062134e-02
-1.796611398458480835e-02
6.436399370431900024e-02
1.106085926294326782e-01
8.363842964172363281e-02
1.631968468427658081e-01
2.294518947601318359e-01
-3.373583778738975525e-02
1.801813691854476929e-01
2.867476046085357666e-01
-1.750836223363876343e-01
2.266757190227508545e-02
1.614947766065597534e-01
1.013434529304504395e-01
1.893480718135833740e-01
-1.691707782447338104e-02
1.421981677412986755e-02
-8.393204957246780396e-02
-2.344927936792373657e-01
-8.549958467483520508e-02
-2.191798686981201172e-01
1.125528141856193542e-01
-1.493804305791854858e-01
1.789410561323165894e-01
-2.835380472242832184e-02
-4.574979096651077271e-02
8.450541645288467407e-02
-1.174327433109283447e-01
-2.459224872291088104e-02
3.702414780855178833e-02
1.550603359937667847e-01
-2.720266282558441162e-01
-9.091638028621673584e-02
-2.340386956930160522e-01
-1.014540866017341614e-01
1.182098686695098877e-01
-1.575856506824493408e-01
-9.894594550132751465e-03
-1.190977990627288818e-01
7.928229868412017822e-02
-1.190132424235343933e-01
-1.287784874439239502e-01
-1.401708871126174927e-01
1.557129174470901489e-01
-1.569190621376037598e-02
2.444232851266860962e-01
-6.913185864686965942e-02
3.318194299936294556e-02
-1.072726398706436157e-01
-4.489359259605407715e-02
2.131599187850952148e-01
-6.965940445661544800e-02
9.042961895465850830e-02
-3.660423681139945984e-02
-1.562720388174057007e-01
-8.649832755327224731e-02
5.574170872569084167e-02
-1.668944656848907471e-01
-1.475477516651153564e-01
-2.619650587439537048e-02
6.051483377814292908e-02
1.262637674808502197e-01
-8.981383591890335083e-02
-1.928538084030151367e-01
-4.730809479951858521e-03
-8.328759670257568359e-02
-2.978209257125854492e-01
6.026808172464370728e-02
1.412767320871353149e-01
-1.168863996863365173e-01
-4.915935546159744263e-02
-1.637957394123077393e-01
-4.666363447904586792e-02
-2.603334141895174980e-03
5.616560950875282288e-02
1.140983551740646362e-01
-1.624464094638824463e-01
1.538851112127304077e-01
4.795341566205024719e-02
-2.986656315624713898e-02
9.441411495208740234e-02
-1.144546344876289368e-01
-1.440069079399108887e-01
4.735990986227989197e-02
2.620730102062225342e-01
3.278067708015441895e-02
-2.614107429981231689e-01
-2.813789844512939453e-01
-7.014732062816619873e-02
-2.462888695299625397e-02
-1.250514090061187744e-01
3.935750946402549744e-02
-4.995553195476531982e-02
-2.701967768371105194e-02
-6.521916948258876801e-03
1.152111310511827469e-02
1.457811892032623291e-01
1.767199933528900146e-01
-3.091070353984832764e-01
5.324213206768035889e-02
2.180734872817993164e-01
-2.325030788779258728e-02
-2.850464880466461182e-01
4.288204386830329895e-02
2.358244657516479492e-01
2.211755216121673584e-01
3.413018956780433655e-02
1.016989424824714661e-01
1.607370004057884216e-02
5.911062285304069519e-02
2.048801332712173462e-01
1.188638061285018921e-01
-8.277560025453567505e-02
-8.623531460762023926e-02
-1.642505228519439697e-01
-5.491708591580390930e-02
-9.284156560897827148e-02
1.082779988646507263e-01
8.280368638224899769e-04
-1.965315937995910645e-01
9.414274990558624268e-02
