-1.417273879051208496e-01
4.337843880057334900e-02
-9.302248060703277588e-02
-1.024998873472213745e-01
-1.227850914001464844e-01
-7.260110229253768921e-02
-1.182866990566253662e-01
-6.070600822567939758e-02
-1.508273091167211533e-02
-4.950445517897605896e-02
2.832370065152645111e-02
-2.721616625785827637e-01
9.670495986938476562e-02
2.468136139214038849e-03
3.364960476756095886e-02
8.149657398462295532e-02
-1.570456922054290771e-01
5.022305622696876526e-02
-1.733792722225189209e-01
-3.639980405569076538e-02
1.759607158601284027e-02
8.421369828283786774e-03
6.290355324745178223e-02
-2.384499907493591309e-01
1.269570887088775635e-01
3.633397445082664490e-02
-5.064216256141662598e-02
-1.414216160774230957e-01
1.050285100936889648e-01
-1.611824519932270050e-02
8.748497813940048218e-02
8.106917142868041992e-02
-7.185235619544982910e-02
-1.962599456310272217e-01
-1.275877505540847778e-01
-9.464957565069198608e-02
8.789265155792236328e-02
-1.144373789429664612e-01
-8.696646243333816528e-02
1.061506122350692749e-01
1.530245691537857056e-02
5.150330066680908203e-02
1.288111805915832520e-01
7.139773666858673096e-02
-6.741462647914886475e-02
-1.798959225416183472e-01
4.135526716709136963e-02
2.793714776635169983e-02
-2.499113231897354126e-01
1.086126714944839478e-01
-1.384834796190261841e-01
2.156612873077392578e-01
-6.179901584982872009e-02
2.018165737390518188e-01
-7.533781230449676514e-02
-1.107453703880310059e-01
-1.245999708771705627e-01
-1.375396251678466797e-01
8.086884021759033203e-02
-2.418128860881552100e-04
8.389256894588470459e-02
1.076360046863555908e-01
-6.570995599031448364e-02
5.972617119550704956e-02
-1.588263213634490967e-01
-5.543479230254888535e-03
-1.709605753421783447e-01
-1.987804919481277466e-01
1.089591607451438904e-01
-7.362224161624908447e-02
-1.094404682517051697e-01
-1.388536393642425537e-01
7.695674151182174683e-02
-3.849722817540168762e-02
8.627329766750335693e-02
7.382567226886749268e-02
-3.882784396409988403e-02
1.317105442285537720e-02
9.198771417140960693e-02
1.200463622808456421e-03
-1.501510143280029297e-01
5.308585613965988159e-02
-6.421168148517608643e-02
8.260706067085266113e-02
-1.118627414107322693e-01
1.715127974748611450e-01
1.696773618459701538e-01
-1.184199005365371704e-01
-5.472076684236526489e-02
1.189643070101737976e-01
-2.404197864234447479e-02
1.412609070539474487e-01
2.445245832204818726e-01
-4.799314960837364197e-02
-2.038797885179519653e-01
7.031334098428487778e-03
5.541272088885307312e-02
1.125273331999778748e-01
-1.114989817142486572e-01
-1.773931235074996948e-01
1.058110669255256653e-01
-1.791352331638336182e-01
2.310965061187744141e-01
1.375989057123661041e-02
-4.026374593377113342e-02
-4.777433350682258606e-02
1.441005170345306396e-01
1.459251809865236282e-02
-3.175077736377716064e-01
-1.442967206239700317e-01
-1.803337037563323975e-01
3.221779689192771912e-02
3.939137235283851624e-02
-1.285485476255416870e-01
1.513609886169433594e-01
-1.560456492006778717e-02
-3.704887628555297852e-01
-6.320284307003021240e-02
1.206558421254158020e-01
-8.117503672838211060e-02
1.316625997424125671e-02
-2.346113324165344238e-02
-9.315614402294158936e-02
5.566606670618057251e-02
-1.110557094216346741e-01
-1.053759902715682983e-01
-2.744436860084533691e-01
3.837117552757263184e-02
-2.051216177642345428e-02
3.730573505163192749e-02
-7.039266056381165981e-04
-1.573445200920104980e-01
1.069980934262275696e-01
-4.588138312101364136e-02
2.656776607036590576e-01
6.842005997896194458e-02
-2.163021825253963470e-02
-7.911640219390392303e-03
6.609684973955154419e-02
-3.090934157371520996e-01
-3.206314742565155029e-01
-1.070770025253295898e-01
1.218210384249687195e-01
-4.764293879270553589e-02
2.283339388668537140e-02
9.937518835067749023e-02
-1.577987335622310638e-02
-1.011318191885948181e-01
-1.018078476190567017e-01
1.706212908029556274e-01
-7.313448935747146606e-02
-1.381675153970718384e-01
-8.027077466249465942e-02
2.681392617523670197e-02
-2.642876803874969482e-01
2.713185846805572510e-01
-3.265990912914276123e-01
-1.924788355827331543e-01
-5.098453536629676819e-02
-1.465511173009872437e-01
-6.332899630069732666e-02
-5.709040910005569458e-02
-4.510068148374557495e-02
-6.299841334111988544e-04
-7.958127558231353760e-02
8.944126963615417480e-02
1.229534819722175598e-01
5.838471651077270508e-02
9.349751472473144531e-02
4.746780544519424438e-02
-1.940023452043533325e-01
-1.095539629459381104e-01
-1.261201798915863037e-01
-3.056926466524600983e-02
-1.335246115922927856e-01
1.183911487460136414e-01
2.512307465076446533e-01
1.411561518907546997e-01
-1.136457026004791260e-01
-8.507248759269714355e-02
-2.231638133525848389e-01
1.966563016176223755e-01
-1.041038781404495239e-01
2.023418806493282318e-02
-1.371305286884307861e-01
7.455395907163619995e-02
1.985215842723846436e-01
-1.865983754396438599e-01
-1.290493756532669067e-01
2.006736770272254944e-02
-1.164628937840461731e-01
3.843551129102706909e-02
3.007465600967407227e-02
-2.784275077283382416e-02
-1.194309219717979431e-01
-4.019672051072120667e-02
-1.467548906803131104e-01
-1.493719965219497681e-01
-1.462795119732618332e-02
1.099045276641845703e-01
1.873158514499664307e-01
1.210139393806457520e-01
-2.121444642543792725e-01
-1.598631292581558228e-01
-1.242390051484107971e-01
1.194666977971792221e-02
1.677256077527999878e-02
-4.780904203653335571e-02
1.391449421644210815e-01
-2.261287346482276917e-02
1.231797635555267334e-01
-1.391655057668685913e-01
1.891895681619644165e-01
-6.571580469608306885e-02
-2.787857502698898315e-02
-9.766878187656402588e-02
1.825940161943435669e-01
6.434124894440174103e-03
-7.678797096014022827e-02
-1.679470092058181763e-01
-6.871093064546585083e-02
9.744777530431747437e-02
-1.052800938487052917e-01
4.391108825802803040e-02
-1.758469194173812866e-01
-1.030160114169120789e-01
-1.430550664663314819e-01
-9.494570642709732056e-02
-7.270476967096328735e-02
-8.073841035366058350e-02
-1.949971914291381836e-01
-2.021479606628417969e-01
2.688684314489364624e-02
1.272397637367248535e-01
3.492577373981475830e-02
1.465077698230743408e-01
-1.149862557649612427e-01
7.883009314537048340e-02
2.188588827848434448e-01
-1.932426989078521729e-01
4.208416119217872620e-02
-8.297564834356307983e-02
6.096475943922996521e-02
-1.321841776371002197e-01
1.077424734830856323e-01
9.423875808715820312e-02
7.099873851984739304e-03
-8.960037678480148315e-02
-1.205865442752838135e-01
-8.985393494367599487e-02
9.085679799318313599e-02
-7.483486086130142212e-02
1.240077521651983261e-02
4.239073768258094788e-02
-4.177494719624519348e-02
-6.832986325025558472e-02
1.315279006958007812e-01
-3.185679763555526733e-02
3.174062073230743408e-02
-1.049937233328819275e-01
5.315219238400459290e-02
7.720964401960372925e-02
2.174058929085731506e-02
3.280546516180038452e-02
5.285902693867683411e-02
-1.792983710765838623e-02
-5.334529280662536621e-02
2.299113385379314423e-02
-9.208126366138458252e-02
1.439272612333297729e-01
-1.141653582453727722e-01
-3.866302371025085449e-01
7.932878285646438599e-02
1.277070939540863037e-01
1.504877507686614990e-01
9.430815279483795166e-02
1.503238230943679810e-01
8.118411153554916382e-02
-6.806199252605438232e-02
-1.184932515025138855e-01
1.873664930462837219e-02
-2.017562650144100189e-02
-1.012389808893203735e-01
-8.314575999975204468e-02
8.964237570762634277e-02
1.905721053481101990e-02
3.395941480994224548e-02
6.133592128753662109e-02
3.860030695796012878e-02
-1.098506599664688110e-01
-1.440784186124801636e-01
3.164845518767833710e-03
-9.193741530179977417e-02
-2.798914164304733276e-02
2.428814768791198730e-02
-9.056938439607620239e-02
-1.127196028828620911e-01
-4.629992321133613586e-02
-3.336293995380401611e-02
-5.461350828409194946e-02
4.625462740659713745e-02
-2.731516771018505096e-02
2.282427251338958740e-02
-4.772873595356941223e-02
1.472018510103225708e-01
-7.925283908843994141e-02
9.037615358829498291e-02
-1.151888966560363770e-01
3.492999821901321411e-03
-9.594990313053131104e-02
-4.155505821108818054e-02
7.469309121370315552e-02
-1.234441921114921570e-01
-1.050848811864852905e-01
-6.732199341058731079e-02
-2.292694151401519775e-01
4.722264036536216736e-02
1.958509385585784912e-01
4.772765934467315674e-02
-7.115536183118820190e-02
6.379201263189315796e-02
6.790355592966079712e-02
-1.233363449573516846e-01
5.383157357573509216e-02
-1.022481918334960938e-01
1.039982810616493225e-01
-1.121900975704193115e-01
-7.572566717863082886e-02
-1.460271179676055908e-01
-3.876593336462974548e-02
-1.499741971492767334e-01
-2.193551510572433472e-01
-1.082675680518150330e-01
-6.003378704190254211e-02
6.869720667600631714e-02
8.458428084850311279e-02
-2.096018940210342407e-01
1.603344678878784180e-01
-1.470891237258911133e-01
-6.218686327338218689e-02
-3.417171910405158997e-02
-1.283766180276870728e-01
1.254524439573287964e-01
1.365076452493667603e-01
6.440680474042892456e-02
-1.248019337654113770e-01
7.108616083860397339e-02
-6.789366155862808228e-02
-1.183088719844818115e-01
-7.292400300502777100e-02
-2.398552745580673218e-02
1.230926532298326492e-02
-8.570427447557449341e-02
-8.370967954397201538e-02
-7.873664051294326782e-02
1.995899379253387451e-01
-1.133936494588851929e-01
1.574235260486602783e-01
-2.622762322425842285e-01
-9.851334244012832642e-02
-2.723892219364643097e-02
-1.332833170890808105e-01
1.059648469090461731e-01
-1.162878200411796570e-01
7.760997861623764038e-02
-6.120631471276283264e-02
1.199610065668821335e-02
-1.158471181988716125e-01
-1.396284848451614380e-01
-4.465317353606224060e-02
6.465473026037216187e-02
1.298418641090393066e-01
-1.934395879507064819e-01
-1.988881230354309082e-01
-2.789555676281452179e-02
-2.100691050291061401e-01
-9.464684873819351196e-02
-1.430631279945373535e-01
1.296612322330474854e-01
1.596941649913787842e-01
-4.860410094261169434e-02
1.171522289514541626e-01
8.246473968029022217e-02
-9.844717383384704590e-02
-6.709815561771392822e-02
-1.482640653848648071e-01
-9.521824307739734650e-03
-5.226540192961692810e-02
-1.257593184709548950e-02
-1.109495535492897034e-01
-3.415353829041123390e-03
3.331169486045837402e-02
3.824483230710029602e-02
3.270326182246208191e-02
-5.161839071661233902e-03
-9.675639122724533081e-02
2.294342964887619019e-02
-1.108256354928016663e-01
-8.971574902534484863e-02
-8.216333575546741486e-03
2.965688146650791168e-02
9.130866080522537231e-02
1.953155500814318657e-03
-9.442673623561859131e-02
7.580754905939102173e-02
9.131505340337753296e-02
-4.722209647297859192e-02
1.583255678415298462e-01
-7.130648195743560791e-02
3.904142230749130249e-02
3.751662373542785645e-02
-3.186659514904022217e-02
-1.068088859319686890e-01
5.650719627737998962e-02
6.278896331787109375e-02
6.138292700052261353e-02
-1.551797091960906982e-01
-1.657464951276779175e-01
-1.153912544250488281e-01
-1.864869445562362671e-01
1.023868620395660400e-01
-4.364355280995368958e-02
-1.260173171758651733e-01
4.694785177707672119e-02
-1.439597308635711670e-01
1.171209290623664856e-01
1.429808419197797775e-02
5.137774161994457245e-03
-2.989646196365356445e-01
-1.255054585635662079e-02
-4.379884153604507446e-02
-4.767031595110893250e-02
1.201620101928710938e-01
-1.891895197331905365e-02
-2.719509601593017578e-01
6.977631896734237671e-02
-2.957789301872253418e-01
-7.712151855230331421e-02
5.135025084018707275e-02
-3.225635737180709839e-02
-9.153375774621963501e-02
5.354968830943107605e-03
-1.923993825912475586e-01
-3.935343772172927856e-02
6.826093792915344238e-02
-4.890166968107223511e-02
3.923464193940162659e-02
2.122060805559158325e-01
-1.193689927458763123e-01
-1.587631106376647949e-01
-3.595485091209411621e-01
-3.028708398342132568e-01
-1.889168471097946167e-01
1.002091392874717712e-01
-2.122105956077575684e-01
-2.641772329807281494e-01
-2.327902764081954956e-01
-2.115978896617889404e-01
-6.976647675037384033e-02
-2.160220444202423096e-01
-8.592892438173294067e-02
-2.519690096378326416e-01
1.375406086444854736e-01
-8.760083466768264771e-02
6.370868533849716187e-02
-1.587332040071487427e-01
-8.653033524751663208e-02
-1.678056716918945312e-01
1.457274705171585083e-01
-8.297954499721527100e-02
7.032101601362228394e-02
1.777342706918716431e-01
-1.800762861967086792e-01
-4.327487573027610779e-02
-1.632606238126754761e-01
-1.605960577726364136e-01
9.204158186912536621e-02
2.710997499525547028e-02
8.748547732830047607e-02
1.625556200742721558e-01
6.820449978113174438e-02
-2.820591256022453308e-02
1.193451359868049622e-01
1.157321855425834656e-01
1.001139655709266663e-01
9.631457924842834473e-02
-1.277904212474822998e-01
9.364575147628784180e-02
-1.641978174448013306e-01
-1.449436992406845093e-01
-7.409557700157165527e-02
2.174131805077195168e-03
-1.047556921839714050e-01
1.024770885705947876e-01
-1.614521145820617676e-01
6.897576898336410522e-02
3.258223459124565125e-02
5.137908458709716797e-02
1.354991346597671509e-01
1.191617399454116821e-01
3.492930158972740173e-02
-7.191558182239532471e-02
5.640567466616630554e-02
2.208438664674758911e-01
3.033586405217647552e-02
-5.350816994905471802e-02
9.689286351203918457e-02
-1.461657285690307617e-01
1.390171498060226440e-01
-1.197405830025672913e-01
1.176224425435066223e-01
-2.830828912556171417e-02
-7.801762968301773071e-02
5.069937929511070251e-02
7.889947295188903809e-02
-1.464280486106872559e-01
1.044867113232612610e-01
-1.594179496169090271e-02
-1.255846470594406128e-01
6.076876446604728699e-02
-7.733389735221862793e-02
-6.781252473592758179e-02
3.979156538844108582e-02
-2.335581928491592407e-01
7.765179127454757690e-02
-6.099408492445945740e-02
-2.096661329269409180e-01
7.067339122295379639e-02
5.268098786473274231e-02
-1.917816698551177979e-02
3.580963611602783203e-02
5.064711347222328186e-02
-6.094796583056449890e-02
-1.705860644578933716e-01
1.898138318210840225e-03
7.739739865064620972e-02
8.360459655523300171e-02
4.468968138098716736e-02
9.614016115665435791e-02
1.469459035433828831e-03
3.536083549261093140e-02
6.155074760317802429e-02
2.859306521713733673e-02
-2.100428566336631775e-02
-1.708355844020843506e-01
-8.571902662515640259e-02
-1.486364454030990601e-01
1.046477258205413818e-01
2.131583243608474731e-01
1.216953247785568237e-01
-1.893555629067122936e-03
-2.268016040325164795e-01
-2.239513909444212914e-03
-3.505221605300903320e-01
-3.719579577445983887e-01
-2.873968482017517090e-01
8.622282184660434723e-03
-2.834068238735198975e-02
7.996501401066780090e-03
-2.606477141380310059e-01
-1.845354735851287842e-01
-1.840042509138584137e-02
-5.784019827842712402e-02
1.959672719240188599e-01
-6.691066175699234009e-02
-2.993464877363294363e-04
-1.573021709918975830e-01
7.912261039018630981e-02
-5.304641276597976685e-02
2.819744683802127838e-02
2.364699542522430420e-01
-3.474972546100616455e-01
-7.546765357255935669e-02
-1.466115117073059082e-01
1.433659046888351440e-01
-3.484064340591430664e-01
-1.019028574228286743e-01
-2.634658515453338623e-01
-3.854629397392272949e-01
-6.638679504394531250e-01
2.639396674931049347e-02
1.441045850515365601e-01
-8.735654503107070923e-02
2.713684923946857452e-03
9.368288516998291016e-02
-3.458058461546897888e-02
-2.459797263145446777e-02
-1.507015675306320190e-01
1.188508868217468262e-01
1.180718243122100830e-01
1.075277924537658691e-01
-5.527914687991142273e-02
1.308455020189285278e-01
-1.348294317722320557e-01
-2.081457376480102539e-01
-2.635444700717926025e-01
-5.178800970315933228e-02
-1.289481818675994873e-01
1.155189722776412964e-01
-2.917072549462318420e-02
9.709721803665161133e-02
5.554363876581192017e-02
-1.380034238100051880e-01
3.750159218907356262e-02
-2.609020173549652100e-01
-8.787142485380172729e-02
-1.534195840358734131e-01
-2.276880890130996704e-01
6.630526483058929443e-02
1.156006976962089539e-01
-6.898641586303710938e-02
2.134407907724380493e-01
-1.893217116594314575e-01
1.131038740277290344e-01
-6.827714294195175171e-02
-3.935200721025466919e-02
-1.659087836742401123e-01
-2.521243132650852203e-02
1.341720074415206909e-01
1.512994021177291870e-01
1.973744481801986694e-02
1.823064684867858887e-02
-1.202003955841064453e-01
-1.385599374771118164e-01
-1.388530880212783813e-01
-5.265689641237258911e-02
-2.844780869781970978e-02
6.324771791696548462e-02
-5.616923794150352478e-02
1.237393021583557129e-01
-2.853637039661407471e-01
-2.000495195388793945e-01
1.040390804409980774e-01
4.636790230870246887e-02
1.744487732648849487e-01
5.291207507252693176e-02
-1.052158251404762268e-01
7.798439264297485352e-02
2.138034403324127197e-01
-1.482087373733520508e-01
7.854783535003662109e-02
1.711293309926986694e-02
-9.147378057241439819e-02
-7.699677348136901855e-02
-1.476131677627563477e-01
1.696210540831089020e-02
-1.566381007432937622e-01
-1.134496256709098816e-01
-1.053750813007354736e-01
-2.682715095579624176e-02
1.667374372482299805e-01
-1.579885035753250122e-01
-6.212212890386581421e-02
7.503456436097621918e-03
-1.073506698012351990e-01
6.121269986033439636e-02
2.043810188770294189e-01
4.120942205190658569e-02
-1.509128212928771973e-01
2.204681746661663055e-03
-3.040882200002670288e-02
-1.090707257390022278e-01
-7.185847312211990356e-02
4.798898473381996155e-02
-8.519034832715988159e-03
5.664552375674247742e-02
-7.548219524323940277e-03
-1.358444541692733765e-01
-6.847658753395080566e-02
-1.351488381624221802e-01
5.336482822895050049e-02
9.997303783893585205e-02
7.809320837259292603e-02
3.080115653574466705e-02
-1.177783980965614319e-01
7.602373510599136353e-02
1.143672168254852295e-01
2.640613541007041931e-02
2.447677776217460632e-02
-8.068598806858062744e-02
6.866233050823211670e-02
-5.663913860917091370e-02
-7.850213907659053802e-03
1.451845020055770874e-01
-3.832440450787544250e-02
-7.330476492643356323e-02
-1.855649426579475403e-02
-1.259574592113494873e-01
-4.591926187276840210e-02
3.743410483002662659e-02
8.159787207841873169e-02
-2.315379120409488678e-02
-6.667967885732650757e-02
-8.148050308227539062e-02
1.967041939496994019e-02
1.256716996431350708e-01
-2.908466942608356476e-02
-3.628525882959365845e-02
-1.425850391387939453e-01
7.003581523895263672e-02
2.103360369801521301e-02
1.323696225881576538e-02
1.089594140648841858e-01
-2.538596093654632568e-01
-3.856578469276428223e-02
-2.657925784587860107e-01
-1.471825540065765381e-01
-9.525550156831741333e-02
-9.341883659362792969e-02
4.541947320103645325e-02
-6.150235421955585480e-03
8.287692070007324219e-02
1.871297061443328857e-01
-4.708482697606086731e-02
1.162156648933887482e-02
-2.560450695455074310e-02
-1.912441402673721313e-01
1.785140857100486755e-02
4.387619346380233765e-02
-9.760037809610366821e-02
-3.228443115949630737e-02
-1.203148905187845230e-02
-1.358975321054458618e-01
-8.693498373031616211e-02
2.817471511662006378e-02
-8.962799608707427979e-02
6.479199975728988647e-02
-1.706032007932662964e-01
2.177603729069232941e-02
4.986262321472167969e-02
1.683542877435684204e-01
-1.614155471324920654e-01
3.214619159698486328e-01
-1.403628438711166382e-01
-5.223995819687843323e-02
7.648388389497995377e-03
-1.088730525225400925e-03
8.442165702581405640e-02
-3.535395488142967224e-02
-3.373872488737106323e-02
-1.719310879707336426e-02
-1.045820862054824829e-01
-2.385090291500091553e-01
-9.297112375497817993e-02
1.602132245898246765e-02
-1.785804517567157745e-02
-1.668339967727661133e-01
5.117907375097274780e-02
2.282393723726272583e-01
1.953907161951065063e-01
1.423528045415878296e-01
-2.102220207452774048e-01
-1.315010488033294678e-01
-2.201564162969589233e-01
-1.451809657737612724e-03
-3.972636461257934570e-01
-1.514721959829330444e-01
-3.645993173122406006e-01
-1.349696144461631775e-02
-3.773097693920135498e-01
1.063970401883125305e-01
1.828346773982048035e-02
1.042103692889213562e-01
-1.369524896144866943e-01
1.565064340829849243e-01
-5.675129964947700500e-02
-5.194300413131713867e-02
-1.199442427605390549e-02
-8.515311032533645630e-02
2.170793414115905762e-01
5.033622309565544128e-02
-2.499528676271438599e-01
1.210021078586578369e-01
7.699996978044509888e-02
-6.497613340616226196e-02
4.666526615619659424e-02
-8.270895481109619141e-02
1.358503568917512894e-02
5.251394212245941162e-02
-2.127369046211242676e-01
-2.194526195526123047e-01
1.990910172462463379e-01
-5.817572772502899170e-02
2.895439788699150085e-02
-1.017796695232391357e-01
-6.749194581061601639e-03
3.496386855840682983e-02
1.822814643383026123e-01
2.749973721802234650e-02
1.624526642262935638e-02
-2.460831217467784882e-02
7.657951116561889648e-02
4.019559174776077271e-02
-1.986142620444297791e-02
8.007968217134475708e-02
-1.638578027486801147e-01
-2.297198958694934845e-02
-2.964221499860286713e-02
-1.004303470253944397e-01
-5.362821370363235474e-02
2.017250806093215942e-01
-2.705635428428649902e-01
-1.219459176063537598e-01
2.387029118835926056e-02
-1.642091274261474609e-01
-6.285110861063003540e-02
1.068273186683654785e-01
7.295577973127365112e-02
-1.885231882333755493e-01
-5.729120224714279175e-02
-2.031395211815834045e-02
-3.741097822785377502e-02
7.745542377233505249e-02
-2.412390522658824921e-02
1.118141692131757736e-02
-6.110669672489166260e-02
7.243999093770980835e-02
-6.183690577745437622e-02
9.130519628524780273e-02
2.100011706352233887e-02
-1.416849642992019653e-01
6.474588532000780106e-03
6.205455213785171509e-02
-1.130831539630889893e-01
-1.543152928352355957e-01
-3.927920758724212646e-02
-1.907749027013778687e-01
6.682410091161727905e-02
-1.219676956534385681e-01
1.923873275518417358e-02
-1.337413042783737183e-01
-1.198796853423118591e-01
-9.631724655628204346e-02
3.982584178447723389e-02
1.169342547655105591e-01
2.703860402107238770e-01
-1.663685217499732971e-02
1.614282727241516113e-01
-2.066840976476669312e-01
-1.884686499834060669e-01
-1.342997141182422638e-02
-2.669763565063476562e-01
6.863366812467575073e-02
-7.217085361480712891e-02
6.430322676897048950e-02
-3.783843293786048889e-02
1.054406985640525818e-01
9.830311685800552368e-02
-2.114129438996315002e-02
-1.744657605886459351e-01
-3.023175150156021118e-02
-6.287445127964019775e-02
-8.145903795957565308e-02
-7.211778312921524048e-02
-1.096765231341123581e-02
1.287244111299514771e-01
5.651785060763359070e-02
-1.736377924680709839e-02
7.161588966846466064e-02
-1.392192393541336060e-01
-2.429874539375305176e-01
-8.900904655456542969e-02
-2.306423336267471313e-01
2.333695143461227417e-01
-2.953417897224426270e-01
-1.308175176382064819e-01
-8.583301305770874023e-02
-2.178495377302169800e-01
-1.618082374334335327e-01
-1.272153407335281372e-01
-7.060372829437255859e-02
9.789875149726867676e-02
6.376239657402038574e-02
-1.226785928010940552e-01
7.389256265014410019e-03
2.625925466418266296e-02
-2.232435047626495361e-01
-2.526268064975738525e-01
2.631576955318450928e-01
-1.642670482397079468e-01
-2.446779310703277588e-01
1.952171325683593750e-01
5.747617036104202271e-02
-4.428304731845855713e-02
8.119259029626846313e-02
1.689644157886505127e-01
3.004733286798000336e-02
-2.742648310959339142e-02
6.658223271369934082e-02
1.010003015398979187e-01
1.210375279188156128e-01
-1.073867231607437134e-01
2.700122259557247162e-02
2.589224604889750481e-03
8.623775839805603027e-02
7.690216600894927979e-02
2.351103350520133972e-02
5.945705994963645935e-02
-1.184878274798393250e-01
2.016033604741096497e-02
2.103007584810256958e-01
6.992181390523910522e-02
2.270284481346607208e-02
7.396883517503738403e-02
-2.369717508554458618e-01
-2.256274595856666565e-02
-1.953138709068298340e-01
-1.299578100442886353e-01
8.546018600463867188e-02
-1.264599859714508057e-01
-1.293548941612243652e-01
-1.046931743621826172e-01
-1.609649062156677246e-01
-1.111785098910331726e-01
-8.173037320375442505e-02
-8.642173558473587036e-02
-4.602243378758430481e-02
-6.238095089793205261e-02
-7.045828551054000854e-02
-9.622313082218170166e-02
-9.587983600795269012e-03
-2.116696536540985107e-02
9.124944359064102173e-02
-3.027716465294361115e-02
-6.186117231845855713e-02
1.156352236866950989e-01
4.403837770223617554e-02
4.876820370554924011e-03
-4.436924308538436890e-02
-8.389975130558013916e-02
7.561888545751571655e-02
7.470726221799850464e-02
-1.043798308819532394e-02
4.311707243323326111e-02
-9.913096576929092407e-02
1.034103408455848694e-01
-1.085916981101036072e-01
-3.632573038339614868e-02
-5.401557311415672302e-03
5.141965672373771667e-02
-3.801511228084564209e-02
-3.349261879920959473e-01
9.733601659536361694e-02
6.421358883380889893e-02
2.270610444247722626e-02
6.384930107742547989e-03
-5.493877828121185303e-02
-2.146934568881988525e-01
3.984431177377700806e-02
-2.365206182003021240e-01
3.568679466843605042e-02
4.500981792807579041e-02
-9.505797177553176880e-02
-9.738489240407943726e-02
-1.397435814142227173e-01
-1.433779746294021606e-01
-1.081188544631004333e-01
1.422959417104721069e-01
-9.890501201152801514e-02
-3.176623582839965820e-02
-9.166048467159271240e-02
2.557099983096122742e-02
9.096514433622360229e-02
1.083686053752899170e-01
1.358595490455627441e-01
3.484124317765235901e-02
-8.316567540168762207e-02
-1.178604643791913986e-02
-5.843329802155494690e-02
4.667221754789352417e-02
-6.755240261554718018e-02
-9.379890561103820801e-02
-1.120478659868240356e-02
1.033642366528511047e-01
6.154865026473999023e-02
1.747738756239414215e-02
1.394370645284652710e-01
-1.469275169074535370e-02
8.983202278614044189e-02
-2.213831841945648193e-01
-1.524904556572437286e-02
-1.467871069908142090e-01
1.192785128951072693e-01
4.792327433824539185e-02
1.320480108261108398e-01
-9.491538256406784058e-02
-1.257342193275690079e-02
-7.439161092042922974e-02
-1.321036964654922485e-01
9.863255918025970459e-02
-9.496789425611495972e-02
-9.897401183843612671e-02
-6.362399458885192871e-02
-1.235748901963233948e-01
1.276238560676574707e-01
-2.581416442990303040e-02
-1.374166309833526611e-01
3.533935844898223877e-01
-6.775550544261932373e-03
-1.595687121152877808e-03
-1.144916638731956482e-01
-1.034309566020965576e-01
1.697652600705623627e-02
1.868757046759128571e-02
-9.487935900688171387e-02
1.371402386575937271e-02
-6.537231057882308960e-02
-1.428761631250381470e-01
-1.322732120752334595e-01
6.592508405447006226e-02
1.256302297115325928e-01
2.105703502893447876e-01
-1.518019735813140869e-01
-7.695382088422775269e-02
5.133869871497154236e-02
-2.876014262437820435e-02
-7.682472467422485352e-02
-9.049708396196365356e-02
6.410910189151763916e-02
-1.442503631114959717e-01
2.606853246688842773e-01
-7.570830732583999634e-02
-4.470652341842651367e-02
-1.750913411378860474e-01
5.537035316228866577e-02
-1.447990685701370239e-01
-1.345001906156539917e-01
1.097027212381362915e-03
-1.460121273994445801e-01
-1.418875064700841904e-02
-9.330459684133529663e-02
-1.417442709207534790e-01
1.216356232762336731e-01
-4.546403884887695312e-02
-1.517454236745834351e-01
-1.320270001888275146e-01
-1.030425280332565308e-01
2.689631097018718719e-02
-2.760740220546722412e-01
1.497268229722976685e-01
-1.556289643049240112e-01
-2.394602634012699127e-02
-1.297334283590316772e-01
-4.997002705931663513e-02
2.920374572277069092e-01
5.707523971796035767e-02
-8.754283934831619263e-02
-5.428291112184524536e-02
-4.712504521012306213e-02
-6.977946311235427856e-02
-1.566088348627090454e-01
-2.077665328979492188e-01
1.917320638895034790e-01
-6.987432390451431274e-02
-1.381910741329193115e-01
2.370770275592803955e-02
1.241407021880149841e-01
1.196943968534469604e-02
-1.265241652727127075e-01
-1.839143037796020508e-01
-1.684960443526506424e-03
-7.185228168964385986e-02
-7.144916057586669922e-02
-1.248128339648246765e-02
-1.238448321819305420e-01
-1.365057677030563354e-01
7.557582110166549683e-02
-1.142752617597579956e-01
-7.161363214254379272e-02
7.175163924694061279e-02
3.044864833354949951e-01
-1.737740486860275269e-01
-3.373806178569793701e-01
1.971529796719551086e-02
-9.954112768173217773e-02
-3.230617642402648926e-01
-9.255845844745635986e-02
1.531056463718414307e-01
-5.052048340439796448e-02
-3.071046471595764160e-01
1.414720118045806885e-01
8.990783989429473877e-02
-1.979567483067512512e-02
3.862402215600013733e-02
1.129828244447708130e-01
-9.305700659751892090e-02
-1.040273532271385193e-01
-9.985245019197463989e-02
4.253191873431205750e-03
-8.284185081720352173e-02
1.088495552539825439e-01
-1.797726452350616455e-01
1.582422107458114624e-02
-3.550053387880325317e-02
-1.862131431698799133e-02
-2.428109385073184967e-02
1.928910464048385620e-01
-1.118836477398872375e-01
-3.305007517337799072e-01
-1.932276934385299683e-01
4.800348728895187378e-02
-1.450117025524377823e-02
-2.267881631851196289e-01
-4.871452227234840393e-02
8.415163308382034302e-02
-1.052827090024948120e-01
-1.154343411326408386e-01
1.405100971460342407e-01
1.278630495071411133e-01
8.907033503055572510e-02
-1.286593452095985413e-02
7.639115303754806519e-02
3.466203063726425171e-02
-7.926990278065204620e-03
-1.118025109171867371e-01
-7.641181349754333496e-02
-1.322032660245895386e-01
-5.142772570252418518e-02
7.791710644960403442e-02
1.435999176464974880e-03
-1.912682354450225830e-01
1.006418615579605103e-01
-2.715126238763332367e-02
6.865693628787994385e-02
-2.026430964469909668e-01
4.994997382164001465e-02
3.304662927985191345e-02
-4.261777549982070923e-02
-1.979181319475173950e-01
2.247270196676254272e-02
6.740143056958913803e-03
-1.946963518857955933e-01
3.247749432921409607e-02
-1.920839250087738037e-01
-2.046656608581542969e-01
6.991547346115112305e-02
7.499110698699951172e-02
-8.412355929613113403e-02
1.294470876455307007e-01
-8.485514670610427856e-02
-2.401648163795471191e-01
-1.081523671746253967e-01
1.877423524856567383e-01
-8.476844429969787598e-02
6.415088474750518799e-02
2.786529622972011566e-02
7.575260102748870850e-02
-1.576221734285354614e-01
-1.322036981582641602e-01
-2.552429772913455963e-02
-8.806199580430984497e-02
6.798793375492095947e-02
-6.945780664682388306e-02
-1.039107982069253922e-02
-8.728575706481933594e-02
-7.720320671796798706e-02
1.517725586891174316e-01
-6.531931459903717041e-02
-3.608089685440063477e-02
6.209383159875869751e-02
-5.884440243244171143e-02
1.917127966880798340e-01
-9.893203526735305786e-02
-1.117273196578025818e-01
1.165281329303979874e-02
-1.724202930927276611e-01
-4.403406381607055664e-02
-9.201631695032119751e-02
5.291016399860382080e-02
1.774082481861114502e-01
6.592934019863605499e-03
6.631713360548019409e-02
1.024604514241218567e-01
1.670629531145095825e-01
5.328373238444328308e-02
-4.684355109930038452e-02
9.118000417947769165e-02
-1.360877156257629395e-01
-1.970701813697814941e-01
-8.218026161193847656e-02
-1.336642503738403320e-01
-1.106738969683647156e-01
1.779443621635437012e-01
-2.301235646009445190e-01
-8.457980304956436157e-02
-1.369627267122268677e-01
-1.370171159505844116e-01
-1.009130775928497314e-01
-1.081520244479179382e-01
1.818895488977432251e-01
1.869470626115798950e-01
-4.593801125884056091e-02
-4.353122413158416748e-02
-1.265153940767049789e-02
1.600448489189147949e-01
-8.396336436271667480e-02
-1.374583095312118530e-01
1.930245459079742432e-01
-9.522039443254470825e-02
-4.847130272537469864e-03
-5.465759709477424622e-02
5.622987449169158936e-02
1.021944060921669006e-01
9.253703802824020386e-02
2.184151485562324524e-02
-1.179267540574073792e-01
6.655069440603256226e-02
-5.020337924361228943e-02
-3.700095787644386292e-02
1.104678288102149963e-01
-7.197824120521545410e-02
-1.531824618577957153e-01
1.379996985197067261e-01
-6.698017567396163940e-02
-6.353369355201721191e-02
9.304052591323852539e-02
-5.895303934812545776e-02
-8.938207477331161499e-02
8.721730113029479980e-02
8.702668547630310059e-02
3.808417916297912598e-02
-1.078628152608871460e-01
-7.996620982885360718e-02
-1.617111265659332275e-01
4.707503318786621094e-02
-1.130983158946037292e-01
-1.416424363851547241e-01
1.594529151916503906e-01
1.563602238893508911e-01
-6.228652596473693848e-02
-5.308045819401741028e-02
1.103458032011985779e-01
-1.524486988782882690e-01
-1.495452374219894409e-01
1.223076805472373962e-01
1.138560399413108826e-01
-1.126518398523330688e-01
-1.889300998300313950e-03
-1.117599457502365112e-01
-1.367532312870025635e-01
-1.849962472915649414e-01
-2.097273468971252441e-01
4.939316213130950928e-02
3.979611024260520935e-02
1.409143954515457153e-01
6.820944696664810181e-02
4.628481343388557434e-02
9.769804030656814575e-02
-3.207620382308959961e-01
-1.768891066312789917e-01
-9.298386424779891968e-02
-1.166856139898300171e-01
-2.370694465935230255e-02
9.929367899894714355e-02
8.884881436824798584e-02
5.435299500823020935e-02
-2.394855767488479614e-02
-6.141425669193267822e-02
-2.926386892795562744e-01
8.561103790998458862e-02
-1.079002320766448975e-01
-1.416910737752914429e-01
-1.352112293243408203e-01
-7.779698073863983154e-02
1.296686083078384399e-01
-1.301678419113159180e-01
6.391500681638717651e-02
-4.598162323236465454e-02
-8.743895590305328369e-02
1.679934188723564148e-02
4.383261501789093018e-02
-2.566094137728214264e-02
-5.229593440890312195e-02
-1.342308670282363892e-01
-1.600921303033828735e-01
1.980669796466827393e-02
-9.567128121852874756e-02
-4.373281076550483704e-02
-8.769019693136215210e-02
-1.012110933661460876e-01
9.758498519659042358e-02
5.895879119634628296e-02
5.186709389090538025e-02
-8.873613178730010986e-02
4.771188646554946899e-02
-6.054659932851791382e-02
-2.777927741408348083e-02
1.354353278875350952e-01
1.055714040994644165e-01
1.177130639553070068e-01
9.713000059127807617e-02
7.270789146423339844e-02
7.635862380266189575e-02
1.375751346349716187e-01
-4.172903671860694885e-02
-1.084083467721939087e-01
1.157439723610877991e-01
-1.256320178508758545e-01
4.794197157025337219e-02
-2.465275488793849945e-02
2.133309245109558105e-01
-3.520657420158386230e-01
-8.096716552972793579e-02
-2.832446992397308350e-01
1.180478557944297791e-01
-7.159066945314407349e-02
-1.630654633045196533e-01
-3.631620109081268311e-01
-5.788860470056533813e-02
-3.593343794345855713e-01
7.755976170301437378e-02
1.336645931005477905e-01
-6.600616127252578735e-02
-1.984022790566086769e-03
-5.859530996531248093e-03
-2.573313564062118530e-02
-1.258656531572341919e-01
-7.876724749803543091e-02
-1.205551773309707642e-01
5.006671324372291565e-02
-2.053786218166351318e-01
1.049729660153388977e-01
2.355033010244369507e-01
-4.712823033332824707e-02
9.705741703510284424e-02
-1.521382033824920654e-01
5.713672190904617310e-02
9.908761084079742432e-02
-8.179073035717010498e-02
4.736656323075294495e-02
-1.359342932701110840e-01
-2.482129260897636414e-02
-1.673466563224792480e-01
2.738314308226108551e-02
2.923500351607799530e-02
4.982573911547660828e-02
-9.736538678407669067e-02
-8.127675950527191162e-02
-1.088752225041389465e-01
2.079880386590957642e-01
-1.075739488005638123e-01
-5.759476870298385620e-02
-1.425621509552001953e-01
5.668581649661064148e-02
-2.813658416271209717e-01
-9.379801899194717407e-02
2.418139874935150146e-01
3.367525711655616760e-02
7.373008131980895996e-02
-3.660490736365318298e-02
-2.528061531484127045e-02
-6.695948541164398193e-02
2.349136769771575928e-02
-1.660727560520172119e-01
-3.033620305359363556e-02
2.628802061080932617e-01
8.959670364856719971e-02
-2.154289931058883667e-01
2.847666386514902115e-03
1.904314383864402771e-02
-4.356386885046958923e-02
-8.961560577154159546e-02
-8.998335897922515869e-02
-5.618154536932706833e-03
-6.700225174427032471e-02
-8.008591830730438232e-02
-1.476659439504146576e-02
-1.184316053986549377e-01
-9.592569619417190552e-02
1.813698559999465942e-02
-5.938171967864036560e-02
1.487050354480743408e-01
-8.636078238487243652e-02
-1.565855145454406738e-01
-1.393436491489410400e-01
7.023067027330398560e-02
-1.136643588542938232e-01
7.631422579288482666e-02
1.507994085550308228e-01
1.907273232936859131e-01
-9.042741358280181885e-02
1.151941716670989990e-02
-8.326165378093719482e-02
-3.050590679049491882e-02
9.257239103317260742e-02
-1.234510913491249084e-01
-3.370779752731323242e-02
4.386748187243938446e-03
-7.542248815298080444e-02
2.244913391768932343e-02
-1.294261515140533447e-01
1.989526152610778809e-01
-1.025234758853912354e-01
1.488255113363265991e-01
1.800853163003921509e-01
-9.058812260627746582e-02
-2.261140048503875732e-01
-3.420194387435913086e-01
3.719620108604431152e-01
-8.444859832525253296e-02
-1.078151911497116089e-01
-1.575469468662049621e-05
3.455431014299392700e-02
4.420349746942520142e-02
-5.576011165976524353e-02
-1.547421514987945557e-01
-2.896812930703163147e-02
-3.070550411939620972e-02
8.365967869758605957e-02
3.324344754219055176e-02
-8.534619212150573730e-02
2.350344359874725342e-01
-1.990560069680213928e-02
-1.411054283380508423e-01
-1.826453208923339844e-01
-1.967869251966476440e-01
-1.075495332479476929e-01
-1.711362451314926147e-01
-1.467502713203430176e-01
1.225876137614250183e-01
1.927222460508346558e-01
1.869994960725307465e-02
-2.647218480706214905e-02
7.462377101182937622e-02
-1.518302261829376221e-01
-1.602156758308410645e-01
7.808737922459840775e-03
1.312352418899536133e-01
-6.814864173065871000e-05
1.191820427775382996e-01
-7.161084562540054321e-02
-8.482648059725761414e-03
-1.425141394138336182e-01
1.271696984767913818e-01
-3.512099385261535645e-02
8.846151828765869141e-02
6.536217033863067627e-02
1.181333884596824646e-01
3.538314253091812134e-02
9.621129184961318970e-02
-1.322604417800903320e-01
-2.561459243297576904e-01
-1.081560477614402771e-01
6.921510677784681320e-03
-7.040812075138092041e-02
-8.599162101745605469e-02
-1.059978976845741272e-01
2.902196347713470459e-01
-2.192857116460800171e-01
-1.674094647169113159e-01
1.031093895435333252e-01
1.817303597927093506e-01
1.685733646154403687e-01
-2.093226909637451172e-01
-2.122042775154113770e-01
-2.630548775196075439e-01
2.692726552486419678e-01
-8.464461565017700195e-02
4.016770515590906143e-03
-9.206993132829666138e-02
-7.507813721895217896e-02
2.626004219055175781e-01
-6.488484144210815430e-02
6.951175630092620850e-02
-6.875364482402801514e-02
-1.249235197901725769e-01
1.058404892683029175e-01
-1.652214676141738892e-01
2.318422794342041016e-01
7.150098681449890137e-02
-6.617611646652221680e-02
-1.298844367265701294e-01
-9.610173106193542480e-02
-6.051776558160781860e-02
-7.187777012586593628e-02
-5.112013220787048340e-02
2.935150079429149628e-02
-1.195428818464279175e-01
9.742046892642974854e-02
-1.037981510162353516e-01
1.361236721277236938e-01
2.048938348889350891e-02
-1.020433232188224792e-01
-8.030483126640319824e-02
5.572662129998207092e-02
3.432032093405723572e-02
-9.782414883375167847e-02
1.804777421057224274e-02
2.281884662806987762e-02
-2.534110099077224731e-02
-2.484133094549179077e-01
-1.150763705372810364e-01
-1.440822929143905640e-01
3.179686889052391052e-02
1.155940964818000793e-01
9.783314168453216553e-02
1.039726883172988892e-01
-5.185271799564361572e-02
-9.059257805347442627e-02
-1.754515767097473145e-01
-1.241608262062072754e-01
-1.466903090476989746e-01
-1.406878083944320679e-01
9.196629375219345093e-02
1.171675994992256165e-01
-3.566740453243255615e-02
-5.701099708676338196e-02
-1.188898831605911255e-01
-1.922145369462668896e-03
-5.468599032610654831e-03
-8.604995906352996826e-02
1.129014417529106140e-02
-3.816636279225349426e-02
-1.708822846412658691e-01
1.135890930891036987e-01
-8.959832042455673218e-02
-2.335560023784637451e-01
2.515934966504573822e-02
-1.304408311843872070e-01
-1.521308422088623047e-01
7.374563068151473999e-02
8.239236474037170410e-02
8.541554957628250122e-02
4.432471096515655518e-02
-8.541750162839889526e-02
3.198705241084098816e-02
-3.517975099384784698e-03
4.376439377665519714e-02
-1.283627599477767944e-01
7.627920061349868774e-02
-2.007326930761337280e-01
-1.875581294298171997e-01
2.084820717573165894e-01
-8.007844537496566772e-02
-3.105128929018974304e-02
7.728772610425949097e-02
-1.240726038813591003e-01
-8.914447575807571411e-02
-9.456435590982437134e-02
-1.013988927006721497e-01
-2.780216336250305176e-01
-1.559241861104965210e-01
2.756473980844020844e-02
4.611487092915922403e-04
-1.135707348585128784e-01
-2.214229404926300049e-01
3.321745246648788452e-02
1.640965193510055542e-01
-4.239582121372222900e-01
2.027259916067123413e-01
-4.099860321730375290e-03
-1.041774172335863113e-02
4.923808202147483826e-02
-1.642882227897644043e-01
-4.680361226201057434e-02
-1.531069278717041016e-01
-1.432266533374786377e-01
1.568724662065505981e-01
5.099873244762420654e-02
-1.739023625850677490e-01
-2.828003764152526855e-01
-1.659191101789474487e-01
3.518551588058471680e-02
1.936213523149490356e-01
-2.922416925430297852e-01
-8.710796386003494263e-02
-3.256322741508483887e-01
-2.665927708148956299e-01
4.846863076090812683e-02
-2.222197204828262329e-01
1.007805913686752319e-01
2.559226192533969879e-02
9.394896775484085083e-02
3.517112135887145996e-02
-1.322518587112426758e-01
1.060627624392509460e-01
-2.238937914371490479e-01
1.371392160654067993e-01
-3.081569075584411621e-01
-6.776734441518783569e-02
6.891138106584548950e-02
-2.193084508180618286e-01
-1.566208750009536743e-01
-1.046948879957199097e-01
1.781310886144638062e-01
-1.125737875699996948e-01
1.385297030210494995e-01
-1.571997553110122681e-01
7.242603600025177002e-02
-4.869292303919792175e-02
1.099236160516738892e-01
-1.446998417377471924e-01
6.091150268912315369e-02
-1.041607633233070374e-01
-7.011929899454116821e-02
1.436994760297238827e-03
-2.090704292058944702e-01
-1.608682870864868164e-01
1.254617273807525635e-01
1.853835731744766235e-01
3.436556458473205566e-02
1.867067515850067139e-01
4.303369298577308655e-02
-6.518178433179855347e-02
1.691542267799377441e-01
-1.275089085102081299e-01
-1.399098783731460571e-01
-1.655010282993316650e-01
-7.484643906354904175e-02
3.998681902885437012e-02
-6.219632551074028015e-02
-1.558275520801544189e-01
-7.042253762483596802e-02
3.747015818953514099e-02
6.690811365842819214e-02
-3.372108191251754761e-02
-9.075295925140380859e-02
-9.256697446107864380e-02
-3.427062928676605225e-02
7.616055756807327271e-02
-6.104658916592597961e-02
2.030301988124847412e-01
-1.144048795104026794e-01
-5.336013063788414001e-02
-1.708006560802459717e-01
-4.577980842441320419e-03
-1.858981847763061523e-01
-1.455014944076538086e-02
1.769050061702728271e-01
2.375561594963073730e-01
-1.729263365268707275e-01
8.738717436790466309e-02
-9.632439911365509033e-02
3.170034289360046387e-02
6.460405886173248291e-02
-1.006310507655143738e-01
2.483561933040618896e-01
6.094186380505561829e-02
1.755914650857448578e-02
-1.561127305030822754e-01
-4.581635445356369019e-02
-5.298504233360290527e-02
-4.503922164440155029e-02
1.008085608482360840e-01
-7.769694924354553223e-02
-9.927011281251907349e-02
1.435191482305526733e-01
8.924549818038940430e-02
-3.395507857203483582e-02
-8.996209502220153809e-02
1.615761406719684601e-02
1.217213347554206848e-01
-1.424238085746765137e-01
2.048693150281906128e-01
-9.270684421062469482e-02
-9.307055175304412842e-02
-6.869904696941375732e-02
-1.252908706665039062e-01
-1.268958449363708496e-01
1.182922869920730591e-01
-5.177009850740432739e-02
8.757746964693069458e-02
3.522495925426483154e-02
-1.689636409282684326e-01
8.314599096775054932e-02
-1.755234897136688232e-01
-6.067144125699996948e-02
-1.100952625274658203e-01
1.847630292177200317e-01
-1.274451613426208496e-01
-2.747181355953216553e-01
1.308069974184036255e-01
2.829079143702983856e-02
1.603013463318347931e-02
1.253667026758193970e-01
9.466326236724853516e-02
8.374666422605514526e-02
-9.540966898202896118e-02
2.063303627073764801e-02
4.371981695294380188e-02
-3.087456524372100830e-02
-1.966661028563976288e-02
1.089238654822111130e-02
9.265936911106109619e-02
-7.045347243547439575e-02
1.927640587091445923e-01
-5.560638010501861572e-02
-9.019445627927780151e-02
1.199252344667911530e-02
-1.334812045097351074e-01
-1.651600748300552368e-01
-1.786070466041564941e-01
-8.304794318974018097e-03
-8.132998645305633545e-02
4.800394549965858459e-02
9.495808184146881104e-02
2.496570721268653870e-02
1.006934791803359985e-01
-1.194069236516952515e-01
3.539394214749336243e-02
5.894979089498519897e-02
-1.066382899880409241e-01
-9.265869855880737305e-02
3.409078344702720642e-02
-1.503287702798843384e-01
-6.867475062608718872e-02
-9.773515164852142334e-02
-3.670644760131835938e-02
1.196529641747474670e-01
-1.122463122010231018e-01
1.091466099023818970e-01
5.775090679526329041e-02
-2.544438242912292480e-01
-4.057587981224060059e-01
-1.416943073272705078e-01
2.305520921945571899e-01
-2.230018824338912964e-01
-1.761367917060852051e-01
-8.949465304613113403e-02
-2.429183423519134521e-01
7.157567143440246582e-02
1.284581869840621948e-01
7.798009365797042847e-02
-1.347657442092895508e-01
5.418180674314498901e-02
-9.550052136182785034e-02
-1.729181706905364990e-01
-2.378150373697280884e-01
9.294330328702926636e-02
1.307049840688705444e-01
1.907273530960083008e-01
-3.544161841273307800e-02
-2.658885531127452850e-02
-8.615621924400329590e-02
2.329864948987960815e-01
-1.149850413203239441e-01
-7.015669345855712891e-02
-2.606970444321632385e-02
6.800731271505355835e-02
-1.716514527797698975e-01
-1.880554854869842529e-01
-1.357863843441009521e-01
2.859757542610168457e-01
-2.083654701709747314e-01
-1.302170306444168091e-01
-2.199628762900829315e-02
-8.709517121315002441e-02
-4.665828868746757507e-02
-9.853218495845794678e-02
-1.124426424503326416e-01
1.699309498071670532e-01
-1.005800813436508179e-01
-1.457341574132442474e-02
1.292097568511962891e-01
9.204319864511489868e-02
-3.661686182022094727e-02
-8.582597970962524414e-02
-9.485376626253128052e-02
4.606720432639122009e-02
-1.196570023894309998e-01
-2.597598135471343994e-01
-2.113135159015655518e-01
-1.346107572317123413e-01
3.626314550638198853e-02
-6.754659861326217651e-02
9.803453832864761353e-02
-5.333159863948822021e-02
9.694923646748065948e-03
1.728747189044952393e-01
-2.313291132450103760e-01
3.082602657377719879e-02
-2.530092597007751465e-01
-2.092459052801132202e-01
-1.670684963464736938e-01
-1.056577451527118683e-02
-2.750957310199737549e-01
-9.375683963298797607e-02
-1.879305839538574219e-01
1.470832824707031250e-01
-1.837451905012130737e-01
-3.361028060317039490e-02
1.398787740617990494e-02
-2.005068026483058929e-02
1.128735467791557312e-01
-5.811917409300804138e-02
-9.088175743818283081e-02
1.433611214160919189e-01
-1.958542689681053162e-02
-5.555005744099617004e-03
-1.077278405427932739e-01
1.165464967489242554e-01
-2.365541160106658936e-01
-1.925802230834960938e-01
-1.158865839242935181e-01
-2.113201916217803955e-01
-1.648420840501785278e-01
-2.232133746147155762e-01
-4.257249459624290466e-02
1.244705766439437866e-01
-2.369731962680816650e-01
-2.586198784410953522e-02
-4.060269147157669067e-02
1.557315140962600708e-01
2.153849750757217407e-01
-3.808289393782615662e-02
-1.019197776913642883e-01
7.656218111515045166e-02
-1.197582781314849854e-01
6.127649545669555664e-02
1.286554485559463501e-01
9.164204448461532593e-02
-2.466696202754974365e-01
1.874457299709320068e-01
1.118714436888694763e-01
-1.231603100895881653e-01
8.221386373043060303e-02
1.538981199264526367e-01
5.709708854556083679e-02
1.939237564802169800e-01
-2.808962599374353886e-04
9.091046452522277832e-02
1.031560674309730530e-01
6.215042620897293091e-02
-3.314771503210067749e-02
8.343244343996047974e-02
3.935494273900985718e-02
7.975985109806060791e-02
6.603942811489105225e-02
1.208632439374923706e-02
1.032643690705299377e-01
-1.357222646474838257e-01
-2.067033201456069946e-01
-1.357662491500377655e-02
-9.949858486652374268e-02
9.348192811012268066e-02
2.801024541258811951e-02
2.388828396797180176e-01
-8.050327748060226440e-02
-8.398041245527565479e-04
-1.406652331352233887e-01
-1.502123381942510605e-02
-7.464828342199325562e-02
2.382717132568359375e-01
-1.064500212669372559e-01
-6.905602663755416870e-02
-1.993108540773391724e-01
1.410561054944992065e-01
-1.634986400604248047e-01
-1.250285713467746973e-04
-1.069776043295860291e-01
6.961845606565475464e-02
1.040673553943634033e-01
9.225086867809295654e-02
9.314382821321487427e-02
-1.108123511075973511e-01
-1.301357056945562363e-02
1.247214302420616150e-01
-5.345791950821876526e-02
3.038935177028179169e-02
-1.189094409346580505e-02
9.479293972253799438e-02
-3.864345848560333252e-01
-3.186323642730712891e-01
-9.421776235103607178e-02
-2.394152134656906128e-01
2.340007275342941284e-01
-4.692970514297485352e-01
-2.195446938276290894e-01
-3.243429660797119141e-01
-1.635477542877197266e-01
-1.592132598161697388e-01
-2.643867731094360352e-01
-4.281486943364143372e-02
-2.257030606269836426e-01
3.794286549091339111e-01
-1.421465873718261719e-01
-1.308195888996124268e-01
1.225288435816764832e-01
9.628792107105255127e-02
-2.006961405277252197e-01
-3.677945584058761597e-02
-1.129894405603408813e-01
-3.432179335504770279e-03
-1.208231970667839050e-01
-6.178046017885208130e-02
5.647539719939231873e-02
-4.444666672497987747e-03
-9.749437868595123291e-02
2.345651537179946899e-01
5.264387279748916626e-02
1.072905063629150391e-01
-9.003656357526779175e-02
-3.114245086908340454e-02
1.317496895790100098e-01
-1.939016953110694885e-02
1.133925393223762512e-01
3.964772075414657593e-02
7.424589246511459351e-02
5.090217664837837219e-02
-8.291636407375335693e-02
4.441527649760246277e-02
-1.457526087760925293e-01
-1.297341436147689819e-01
-3.678359091281890869e-02
1.470921635627746582e-01
1.423811819404363632e-02
1.136041879653930664e-01
-1.127482056617736816e-01
5.293702706694602966e-02
-1.429003179073333740e-01
1.269151717424392700e-01
1.272205114364624023e-01
-4.714069142937660217e-02
-1.523640006780624390e-01
-1.295930743217468262e-01
-1.861410737037658691e-01
1.379778236150741577e-01
-2.020727097988128662e-01
9.625498205423355103e-02
2.200027108192443848e-01
9.813714772462844849e-02
1.174929738044738770e-01
-6.721533834934234619e-02
5.250999704003334045e-02
4.882427677512168884e-02
5.297873914241790771e-02
8.740159869194030762e-02
-4.306496679782867432e-02
-4.568377137184143066e-02
-1.031482741236686707e-01
-2.265221774578094482e-01
-4.850674867630004883e-01
-1.727937012910842896e-01
6.662811338901519775e-02
3.358520865440368652e-01
-6.014844030141830444e-02
-7.120653241872787476e-02
-4.807780981063842773e-01
-1.239799410104751587e-01
1.797781884670257568e-01
-1.010765787214040756e-02
-1.856125295162200928e-01
1.066952645778656006e-01
-1.458536237478256226e-01
-2.553432434797286987e-02
-6.446282565593719482e-02
2.971057547256350517e-03
-4.994566366076469421e-02
-5.450664460659027100e-02
1.869713962078094482e-01
9.978639334440231323e-02
-1.046975702047348022e-01
6.997054815292358398e-02
1.716326475143432617e-01
1.391709446907043457e-01
1.950877010822296143e-01
-1.375736389309167862e-02
-8.440016955137252808e-02
-2.987173795700073242e-01
-1.041064262390136719e-01
1.052011922001838684e-01
1.036049574613571167e-01
-1.552077103406190872e-02
1.305697113275527954e-01
5.073328316211700439e-02
8.208778500556945801e-02
-2.220441997051239014e-01
1.514715254306793213e-01
-7.707518339157104492e-02
7.451939582824707031e-02
9.668114036321640015e-02
-1.984014175832271576e-02
-7.408025115728378296e-02
-1.001965627074241638e-01
-2.198974043130874634e-02
-1.272617559880018234e-02
-1.075210422277450562e-01
1.192846894264221191e-02
-1.066877394914627075e-01
-1.560125946998596191e-01
1.668644137680530548e-03
-1.387206912040710449e-01
9.082755446434020996e-02
-1.604508757591247559e-01
3.163550794124603271e-02
9.774171561002731323e-02
1.505714375525712967e-02
-1.357164084911346436e-01
6.800831854343414307e-02
9.217101335525512695e-02
-2.568548619747161865e-01
-7.176174782216548920e-03
-1.764379590749740601e-01
-2.843812704086303711e-01
-1.915286108851432800e-02
9.386015683412551880e-02
-4.807786084711551666e-03
-7.230713218450546265e-02
-5.153259634971618652e-02
1.032203212380409241e-01
1.165786758065223694e-01
1.431912630796432495e-01
3.757550381124019623e-03
1.377530116587877274e-02
-4.200314357876777649e-02
-7.275004405528306961e-03
1.134224832057952881e-01
-6.437449157238006592e-02
-3.143455833196640015e-02
2.246093936264514923e-02
-1.567120254039764404e-01
-5.459646880626678467e-02
-1.134610921144485474e-01
-7.596693187952041626e-02
-2.472308091819286346e-02
-4.391728341579437256e-02
-4.422944039106369019e-02
4.500775784254074097e-02
-2.283700369298458099e-02
-1.550104841589927673e-02
-2.016147077083587646e-01
1.014287471771240234e-01
-5.945089086890220642e-02
7.541380822658538818e-02
-4.466504603624343872e-02
-2.488701976835727692e-02
1.691892445087432861e-01
1.654155701398849487e-01
6.841238588094711304e-02
9.977477788925170898e-02
1.084512099623680115e-01
-1.152491867542266846e-01
1.013001203536987305e-01
1.101427450776100159e-01
-5.096436291933059692e-02
-1.652843900956213474e-03
-6.335982680320739746e-02
-1.205761507153511047e-01
1.009032651782035828e-01
-4.534744191914796829e-03
-8.221099153161048889e-03
1.197684928774833679e-01
1.295375078916549683e-01
7.128046452999114990e-02
1.002751216292381287e-01
5.456208810210227966e-02
4.859150387346744537e-03
1.078409999608993530e-01
-3.366391956806182861e-01
1.333654373884201050e-01
1.033559739589691162e-01
-1.034013479948043823e-01
-1.310605090111494064e-02
-1.173205208033323288e-02
-3.567969659343361855e-03
-1.349810510873794556e-01
1.236696317791938782e-01
-1.314571648836135864e-01
3.454785048961639404e-02
8.116645365953445435e-02
7.104088366031646729e-02
-4.396928846836090088e-02
-1.832283101975917816e-02
6.490243226289749146e-02
-3.795260936021804810e-02
1.056793406605720520e-01
4.266849905252456665e-02
4.664403852075338364e-03
7.273279130458831787e-02
4.077360033988952637e-02
3.925462812185287476e-02
1.048986613750457764e-01
5.078054219484329224e-02
4.971043393015861511e-02
5.906740948557853699e-02
8.180620521306991577e-02
1.281417310237884521e-01
1.611523516476154327e-02
-6.510602682828903198e-02
1.109215021133422852e-01
4.065712168812751770e-02
-8.332568407058715820e-02
-8.622016012668609619e-02
2.295653223991394043e-01
-2.499840706586837769e-01
-1.456734240055084229e-01
-3.316951692104339600e-01
-1.216381341218948364e-01
-9.096560627222061157e-02
-9.344007074832916260e-02
1.734030246734619141e-01
-1.468508094549179077e-01
-1.900588274002075195e-01
2.583447098731994629e-02
8.779473602771759033e-03
-4.043742641806602478e-02
-1.678221523761749268e-01
2.592470943927764893e-01
-1.749811619520187378e-01
-1.167349889874458313e-01
5.095144733786582947e-02
8.636594563722610474e-02
-5.430027097463607788e-02
1.177604123950004578e-01
5.813165381550788879e-02
-2.794699668884277344e-01
3.415873646736145020e-02
-4.130864515900611877e-02
9.177079051733016968e-02
8.186402171850204468e-02
-2.451939731836318970e-01
-2.104817330837249756e-01
-1.373957842588424683e-01
-2.972982823848724365e-02
7.692040503025054932e-02
1.802184730768203735e-01
-1.514251437038183212e-02
-3.622106090188026428e-02
-4.113101959228515625e-01
-3.849515691399574280e-02
1.340765506029129028e-01
-1.162514984607696533e-01
1.431244611740112305e-01
-1.398512125015258789e-01
-4.687602445483207703e-02
-1.863177679479122162e-02
-2.343718111515045166e-01
-7.027725875377655029e-02
-2.024602442979812622e-01
5.440302193164825439e-02
-9.389352053403854370e-04
-1.484562158584594727e-01
1.162262186408042908e-01
8.591863512992858887e-02
7.059547305107116699e-02
8.827955275774002075e-02
1.327967047691345215e-01
-1.121056824922561646e-01
1.094665601849555969e-01
-8.487506955862045288e-02
-2.058549970388412476e-01
6.362326443195343018e-02
1.256658732891082764e-01
9.007612615823745728e-02
1.213618814945220947e-01
-9.043003618717193604e-02
1.044283807277679443e-01
1.172774955630302429e-01
-2.277907431125640869e-01
1.382775157690048218e-01
-1.841297894716262817e-01
4.377153888344764709e-02
1.072390750050544739e-01
8.340517431497573853e-02
-2.800997905433177948e-02
-3.407417982816696167e-02
7.527567446231842041e-02
-1.615416407585144043e-01
2.906703203916549683e-02
3.419236838817596436e-02
-5.068454891443252563e-02
-2.960792779922485352e-01
1.238190848380327225e-02
9.699651598930358887e-02
2.635938674211502075e-02
-1.326369773596525192e-02
-7.481896132230758667e-02
5.153676867485046387e-02
-4.640373960137367249e-02
-8.833391964435577393e-02
-1.002821028232574463e-01
-6.149724870920181274e-02
-1.810049861669540405e-01
-1.611074805259704590e-01
-1.678133159875869751e-01
-9.515216946601867676e-02
-6.695503368973731995e-03
4.179986715316772461e-01
-2.417729943990707397e-01
1.507324278354644775e-01
1.354275792837142944e-01
-2.322302013635635376e-01
-1.745176129043102264e-02
4.697363078594207764e-02
-1.836108863353729248e-01
8.323846757411956787e-02
4.891564324498176575e-02
-5.878564342856407166e-02
1.582432985305786133e-01
6.278469413518905640e-02
-1.017423905432224274e-02
8.319123089313507080e-02
1.414828598499298096e-01
5.742162093520164490e-02
-2.813236415386199951e-02
1.707904636859893799e-01
-1.608586907386779785e-01
-7.044565677642822266e-02
-1.302171647548675537e-01
1.663109287619590759e-02
6.339392811059951782e-02
1.064280048012733459e-02
-7.834624499082565308e-02
7.317534089088439941e-02
-7.327902317047119141e-02
1.548253837972879410e-02
-8.697267621755599976e-03
-1.499210000038146973e-01
-1.485788077116012573e-01
-1.791344583034515381e-01
-6.903073191642761230e-02
2.269028127193450928e-02
2.051907964050769806e-02
1.210542023181915283e-02
-7.632919400930404663e-02
-8.668572455644607544e-02
1.931644827127456665e-01
1.337283551692962646e-01
-2.486648559570312500e-01
9.421514719724655151e-02
-2.762798778712749481e-02
1.209060251712799072e-01
-1.394431591033935547e-01
-4.751773178577423096e-02
-2.097324430942535400e-01
8.837082982063293457e-02
-8.279959857463836670e-02
1.029067412018775940e-01
-1.158782243728637695e-01
7.996414601802825928e-02
1.137771159410476685e-01
-1.438118070363998413e-01
-2.142233252525329590e-01
-5.055706575512886047e-02
1.729088127613067627e-01
-2.932679355144500732e-01
-9.072922915220260620e-02
1.063144430518150330e-01
3.445746600627899170e-01
-3.029545536264777184e-03
2.070702612400054932e-01
-3.150571882724761963e-01
-6.608203053474426270e-02
-8.470824360847473145e-02
-1.458983868360519409e-01
1.000874862074851990e-01
1.215250045061111450e-02
-2.153454869985580444e-01
-1.324428766965866089e-01
-2.222093492746353149e-01
-6.275906413793563843e-02
-1.377852708101272583e-01
1.033614017069339752e-02
2.117104530334472656e-01
-9.192731976509094238e-02
-1.834460198879241943e-01
-1.608386635780334473e-01
-7.294312864542007446e-02
-1.493247747421264648e-01
-4.889733195304870605e-01
-5.647735670208930969e-02
-1.506479382514953613e-01
2.470494993031024933e-02
3.330155834555625916e-02
-3.555306931957602501e-03
-1.742974370718002319e-01
-1.299894303083419800e-01
6.785196810960769653e-02
-1.205609291791915894e-01
-1.622600108385086060e-01
-1.843153685331344604e-02
-1.383799165487289429e-01
1.068212240934371948e-01
-4.355037957429885864e-02
-1.064857840538024902e-01
-6.889520585536956787e-02
-3.450977237662300467e-05
9.414398670196533203e-02
-1.533371955156326294e-02
-8.922994881868362427e-02
-1.152256280183792114e-01
-1.163229718804359436e-01
-8.600703626871109009e-02
-3.545906767249107361e-02
-1.141335722059011459e-02
-5.417938902974128723e-02
1.905732154846191406e-01
-1.195951551198959351e-01
2.188135385513305664e-01
-5.291181616485118866e-03
4.936017841100692749e-02
8.508016169071197510e-02
1.292681246995925903e-01
-2.078570425510406494e-02
1.922167278826236725e-02
1.009025573730468750e-01
4.688279237598180771e-03
4.002178832888603210e-02
-6.865887343883514404e-02
8.656395971775054932e-02
-6.462018191814422607e-02
-2.639355063438415527e-01
8.932112902402877808e-02
7.269973307847976685e-02
3.840974718332290649e-02
1.323762238025665283e-01
-5.418402329087257385e-02
-9.281104058027267456e-02
3.766698762774467468e-02
-3.049617707729339600e-01
1.316860020160675049e-01
-2.195822745561599731e-01
1.819620728492736816e-01
-7.553793489933013916e-02
8.164145052433013916e-02
1.136944666504859924e-01
9.504133462905883789e-02
-2.055173516273498535e-01
1.297716200351715088e-01
1.149443723261356354e-02
2.880547940731048584e-02
1.412347406148910522e-01
-1.728533804416656494e-01
2.293686196208000183e-02
-2.499309740960597992e-02
1.546685397624969482e-01
-2.317818552255630493e-01
-2.534030191600322723e-02
-2.399891242384910583e-02
4.581011831760406494e-02
-1.101195514202117920e-01
-1.472467035055160522e-01
-9.935953468084335327e-02
1.151837557554244995e-01
-1.275971680879592896e-01
1.448847204446792603e-01
6.743694841861724854e-02
1.198831424117088318e-01
1.023145988583564758e-01
-8.532124757766723633e-02
-1.269049048423767090e-01
-4.485499858856201172e-02
2.345529794692993164e-01
6.709772348403930664e-02
-4.976358264684677124e-02
-8.563914149999618530e-02
-2.024873048067092896e-01
-1.048152148723602295e-01
-8.590327203273773193e-02
-2.282745391130447388e-01
4.433425143361091614e-02
3.310921043157577515e-02
-1.490386873483657837e-01
6.137477979063987732e-02
-1.459595263004302979e-01
-1.648774147033691406e-01
1.026604473590850830e-01
-2.952831424772739410e-02
-1.441026180982589722e-01
6.909574568271636963e-02
-4.543762281537055969e-02
-8.450951427221298218e-02
-1.441037952899932861e-01
-2.074575126171112061e-01
-1.356500685214996338e-01
-9.620761126279830933e-02
2.130528390407562256e-01
4.142669588327407837e-02
-1.354933530092239380e-01
2.413031645119190216e-03
-1.169168800115585327e-01
6.505390256643295288e-02
1.610601544380187988e-01
-4.744172841310501099e-02
-1.536209583282470703e-01
1.814421266317367554e-01
-3.903380781412124634e-02
-6.957637518644332886e-02
-9.225439280271530151e-03
1.346504092216491699e-01
-1.457705050706863403e-01
7.650459557771682739e-02
-1.508247107267379761e-01
-2.204906195402145386e-04
-5.504991859197616577e-02
7.268037647008895874e-02
6.747004389762878418e-02
-2.327600121498107910e-01
1.596855558454990387e-02
7.750083506107330322e-02
1.222841218113899231e-01
9.968978166580200195e-02
-1.696550697088241577e-01
-1.078611314296722412e-01
-9.904535114765167236e-02
-8.827893994748592377e-03
1.688051670789718628e-01
-1.004461497068405151e-01
1.134368777275085449e-01
9.209748357534408569e-02
1.585150510072708130e-02
1.093435660004615784e-01
8.653589338064193726e-02
3.499021008610725403e-02
1.382091045379638672e-01
-1.079982668161392212e-01
5.881337076425552368e-02
-1.280997544527053833e-01
-2.592071890830993652e-02
-1.115573793649673462e-01
1.358578354120254517e-01
-9.076806902885437012e-02
-1.574722826480865479e-01
1.625384576618671417e-02
1.403165310621261597e-01
-2.758341841399669647e-02
8.701207488775253296e-02
1.011949628591537476e-01
-7.101591676473617554e-02
-1.759276092052459717e-01
1.226723343133926392e-01
-7.176364958286285400e-02
-9.627836942672729492e-02
-4.598901048302650452e-02
-3.744436800479888916e-02
-1.504907608032226562e-01
-1.324419677257537842e-01
-9.900551289319992065e-03
-8.758775889873504639e-02
1.280588805675506592e-01
1.220064610242843628e-01
-3.310225605964660645e-01
-2.037069201469421387e-01
-2.582917213439941406e-01
-3.626778349280357361e-02
9.643796086311340332e-02
-8.463776856660842896e-02
-2.409968078136444092e-01
1.056598871946334839e-01
-1.954441964626312256e-01
7.095326483249664307e-02
1.531846374273300171e-01
-1.214581429958343506e-01
1.738063842058181763e-01
-6.017914041876792908e-02
-1.625773310661315918e-01
4.952756315469741821e-02
-1.431200001388788223e-02
-1.078514829277992249e-01
2.743881940841674805e-02
-6.115685775876045227e-02
2.226926535367965698e-01
1.260308772325515747e-01
9.324151277542114258e-02
5.189374461770057678e-02
9.467803686857223511e-02
1.533154696226119995e-01
9.274125099182128906e-02
-1.311353594064712524e-01
-1.504205167293548584e-01
8.928228169679641724e-02
-4.592313244938850403e-02
4.225190263241529465e-03
-4.525431897491216660e-03
-3.585341572761535645e-02
1.393215544521808624e-02
8.704350143671035767e-02
4.232240095734596252e-02
-1.693378686904907227e-01
-7.160233706235885620e-02
-1.596816629171371460e-01
2.622493207454681396e-01
-1.716013848781585693e-01
-1.693288683891296387e-01
7.247921079397201538e-02
-5.507628992199897766e-02
-1.016212552785873413e-01
-1.383288353681564331e-01
4.222062230110168457e-02
-1.150732636451721191e-01
-1.559977084398269653e-01
-4.895128682255744934e-02
-7.160968333482742310e-02
4.316566046327352524e-03
-2.219753265380859375e-01
1.573418676853179932e-01
6.259883195161819458e-02
-2.424197494983673096e-01
-1.021563708782196045e-01
-1.039744913578033447e-01
1.247244700789451599e-01
4.212156683206558228e-02
9.404976665973663330e-02
-9.540243446826934814e-02
-1.231284663081169128e-01
-6.155313551425933838e-02
1.304245591163635254e-01
-6.328687071800231934e-02
2.207920998334884644e-01
9.208313189446926117e-03
8.664542692713439465e-04
1.384235620498657227e-01
-1.596767902374267578e-01
-2.974908053874969482e-01
-1.237386390566825867e-01
-1.533486414700746536e-02
-2.207592874765396118e-02
-3.325341641902923584e-01
-2.047348320484161377e-01
8.656170219182968140e-03
1.182267814874649048e-01
-1.065250933170318604e-01
1.786057502031326294e-01
-4.577442631125450134e-02
-9.846240282058715820e-02
-1.436326950788497925e-01
5.534969642758369446e-02
-8.974166959524154663e-02
1.259058564901351929e-01
4.644558764994144440e-03
-1.597452312707901001e-01
-1.303804218769073486e-01
1.351504004560410976e-03
-2.538943197578191757e-03
9.036775678396224976e-02
-3.418623283505439758e-02
4.648033529520034790e-02
-1.284386366605758667e-01
1.038787886500358582e-01
2.571580931544303894e-02
1.256246864795684814e-01
-3.319961205124855042e-02
1.238663680851459503e-02
4.117980971932411194e-02
1.712884902954101562e-01
-7.171545643359422684e-03
-1.251704394817352295e-01
-1.285576820373535156e-01
-9.236501902341842651e-02
-5.554012954235076904e-02
6.236655637621879578e-02
-4.636110737919807434e-02
-1.376626431010663509e-03
-2.450729906558990479e-02
3.808475658297538757e-02
-1.104936450719833374e-01
4.790862277150154114e-02
1.805554144084453583e-02
1.194035634398460388e-01
-1.354051232337951660e-01
1.846323609352111816e-01
-4.928859695792198181e-02
-1.703811436891555786e-01
-7.504617422819137573e-02
-1.015419140458106995e-01
-2.484720796346664429e-01
3.097512573003768921e-02
-3.550403937697410583e-02
1.124435216188430786e-01
-2.895514294505119324e-02
