-3.948568552732467651e-02
4.000181332230567932e-02
3.948312252759933472e-02
3.282489487901329994e-03
2.740183845162391663e-02
6.885062903165817261e-02
3.491148725152015686e-02
3.029236570000648499e-02
3.041798807680606842e-02
-4.982455447316169739e-02
-9.739061817526817322e-03
-1.048326268792152405e-01
7.742749899625778198e-02
1.074185743927955627e-01
4.961578547954559326e-02
-1.327347569167613983e-02
7.796799391508102417e-02
-3.883406147360801697e-02
2.270616590976715088e-02
9.183862246572971344e-03
8.149723708629608154e-02
6.450353562831878662e-02
1.645147614181041718e-02
4.925234988331794739e-02
2.038037963211536407e-02
2.467596717178821564e-02
4.290253296494483948e-02
9.767373651266098022e-02
-1.606044620275497437e-01
5.043689161539077759e-03
3.852961584925651550e-02
4.503175616264343262e-02
