     0      0      0      0      0      0      0      0      0      0      0      0      0      0      0      0      0      0      0      0      0      0      0      0      0      0      0      0      0      0      0     28
     0      0      0      0      0      0      0      0      0      0      0      0      0      0      0      0      0      0      0      0      0      0      0      0      0      0      0      0      0      0      0      0
     0      0      0      0      0      0      0      0      0      7      0      0      0      0      0      6      0      0      0      0      0      0     85     80      0      0      0      0      0      0      0     35
    89    169     33      0      0      0      0      0      0      0      0      0      0      0      0      0      0      0      0      0      0    121    115    101      0      0      0      0      0      0      0     30
    89    155     53      0      0      0      0      0      0      0      0      0      0      0      0      0      0      0      0      0     69    106     84     76      0      0      0      0      0      0      0     28
     0      0      0      0      0     60     61     78     19      0      0      0      0      0      0      0      0      0      0      0     24     88     85     77      0      0      0      0      0      0      0     43
     0      0      0      0      0     62     72    100    169    124      0      0      0      0      0      0      0      0      0      0      0     68    108    105     18      0      0      0      0      0      0     55
     0      0      0      0      0     34     99     66     82    141      0      0      0      0      0      0      0      0      0      0      0      0     57     98     59      0      0      0      0      0      0      0
     0      0      0      0      0      0     86    103     43     52      0      0      0      0      0      0     46    119    141     54      0      0      0      8      0      0      0      0      0      0      0      0
     0      0      0      0      0      0      0    107    120    105      0      0      0     99    218    231    239    255    399    367     90      0      0      0      0      0      0     19      0      0      0      0
     0      0      0      0      0      0      0     26    167    180     59    143    367    595    545    458    399    409    526    530    304     23      0      0      0      0      0      0      0      0      0      0
     0      0      0    109    153      0      0      0     74    122    225    450    578    584    544    496    487    477    427    423    378    147      0      0      0      0      0      0      0      0      0      0
     0      0    209    131    172    124      0      0      0     52    199    323    302    248    242    236    260    270    176    177    241    133      0      0      0      0      0      0      0      0      0      0
     0      0    176    137    161    148      0      0      0      0    104    113     48      0      0      0      0     21     33     30     66      6      0      0      0      0      0      0      0      0      0      0
     0      0     35     52     83    125     66      0      0      0      0      0      0      0      0      0      0      0      0      0      0      0      0      0      0      0      0      0      0      0      0      0
     0      0      0      0      1     50    112     54      0      0      0      0      0      0      0      0      0      0      0      0      0      0      0      0      0      0      0      0      0      0      0      0
     0      0      0      0      0      0     70    151      5      0      0      0      0      0     39    279    218      0      0      0      0      0     27     94     15      2      0      0      0      0      2     21
     0      0      3      0      0      0     58    185    198      0      0      0      0      0    129    369    257     26      0      0      0      0      0    134     67     51     17     28    145    230    210    110
     0      0      0      0      0      0     29    126    313    204      0      0      0      0      0     42     49      0      0      0      0      0      0     33      0      0     25    177    282    371    414    276
     0      0      0      0      0      0      0     37    239    296     65      0      0      0      0      0      0      0      0     39      0      0      0      0      0      0      0     96    116    104    192    237
     0      0      0      0      0      0      0      0     65    158    101      0      0      0      0      0      0      0     98      0      0      0      0      0      0      0      0      0      0      0      0     60
     0      0     10      0      0      0      0      0      0      0     64     93     49     19     28     35    107    163    124      6      3     40     49     20      0      0      0      0      0      0      0      0
     0      0     20    135    167     54      0      0      0      0     90    252    251    131     90    121    115     29      0      0      3     71    156    176     29      0      0      0      0      0      0      0
     0      0     50    155    244    120     95    135      0      0      0     87    129     81      9      1      0     28     52     16      0      0    158    260    156     52    139     57      0      0      0      0
     0      0     60     77    199    146    107    251    118      0      0      0      0      0      0      0      1    110    160    138    102     72    111    202    204    240    396    182      0      0      0      0
     0      0     51     36    130     88      0    122    215     34      0      0      0      0      0      9     11      0      0     33     93    107     87    136    225    373    426     82      0      0      0      0
     0      0     46     75    104     27      0      0    113     36      0      0      0      0      0      0      0      0      0      0      0      0      0    100    169    250    136      0      0      0      0      0
     0      0     14     85     22      0      0      0      0      0      0      0      0      0      0      0      0      0      0      0      0      0      0     46     69     43      0      0      0      0      0      0
     0      0      0      0      0      0      0      0      0      0      0      0      0      0      0      0      0      0      0      0      2      0      0      0      0      0      0      0      0      0      0      0
     0      0      0      0      0      0      0     14     15      0      0      0      0      0      0      0      0      0      0      0      9      2      0      0      0      0      0      0      0      0      0      0
     0      0      0      0      9     16     14      0      0      0      0      0      0      0      0     19     23      0      0      0      0      0      0      0      0      0      0      0      0      0      0      0
     0      0      0     12     75     84     23      0      0      0      0      0      0     23     44     98     81      8      4     16      0      0     30      0      0      0     16     60     16      0      0      0
