   115    284    205    185    165    130    133    158    172    177    202    217    195    164    145    117    100    174    262    230    243    269    259    252    264    289    268    191    156    130    138    101
    38    145     81    110    117     84     73     38      0      0      0      0      0      0      0      0      0     39    154    204    106      0      0      3     75    195    228     56      0      0      0     30
     0      0      0    141    201    153    138    128     32      0      0      0      0      0      0      0      0      0    114     73      0      0      0      0      0    162    249     88      0      0      0     30
     0      0      0     37    162    187    217    237    206    116     21      0      0      8      0      0      0      2     61      0      0      0      0      0      0    129    212    146      9      0      0     38
     0      0      0      0      0      0      0     70    152    192    117     45     55     85    162    247    242    235    187     17      0      0      0      0      0     13     63    117     71      0     14     53
    75    152     46     26      0      0      0      0      0      0    129    186    210    265    400    512    499    420    321     77      0      0      0      0      0      0      0     53    100     55     92    144
   118    250    108    117      3      0      0      0      0      0      0    186    330    401    462    505    475    445    333    146      0      0      0      0      0      0     39     96    152    144    303    398
   151    289     54    207    168      0      0      0      0      0      0    140    422    431    367    266    138     64     31     98    117      2      0      0      0      0     43    141    196    207    548    534
   249    435     59    255    293     23      0      0      0      0      0    142    215     16      0      0      0      0      0      0     71    100     31      0      0      0      0     10    109    308    571    404
   269    582    150    145    245    256      0      0      0      0      0      0      0      0      0      0      0      0      0      0      0     34     68     22      0      0      0      0    119    374    361    255
     0    281      0      0      0    213    219      0      0      0      0      0      0      0      0      0      0      0      0      0      0      0     21     41    106    206    114     61    215    248    168    195
     0      0      0      0      0      0    186    136      0      0      0      0      0      0      0      0      0      0      0      0      0      0      0     29    156    290    263    227    211    173    113    194
     0      0      0      0      0      0      0    206     73      0      0      0      0      0      0      0      0      0      0      0      0      0      0     52    220    283    261    223    128     74     86    219
     0      0      0      0      0      0      0    132    239    100     46     35     61     45    124    296    252     70      7      0      0      0      0    152    227     79      0      0      0     12     70    209
     0    118      0      0      0      0      0      0    231    278    186    157    146    123    232    336    286    212    128     72      0      0     37    155    147      8      0      0      0      9     56    193
     0    166     45     27      0      0      0      0     29    261    210    100     30     44      0      0     44    300    264    171     80      0      0      0      0      0      0      0      0      9     68    213
     0    142      1     17     24      0      0      0      0     64    234    100     15      0      0      0      0     40    245    191    102      0      0      0      0      0      0      0      0      0      0    189
     0     95      0      0      0      0      0      0      0      0    144    271    106      2      0      0      0      0     54     85     55      9      0      0      0      0      0      0      0      0      0      0
     0    103      0      0      0      0      0      0      0      0      0    239    151     52    116     35      0      0      0      0      0     32      0      0      0      0      0      0      0      0      0      0
     0    113     30     56     48      3     20      0      0      0      0     53    111      6     64    131     72      0      0      0      0      0      0      0      0    108     85     14     33      0      0      0
     0     68      0     74     90     36     75    204    146      0      0      0     34      8      0      0      0      0      0      0      0      0      0      0      0    123    174    223    252    222    196    144
     0     57      0      0      0      0     66    167    221      0      0      0      0      0      0      0      0      0      0      0      0      0      0      0      0      0     20     85    146    186    319    288
     0     42      0      0      0      0      0      0     73     63      0      0      0      0      0      0      0      0      0      0      0      0      0      0      0      0      0      0     27     84    267    326
     0      0      0      0      0      0      0      0      0     85     78      0      0      0      0      0      0      0      0      0      0      0      0      0      0      0      0      0      0     28    124    236
     0      8      0      0      0      0      0      0      0      0    162     80     10      0      0      0      0      0      0      0      0      0      0      0      0      0      0      0     12     50     74    159
     0     14      0      0      0      0      0      0      0      0     59    186     60      0      0      0      0      0      0      0      0      0      0      0      0      0      0      0     56     52    113    194
     0      5      0      0      0      0     58     52      0      0     47    180     86      6      6     45     53     39     24     21     16      0      0      0      0      0      0      0     93      6    111    235
     0    177    100    120     50      0      0     63      8      0     20    115    122     39     25     50     48     31      0      0      0      0      0      0      0      0      0     70    134      0     76    219
    36    246    115    186    157      0      0      0      0      0      0    145    188    102     29      9      8     52      3      0      0      0      0      0      0      0      0     99    125     16     84    200
    28    199     23     50     54      0      0      0      0      0     72    226    158     93      3      0      0     59     74      4      0      0      0      0      0      0      0     19     40      5     73    191
     0     89      0      0      0      0      0      8     24      1     65     88      0      0      0      0      0     33     51     41      0      0      0      0      0      0      0      0      0      0      0    148
     0      0      0      0      0      0      0      0      0      0      0      0      0      0      0      0      0      0      0      0      0      0      0      0      0      0      0      0      0      0      0      0
