    83    137     88    108     98     88    134    188    210    190    204    212    147     89    106    104     89    194    210     60    139    318    361    272    266    227     94     56    104    112    125     94
     0    149      0      0      0      0      0      0      0      0      0      0      0      0      0      0      0      0      0     25      0      0      0      0      0      0     22      0      0      0      0      0
     0    105    121    153     69     19      0      0      0      0      0      0      8      0      0      0     23      0     19    105      0     10      0     28      8     54    130      0      0      0      2      0
     0      0      0     83    241    258    199    147    150     53      0      0      8     19      0      0     48      0     16      0      0      0      0     24     28      0    143    113      0      0     13      0
     0      0      0      0      0      0    110    166    288    289     69      0      0      2      0      0      0      0      0      0      0     18     24     27     72      0      0    153     19      0      0      0
     6     43     65      0     22      0      0      0      0    178    275     78      0      0      0      8     42      0      0      0      0      0     16     29     79      7      0      0     52      0      0      0
     0     33     11      1     10      0     45     87      0      0     35    162     65     12     17     22     79    102     14      0      0      0      0      0     16     38     60      5      0      5     41      0
     0      0      0      0     27      0      0     67    107      0      0    100    153      0      0      0      0      0      0     93      0      0      0      0      0      0      2    102      0      0     34      0
     0      8      0      0    133     22      0      0     77    109     42      0    111    118      0      0      0      0      0     16    104      0      0      0     23      0      0    107     54     56      7      0
     0    401      0      0    163    155      0      0      0      0     29      2    121    261    216    137    171    111      0      0     95    108      0      0     62      0      0      0     37      0      0      0
     0    466    147      0      0    247    128      0      0      0      0      0      0      0      0      0      0      0      0      0      0     89     67      0      5      0      0      0      0      0      0      0
     0      0     10      0      0      0    221     37      0      0      0      0      0      0      0      0      0      0      0      0      0      0    106     79      9     63    160      0      0      0      0      0
     0      0      0      0      0      0      0    128      0      0      0      0      0     34      0      0      0      0      1     12      0      0      0     85      0      0     59     58      0      0      0      0
     0    149      0      0      0      0      0    130    101      0      9      0      0      0     17     18    108     45      0      0      1      0      0    106      0      0      0      0      0      0      0      0
     0    202      0      0      0      0      0      0    212     23     24     81     81     34    114      0     77      4      0      0      0      0      0    211    194     51      0      0      0      0      0      0
     0    142     13      0      0      0      0      0     66    178     41      0      0      1     58    213    320    308      0      0      0      0      0      0    102    139     10      0      0     24      0      0
     0    134     45     38     80      2      0      0      0    143    186      0      0     10      0      0      0     96    210      0     26      0      0      0      0     63     90    110     74    119      6     78
     0    137      0      0      2      0      0      0      0      0    241    131      0      0      0      0      0      0    104     57     68     30     65      0      0      0      0     86     50     25      0    154
     0    109     15      0      0      0      0      0      0      0      0    355      0      0    152     57      0      0      0      0      0      0     87      0     40     15      0      0      0      0      0      0
     0    147     35      4      0      0      0      3      0      0      0    140    135      0      0     30     54     35      8     21      0      0     60     23     84     52     51      0      0      0      0      0
     0     66      0     97    151     15      0     15     42      0      0      0    233      0      0     69     53      0      0     55      7      0     38      0     83     43    212    308    169    132    166      0
     0     79      0      0     62    197      0     36    262     86      0      0    216    213      6      0      0      0      0      0      0      0     49     73    147     53     12     56      0      0     90      0
     0    188      0      0      0     84    135      0     86    144      0      0      0      0      0      0     10    122    190    100     34      0      0      0      7     80    159    105      0      0     59      5
     0     36      0     17      0      0     95      0      0    355     65      0      0      0     37     71     48      0     52     92    131    197      0      0      0     24    230    130     86      0      0      0
     0     22      0     27      0      0     31     24      0    126    329      0     56     22      0     17      0      0      0      0      0      0     65     13      0      0     13      0     21     53      0      0
     0    151      0     21     94      0    103    139      0      0    275     20      0     32      0      0      0     11     38      0      0      0      0      0      0      0      0      0     50     55     38      0
     0    141      0      0      9      0      0    184     25      0      0    238     59     21     18     36      0     16     40    100    158     65      0      0      0      0     48      0      0     27      0      0
     0     67      0      0      0      0      0    127    164     81      0     93      0      0      0      0      0      0      0      0    105    163     29     46      0     22    128      0      8      7      0      0
     0    165     28    114    117      0      0      0      0     25      0     17     35     66      0      0      0      0     33      0      0      0      1     62      0      0     88      0     81     66      0      0
     0    130      0      0     10     16      0      0      0      0      0     71      0    112      0      0     28      0      0     68     22      0      0     49      0      0      0      0     86     37      0      0
     0    371    107      0      0     76    109    178    234    197    139    326    185    198    113     47    120    104     58    148    179     89    117    114    103     93     52     65    339    350    211    116
     0    120    108     89     29      0     40     15     63    101      0      0     71     95     91      0      4     29      0     47     48      0     22      8      0     82     47      0      0    177     59    174
