     0    124     27     41     50      0      0      0     56     22      0    120    158     13      5     73      0      0    215     96      0      0     57      0      0    127    177     40      0      1      0    239
     0     38     85    134     93      6      0      0     29      0      0     28     97     19      0     50      0      0     64    165      0      0      0     17      0      0    235     58      0      0      0    183
     0      0      0    132    121     94      0      2     98     34      0     31     85     36     11     16      0     18     25     52      9      0      0     59      0      0    249    216      0      0      0    198
    32     22      0      0      0     33     30      0    124    174      5      5     68     26     34     36      4      0     14      0      0      0      0     27      0      0     52    333     71      0      0    204
    29     37     30      0      0      0      0      0      0    142    165     75     37      0      0     48     34      0      0     27      0      0      3      0      0      0      0    180    178      9      0    220
    26      5      0     31     59      0     11     53      0      0     19    124     33      0      0      0     27      0     57    156     47      0      0      0      0      0     50     64    103     56      0    310
    51     51      0     18    182      0      0     68     87      0      0      0    154      0      0      0     65     10    122    309    226     35      0      0      0      0     41    154     18      0      0    471
    90    143      0      0    236    147      0      0     56     31      0      0    132     22      0    111    191     26      0    268    332    153     30      0      0      0      0     75      0     53      0    542
     0    397      0      0    172    346     20      0      0     15      0      0      0    124     40     29    178    158      0      0    312    231    111      0      0      0      0      0     16     83      0    577
     0    538    350      0      0    493    291      0      0     17     24      0      0      0     49     61     39    149    141      0      0    275    220     13      0     78      0      0     63      0      0    638
     0     21    491    161      0     59    461    190      0     43      0      0      7      0      0      0      0     14    176     26      0      0    245     16      0      0    152     19      0      0      0    575
     0      0     52    474      0      0    203    393     57      0      0      0      0     33      0      0      0      0      5    115      0      0     32     22      0      0    148    157      0      0      0    606
     0      0      0    108    187      0      0    333    167      0      0      0      0      0      0      0    188      0      0     96    101      0      0     41      0      0     31     87    128     15      0    633
     0     16      3     22    141     26      0     42    264    132     20      0      0      0      0      0    191    161      0     67     51      0      0      0     50     14     25     12     95     33      0    604
     0     11     24     55    116    139      0      0    140    327    117      0      0      0      0      0    211    390     41     52     51     14      0      0     60    127     72     43     55      9      0    590
     0      0     10     44     99    145    159      0      0    251    387      0     18    163      0      0      0    466    269     84     65     93      0      0      0     98    158     76     41      0      0    640
     0     13      0      0    103     91    200     60      0      0    533    271      0    193     98      0      0      0    296     79      8    179      7      0      0     15     91     69     39      0      0    745
     0     28     78      0      4     69    161    174      0      0    146    582      0      0    254    123      0      0     40     23      4    107     60      0      0     74     57      0     30     37      0    509
     0      0     60     57     16      0     52    215     78      0      0    430    190      0     89    140    100      0      0     24     27     18      0      0      0     56    173      0      0    170      0    115
     0      0      0     93    182      0      0    203    274      0      0      6    308      8      0    116     47      0     55    100     23     51      0      0      0      0    146     86      0    189      0    242
     0      0      0      0    124    175      0      0    396    184      0      0    224    211     39     22      0     66     55     16     29     35     26      0      0      0     77    104      3    193     45    494
     0     65    128      0      0    275     89      0    297    370      7      0      0    170     95      7      0    106      9      0    103      9      0      0      0    147     94     14     48    164      0    666
     0      0    163    120      0      0    275      0      0    510    183      0      0      0     23     63      0      0      0      0    118    169      0      0      0     74      9      0    151    196      0    701
     0      0     22    230      0      0    250      0      0    282    329     31     34      0      0     58    101      0      0      0      0     99    184      9      0      0      0      0    157    290      0    542
     0      0      0    198      2      0    187    226      0      0    452    107     29     54      0      0     63    112      8      2      0      0    119     54      0      0      0      0     12    191      0    495
     0     69      0     87     69      0      3    283    127      0     73    278     17      9      9     28     54     41      0     49     68      0     22      0      0      3      0      0      0     47      0    610
     0     28     55     75    116      0      0    101    308      0      0    133    108      0      0     78    106     97      0      0     26     94    131      0      0     47      0      0      0      0      0    667
     0      0      0    189    207     15      0      0    116    114      0      0    227     46      0     29     80    119    174      0      0      2    188     73      0      0      0      0      0     37      0    614
     0     15      0     61    218    163      0      0     51      6      0      0    135    130      0     13     93     23    161    175      0      0     68    111     54      0      0      0      8     45      0    600
     0    123    127      0     13    158      8      5     91      0      0     16     66    155     16      0    100     30     59    125     43      0      0     10    130      4      0      0     59     42      0    604
     0     64    177    174     81     76      9      0    110     75      0     31    221    236    178     55     78     54     58    110     45     48     34      0     50    140      0      0      0     91      0    839
     0      0      0      6     78     20     21      0     24    149      0      0      0      0     46     38      0      0      0     34     33      0     29     27      0     21    101      0      0      0      0      0
