     0      0     84     82     17      0      0      0      0      0     29    161    238    132     20      0      0      0      0      0      0      0    130    102      8     55    147    135     80     15     24     58
     0      0     63     24      0      0      0      0      0      0      0    134    255    133      0      0      0      0      0      0      0     16    107     34      0      0    134    216    116      0      0     40
     0      0      0      0      0      0      0      0      0      6      6    152    269    147     15      0      0      0      0      0    148    173    115      0      0      0    147    363    221     29      0     40
     0      0      0      0      0      0      0      0      7     62     50    157    253    142     22      0      0      0      0    168    298    189     49      0      0      0    107    449    307     55      7     40
     0      0      0      0      0      0      0      0      0     15     80    183    222     31      0      0      0      0      0    294    367    214     17      0      0      0     52    421    367    108     23     39
     0      0      0      0      0      0      0      0      0      0      0     47      0      0      0      0      0      0      7    441    491    306     48      0      0      0      0    331    367    164     12     16
     0      0      0      0    119    104     30      0      0      0      0      0      0      0      0      0      0      0    266    642    679    449    134      0      0      0      0    272    319      3      0      0
     0      0      0      0    186    277    163      0      0      0      0      0      0      0      0      0      0     91    348    674    738    536    239      0      0      0      0    203     99      0      0      0
     0      0      0      0    245    483    322     45      0      0      0      0      0      0      0      0     14    123    259    426    548    499    299      7      0      0      0     23      0      0      0      0
     0      0      0      0    215    560    500    191      0      0      0      0      0      0      0      0      0    223    226    110    149    272    250      0      0      0      0      0      0      0      0    216
     0      0    123     30     91    348    578    380     35      0      0      0      0      0      0      0      3    267    202      0      0      0     30      0      0      0      0      0      0      0    151    376
     0      0    140    103      0     74    396    474    179      0      0      0      0      0      0      0     28    190    139      0      0      0      0      0      0      0      0      0      0      0    302    400
     0      0      0     18      0      0     81    354    312    217    175     17      0      0      0      0     80    219    175     11      0      0      0      0      0      0      0      0      0      0    336    417
     0      0      0      0      0      0      0    130    350    363    221      5      0      0      0      0    189    355    255     58      0      0      0      0      0      0      0      0      0      0    326    409
     0      0      0     22      8      0      0      0    162    393    296     74      0      0      0      0    265    461    285     12      0      0      0      0      0      0      0      0      0      0    338    415
     0      0      0     43     32      0      0      0      0    265    408    158      0      0      0      0    153    349    270     10      0      0      0      0      0      0      0      0      0      0    364    432
     0      0      3     19     11      9      0      0      0      7    396    250      0      0      0      0      0      0    154     76      0      0      0      0      0      0      0      0      0      0    334    396
     0      0     10      0      0     42     86      0      0      0     70    257      0     25    230      0      0      0     40    112      0      0      0      0      0      0      0      0     56     46    278    289
     0      0      4      0      0     43    162    153      0      0      0     84    127    146    253     63      0      0     60     40      0      0      0      0      0      0     23    184    134    119    209    153
     0      0      0      0      0     86    173    275    122      0      0      0    169    208    161     18      0      0    128      0      0      0      0      0      0      0     97    163     65    212    302    192
     0      0      0      0     43    151     70    137    231      0      0      0     97    205     88      0      0     88     36      0      0      0      0      0      0      0      0     23     30    319    492    338
     0      0      0      0     15     71      0      0    175    110      0      0      0    141    104     63     27      0      0      0      0      0      0      0      0      0      0      0      0    332    537    397
     0      0      0      0      0      0      0      0      0    245    135      0      0      1     78     74      0      0      0      0      0      0      0      0      0      0      0      0      0    222    456    354
     0      0     67    143      0      0      0      0      0     27    255     81      0      0     23     66     50     43      0      0      0      0      0      0      0      0      0      0      0    108    382    266
     0      0     99    240     42      0      0      0      0      0    122    184     65     37     70    105    147    120      0      0      0      0      0      0      0      0      0      0      0     41    381    268
     0      0    163    299    109      0      0     35      0      0      0    162    140    124    105     72    109    113      0      0      0      0     10      0      0      0      0      0      0      0    389    342
     0      0    228    302     76      0      0     20      0      0      0    122    244    148     27      0     99    150     23      0      0      0    111     63      0      0      0      0      0      0    362    372
     0      0    185    202     32      0      0      0      0      0      0     41    219    110      0      0    160    220     78      0      0      0    156     94      0      0      0      0      0      0    317    346
     0      0     90     90    107     42      0      0      0      0      0      0    163    161     10     50    207    232    159     45      0      0     66     31      0      0      0      0      0      0    304    337
     0      0     64     52    184    204      0      0      0      0      0      0    187    301    168    153    209    182    181    150      0      0      0      0      0      0      0      0      0      0    310    363
     0      0     22     49    138     89      0      0      0      0      0      0    132    286    199    140     95     38     73     94      0      0      0      0      0      0      0      0      0      0    191    312
     0      0     82    115    123     55      0      0      0      0      0      0    176    240    188    128     61     27     65     69      0      0      0      0      0      0      0      0      0      0    185    195
