     0      0      0      0      0      0      0      0      0      0      0      0      0      0      0      0      0      0      0      0      0      0      0      0      0      0      0      0      0      0      0      0
     0      0      0      0      0      0      0      0      0      0      0      0      0      0      0      0      0      0      0      0      0      0      0      0      0      0      0      0      0      0      0      0
     0      0      0     31    142    156    112    108     88     42     30     31      0      0     38     33      2      0      0      0      7     21     21      0      0      0     38      0      0     25      0      0
   158    151      0      0      0      0      0     15     87     67     37     27      0      0      0      0      0      0      0     26     34     70     63     17      0      0      0      0      0     11      0      0
    99    106    130    243    182     47      0      0      0      0     45     71      0      0     19     93    121     82    134     82      0      0      0      0      0      0     21      0      0     38      0      0
     0      0      0      0     17    102    218    196     52      0      0      0     31    139    209    218    177    155    166     42      0      0      0      0      0     15    134      0      0      0      0      0
     0      0      0      0      0      0      0     22    138    162     33     35     13      0      0      0      0      0      0      0      0      0      0      0      0      0      1      0      0      0      0     96
     0      0      0     20     53      0      1      0     12     41      0      0      0      0      0      0      0      0      0      0      0      0      2     21      0      6     45      0      0     42      0      0
    29     16      0      0     26      0      0      0      0      0      0      0      0      0     75    135    100     84      0      0      0      0      0      0      0      0      9      0      0      0      0      0
     0      0      0      0      0      0      0      0      0      0      0      0      0      0      0      0      0      0      0      0      0      0      0      0      0      0      0      0      0      0      0      0
     0      0      0      0      0      0      0      0      9      0      0      0     62     30      0      0      0      0      0      0      0      0      0      0      0    189    269    194     30     38    130      0
     0     31      0      0      0      0      0      0      0      0    123    306    346    328    323    399    389    277    234    182    116     32      0      0      0      0      0      0      0      0     16      0
     0    179    169      0      0     85     93      0      0     53      0      0      0      0      0    138    146      0     12      8      4      0      0      0      0      0      0      0      0      0     10      0
     0     39     65    102      8      0      0      0      0     31     39    107    151     60      0      0      0      0      0      0      0      0      0      0      0     55    109     80     19      0      4      0
     0      0      0     30     12     26      0      0      0      0      0      0      0      0      0     18    101      0      6     33      0      0      0      0      0      0      5      0      9      0     28      0
     0     19     20     64     58     68     48      0      0      0      0      0      0      0      0      0      0      0      0     40      0      0      0      0      0      0     13     32     29     12     52      0
     0      0      0      0      0      0      0      0      0      0      0      0      1     86    280    429    177      0      0      0      0     70     30     30     20      0      0      0      0      0      0      0
     0      0     35     42      3      0     19      0      0      0      0      0     46    176    107    118    100     95      0      0      0      0      0      0      0      7      0      0      0      0      0      0
     0     62     10      0     28     32     38     47     18      0      0      0      0      0      0      0     45    160    169     79     48     31      0      0      0     81    124    164    282    326    250    136
     0      0      0    102    120      2      0     28     34     14     30      5      0      0      0      0      0      0      0      0      0      1      0      0      0    136    248    294    324    238    121    123
     0      0      0      0      0      0     73    131     95     28      0    104     14      0      0      0      0      0      0      0      0      0      0      0      0      0      0      0      0      0      0      0
     0     26      0      0      0      0      0      0      0      0      0      0      0      0      0     51    161    211    117     75     33      0      0      0      0      0      0      0      0      0      0      0
     0      0     15     96     21      0      0      0      0      0    107    252    247    149    103     70      0      0      0      0     91    100     73      0      0      4      0      0     59      1      0      0
     0     20      5      0      0      7      5      0      0      0      0     65     93     69     10      0      0      0      0      0      0      0      0      0      0      0      0      0      0     11      0      0
     0     49     69     29      0    135    191     37      0      0      0      0      0      0      0      0     46    138    180    160     80      0      0      0      0     80      0      0     70     16      0      0
     0      0      0      0      0      0     72      9     62     89    108     54     82     51     74    131    118     33     48    120    156    170    132     24    123    183      0      0     28      8      0      0
     0      0     25      8      0      0     74     39    143     65    112      0      0      0      0      1      0      0      0      0      0     12     61      7     61     16      0      0     53      0      0      0
    55    159    213    244    198     84     43      0      0      0      0     37    102     55     16      0      0      0     32      0      0      0      0      0      0      0      0      0     57     46     17      0
     0      0      0      0      0      0      0      0      0      0     75     86     36      0      0     41      0      0     59    113    116     92      0      0      0      0      0      0      3      0      0      0
     0      0      0      0      0      0     19    183    180     30      0      0      0      0      0      1      0      0     20     16     65    149     85      1      3      0      0      0     14      0      0      0
     0      0     22    131    128     24      0      0      0      0      0      0      1      5      0     10      0     15     76     18      9     26      0      0      0      0      0      0      0      0     42      0
     0      0      0      0      0      0      0      0      0      0      0      0      0      0      0      0      0      0      0      0      0      0      0      0      0      0      0      0      0      0      0      0
