    44      0      0      0      0      0      0      0      0      0      0      0      0      0      0      0      0     94      0      0      0     74      0      0     14      0      0      0      3      0      0      0
     0      0      0      0      0      0      0      0      0      0      0      0      0      0      0      0      0      0      0      0      0      0      0      0      0      0      0      0      0      0      0      0
    28      0      0      0      0      0      0      0      0      0      0      5      0      0      0      0      0      0      0      0     68      0      0      0      0     51      0      0      0      0      0      0
     0      0      0     49      3      0      0      0      0      0      0      5      0      0      0      0      0      0      0     69     19      0     33     20      0     45      2      0      0      6      0      0
     0      0      0      0      0      0      0     22     52      0      0      0      7     16      0      0      0      0      0      0     41     63     73     21      0      0      0      0      0      0      0      0
     0      0      0      0      0     71      1      0     35    137     23      0      0      0      0      0      0      0      0      0     32     96     84      0      0      0      0      0     18      0      0      0
     0      0     26      0      0     91    133      0      0     27    201      0      0      0      0      0      0      0      0      0      0      0     58      0      0      0      0      0     90     41      0      0
     0      0      0      0      0      0    110    152      0      0      0      0      0      0      0      0      0      0     69      0      0      0     31      0      0      0      0     23     75      0      0      0
    31      0      0     38      0      0      0    114    144      0      0      0      0      0      0      0      0      0     52      0      0      0      0      0      0      0     20    104      0      0      0      0
   234      0      0    201    132      0      0     30    151      0      0      0     61      0      0      0      0      0      0      0    154      0      0      0      0      0      0      0      0      0      0      0
    80      0      0      0     10     88      0      0      0      0      0    220      0      0      0      0     27      0      0      0    196    152      0      0      0      0      0      0      0      4      0      0
     0      0    253      0      0    284     33      0      0    115    255      0      0      0     77     14      0      0      0      0      0    178     91      0      0      0      0      0      0      0      0      0
     0      0     68      7      0      0    152      0      0    148     41      0     59    155    117      0      0     14    108     43      0      0      0      0      0      0      0      0      0      0      0      0
    15      0      0    130      0      0    159    118      0      0      0      0     65    121      0      0      0      0      7     32      0      0      0      0      0      0     10     89      0      0      0      0
    26      0     31     34      0      0      0    260      0      0      0     39     64      0      0     77      0      0      0      0      0      0      0      0      0      0      0      0      0      0      0      0
     0      0     40     41     10      0      0     92    170      0      0     74      0      0      0    148      0      0      0      0      0      0      0      0     21      0      0      0     31     12      0      0
     0      0     51     60      0     22      0      0    153    248      0      0      0      0     65      0     14    215      0      0      0      0      0      0      0      0      0      0      0      0      0      0
     5      0      0      0     58     58      0      0      0    236    106      0      4    284      0      0      0    119     42    103      0      0      0      0      0      0      0     82      0      0      0      0
     1      0      0      0     19     46     55      0      0      0    312      0      0    119      0      0      0      0    176      0      0     84      0      0      0      0     24     13      0      0      0     63
     0      0     98      0      0    132    157      6      0      0    173    103      0      0      5      0      0     75      0      0     11     64      0      0      0    103      0      0      0      0      0      0
     0      0      0     78    108      0     39    119      0      0      0    187      0      0      0      0    120      0      0      0     79      0      0      0      0      0      0      0     24     23      0      0
     0      0      0    140    232      0      0    227      0      0      0     37     50      0      0     50      0      0      0    106      0      0      0      0      0      0      0     38     23      0      0      0
    11      0      0      0      0      0      0     84    157      0      0      0      0     64      0      0      0     27     36      0      0      0      0      0      0      0     28     22      0      0      0      0
     0      0     83      0      0    131      0      0    277      0      0      0      0      0      3      0      0     29      0      0     47      0      0      0      0    132     42      0      0      0      0     30
     0      0     85      0      0     97      0      0     46    281      0      0      0      0      0     30      0      0      0      0      0     36      0      0      0    136      0      0     35      0      0     49
    10      0      0     99      0     22     36      0      0    280      0      0      0      0      0      0      0      0      0      0      0      0     17     93     15      0      0     74      0      0      0      0
    59      0      0     75      0      0    188      0      0      0     70     12      0      0      0      0     14      0      0      0      0      0      0     32     20      0      0      0      0      0      0      0
     0      0     82      0      0      0     94      0      0      0     83      0      0      0      0     43     79      0      0      0     64      0      0      0      0      0      0      0      0      0      0      0
     0      0     51      0      0      0      0      8    110      0      0      0      0      0      0     69     17      0      0      0      0     28     34      0      0      0      0      0      0      0      0      0
     5      0      0     19    200      0      0     46      0      0      0      0     98      0      0     47      0      0     91     13      0      0     30      0      0      0      0      0      0      0      0      0
    32      0      0      0      0      0      0      0      0      0      0      0      0      0      0      0      0      0     60      0      0      0      0      0      0      0      0      0      0      0      0      0
     0      0     43      0      0      0      0     16      0      0      0     65      0      0      2      0      0     29     66      0      0     36      0      0     34      0      0      0      3      0      0      0
