     0      0      0      0      8      0      0      0      0      0      0      0     28     88      0      0     37      0      0    145      0      0      0      0      0      0      0      0     76      0      0      0
     0      0      0      0      0      0      0      0      0      0      0      0      0     56      0      0      0      0      0      0      0      0      0      0      0      0      0      0    105      0      0      0
     0    176    114      0      0      0      0      0      0     70      0      0     15    141      0      0     92      0      0      0      0     26      0     85    139      0      0     36    177      0      0      0
     0    200    123      0      0      0      0      0      0      5      0      0     15    142      0      0     69      0      0      0      0      0      0     54    131      0      0     72    120      0      0      0
     0    152     62      0     30      0      0      0      0      0      0      0     20    120      0      0      0      0      0      0     22      0      0     59     61      0      0      0     40      0      0      0
     0    110      7      0     19      0      0     32      0      0      0      0      0      0      0      0      0      0      0      0     61     32      0     92     33      0      0      0      0     30      0      0
     0    143      3      0      0    105      0     29      4      0      0      0      0      0      0      0      0      0      0      0     67     40      0    100     49      0      0      0      0     26      0      0
     0    229    126      0      0    186     51     11      5     22      0      0      0      0      0      0      0      0      0      0      0      0      6     79     28      0      0      0     38      0      0      0
     0    227    159      0      0    137     81     49      0      5      0      0      0     51      0      0      0      0      0      0      0      0     14     56      0      0      0      0     77      0      0      0
     0    104     25      0      0      0      0     75      0      0      0      0      0    279     65      0      0      0    248      8      0      0      0     61      0      0      0      0      0      0      0      0
     0     20      0     87      0      0      0     60      9      0      0      0      0    179      8      0      0      0    214    112     22      0      0     77      0      0      0      0      0      0      0      0
     0     10      0    261     86      0      0      0      8      0      0      0      0     66     45      0      0     24     44     83    174      0      0     27      0      0      0      0      0      0      0      0
     0     77      0     52    185     46      0      0      0      0     48    120      0     58    182      0      0    158     12     78    226      0      0      0      0      0      0      0      0      0      0      0
     0    105      9      0    210    200      0      0      0      0     81     58      0     14     91      0      0    258     28     66    171      0      0      0      0      0      0      0      0      0      0      0
     0     42     18      0    145    170     49      0      0      0     18     63      0     50      0      0      0     90     28     14     77      0      0      0      0      0      0      0      0      0      0      0
     0      0     40      0     82     95     75     51      0      0      0    142      0      0      0      0      0      0     35      0     22      0      0      0      0      0      0      0      0      0      0      0
     0      0     74      0     27     24     13    253      0      0      0    220      0      0      0    207      0      0      0      0     65      0     10      0      0      0      0      6      0     68      0      0
     0      0     66      0      0      0      0    215     38     37      0    102     34      0     66    248     55      0      0     74    124      0    126      0      0      0      0     70      0     30      0      0
     0      0     23      0      0      0      0     25    176    323      0      0    132      0     39    141     13      0      0    226     12      0    142      0      0      0      0    164      0      0     24      0
     0      0     51      0      0     19      0      0    168    359      0      0    139      0      0     52      0      0      0    181      0      0    114      0      0      0      0    167      0      0    134      0
     0      0    113      0      0    117     67      0      0    226      0      0      1      0      0     11      0      0     78     40      0      0     61      0      0      0      0    139      0      0     91      0
     0      0     33      0      0     36    113      0      0    160     43      0      0     44      0      0     34      0     34      0      0      6     23      0      0      0      1    100      0      0      6      0
     0     23      0     39    165      0     43    245      0      0    119      0      0      0      0      0    105      0    118     40      0      0      0     72      0      0    193     95      0      0     65      0
     0     37      0      8    391      0      0    521      0      0    140      0      0      0      0      0     28      0    164     38      0      0      0    112      0      0    403     53      0      0    170      0
     0     68      0      0    488      0      0    430    169      0     49      2      0      0      0      0      0     26    117      0      0      0      0    134      0      0    497      0      0      0     83      0
     0    121      0      0    507      0      0    239    308      0      0     15      0      0      0      0      0     72    114      0      0      0      0    189      0      0    357      0      0      0      0      0
     0     94      0      0    395      0      0     47     63      0      0      0      0      0      0      0      0    100    139      0     15      0      0    279      0      0     96      0      0      0      0      0
     0     42      0      0    113      0      0      0      0    187      0      0      0      0      0      0      0    119     78      0     85      0      0    293      0      0      0      0      0      0      0      0
     0     44      0      0      0     63      0      0      0    264      0      0      0     56      0      0     12    123      0     36    183      0      0    194      0      0      0      0      0      0      0      0
     0     19      0      0      0    181     38      0      2    186      0      0      0     84      0      0     62    127      0     58    220      0      0     91      0      0      0      0      0      0      0      0
     0     54      5      0     15    128     28      0      0    206      0      0      0     28      0      0     75    120      0     83    162      0     23     82      0      0      0      0      0     35      0      0
     0      0      0      0     90     33     16      0      0    137      0      0      0      0      0      0     24     46      0     81     75      0     50     54      0      7     35      0      0      0      0      0
