     0      0      0      0      0      0      0      1      5     10      0      0      0      0      0      0     12     43     45     10      0      0      0      0      0      0      0      0      0      0      0      0
     0      0      0      0      0      0      0      0      0      0      0      0      0      0      0      0      0     15     47      0      0      0      0      0      0      0      0      0      0      0      0      0
     0     80     86      0      0      0      0      0      0     31     46      0      0     14      7      0     21     85     85      0      0      0      0      0      0      0      0      0      0      0      0      0
    38    148    133      0      0      0      0      0      0      0      0      0      0      1      0      0      0     88    101      0      0      0      0      0      0      0      0      0      0      0      0      0
    21    130    160     27      0      0      0      0      0      0      0      0      0      0      0      0      0      0     86     40      0      0      0      0      0      0      0      0      0      0      0      0
     0     46    117     38      0      0      0      0      0      0      0      0      0      0      0      0      0      0     59     61      0      0      0      0      0      0      0      0      0      0      0      0
     0      0     51      5      0      0      0      0      0      0      0      0      0      0     22     61     38     33     66     76     67      0      0      0      0      0      0      0      0      0      0      0
     0      0     89      0      0      0      0      0      0      0      0      0      0      0      0      0      0     30     36     22     57     45      0      0      0      0      0      0      0      0      0      0
     0      0    164     28      0      0      0      0      0      0      0      0      0      0      0      0      0      0      0      0      1     50     56     27      0      0      0      0      0      0      0      4
     0      0    111     92     35      0      0      0      0      0      0      0      0      0      0      0      0      0     18     75     65     60     68     43      0      0      0      0      0      0      0     52
     0     43     80    139    144      0      0      3      0      0     48    119    244    329    279    166     93    123    194    214    182    104     37     17      0      0      3      0     10     20      0      4
     0    125    191    232    186    103      0      0      0      9    137    279    404    454    462    368    281    232    216    257    251    148     25      0      0     57     83     65     53     30      0      0
     0    105    189    233    240    194     66      0      0      0      2    136    206    241    273    122     50     74     94    160    215    159     40      0      0     53     27      0     25     29      0      0
     0     26    108    166    260    274    166      0      0      0      0      0      0     23     25      0      0      0     10     86    173    170     56      0      0     20     10     24     20      0      0      0
     0      0      9     64    180    263    207     65      0      0      0      0      0      9      0      0      0      0      0      2    105    132     17      0      0      0      8     36     21      0      0      0
     0      0      0      0     69    187    198    135      0      0      0      0      0      0      0      0      0      0      0      0     54     96     16      0      0      0     11     34     17      0      0      0
     0      0      0      0      0     84    158    163     84      0      0      0      0      0     64    126    138      0      0      0     53    113     63      0      2      8      0      0      0      0      0      0
     0      0      0      0      0     25     93    149    116     89      0      0      0     45     49    124    131     41      0      0     47     72     31      0     37     26      0      0      0      0      0      0
     0      0      0      0      0      0     26     97    163    182     58      0      0     38     27     52     69      0      0      0     52     61      5      0      7     21     54    114    126    108     43     47
     0      0      0      0      0      0      2     35    106    174     90      0      0      2     32     17      0      0      0     43     82     80      3      0      0      6     56    121    103     63      0     66
     0      3     25      0      0      0     14     13      0     24      0      0      0      0      0      0      0     12     54     52     63     73     13      0      0      0      0      0      0      0      0     19
     0      0     13      0      0      0      0     19      0      0      0      0      0      0      0      0     11      0      0      0     20     48     18      0      0      0      0      0      0      0      0      0
     0      0      0     13     17      0      0      0      0      0     33     10      0      0      0      0      0      0      0      0      0      1     22      9      0      0      0      0      0      0      0      0
     0     14      0     15     48      0      0     16     41      0      0     43     15      0      0      0      0      0      0      0      0      0     21     52     55      0      0      0      0      0      0      0
     0      2      0      0     46      0      0      0     93     29      0     26     19      0      0      0     45     71     86     67     35     42     32     49     77     49     41      0      0      0      0      0
     0      0      0      0     76      8      0      0    118    154      6      0      0      0      0     25     65     91    108     98     87     67     27     26     69     84    110      0      0      0      0      0
     0      0      0     48    142     56      0      0     75    180     43      0      0      0      0     25     48     56     66     35     25     20      7     15     38     44     80      0      0      0      0      0
     0      0      0     15     80     74      0      0     20    160     54      0      0      0      0     14     59     59     18      0      0      0      0     24     38     44     53      0      0      0      0      0
     0      0     12     21     55     86      0      0     43    172     63      0      0      0      0      0     46     66     20      0     26     37     30     44     45     64     51      0      0      0      0      0
     0      0      0     15     83     92      0      0     52    161     83      0      0      0      0      0      0     38      0      0      2      0     22     40     56     99     83      0      0      0      0      0
     0      0      0      0      0      0      0      0      0     47      0      0      0      0      0      0      0      0      0      0      0      0      0      0      0     36     27      0      0      0      0      0
     0     28      0     31     94     79      0      0     28    103     80    104    104     61     17      0      0      5     18     51     31      0      0      0     21    111    140    101     93     64     26     35
