     0      5     77     72     24      0      0      0     65     90    108    154    168     70     19     18      0     61     66      0      0    187    212    158    137     42      0     57    131     49     87     73
    31    268    134      0      0      8     18      4     41     93     84     51     48     48     32     25     80     45      0      0    250    259    110    110    103      0      0    153    102     24     83      0
   143    226     49      0      0      0      0      0      0      0      0      0      0      0      0      0      0      0      0    185    242     51      0      0      0      0      0     39      0      0     21      0
     0      0      0     79    223    123     63     45      0      0      0      0      0      2     11     20     35      0     45    171     39      0      0      0      0      2     82      0      0      0     36      0
     0      0      0      0     15     74    187    228    173     59      0      0     38    141     75      0      0      0      0      0      0      0      0      0      0     21     28      0      0      0     36      0
     0      0      0      0      0     44      6      0     68    189    146     23      0      0      0      0      0      0      0     56     35     28      0      0     35      0      0      0      0     55     89      0
     0     62    175      0      0     46     39      0      0      9    144      0      0      0      0      0    128    226    250    147      0      0      0      0     39      0      0      0     66    133      0      0
     0    141    125      0      0     43     17     23      0      0      0      0      0    207    378    341    283    318    400    126      0      0      0      0      0      0      0     41     90      0      0      0
     0      0      0      0    125      0      0      3     50     24      0      0    361    479    240    173     66    163    236     52      0      0      0      0      0      0    111    144      0      0    191    240
     0      0      0    376    185      0      0      0     56      0      0    449    692    400    270    137    174    259      0      0    112     16      0      0      0     27    133      0      0      0    560      0
     0    197    334    177      0     60      0      0      0      0    328    452      0      0      0     22    165      0      0      0     31     37      0     14      9      0      0      0      0    226    208      0
     0    174    251      0      0    161     25      0      0    101    167      0      0      0      0      0      0      0      0      0      0      0     43      0      0      0      0      0    243    233     92      0
     0      0      0      0     42      0      0      0      0     62      0      0      0      0      0      0      0      0      0      0      0      0      0      0      0     23    237    374    257     58     36      0
     0      0      0      0      0      0     68     30      0      0      0      0      0     14      0      0     94     81     28      5      0      0      0      0      0    155    187    109      0      0     58      0
     0      0      0      0      0      0      3    115      0      0      0     43     86      0      0    162    105      0      0      0      0      0     22    183    182     78      0      0      0     38     75      0
     0      0      0      0      0      0      0     67     38      0      0    155      0      0    440    714    206      0      0      0      0     22    140    170    123      0      0      0     16     99     77      0
     0      3     88     28      0     32     35     10    182    181      0      0      0    199    215      0      0      0      0     40     81      0      0      0      0      0      0    148    199    226    214      0
     0     22      0      0     36     70      0      0    124    175      0      0      0     58      0      0      0      0     94    251     22      0      0      0      0      0    174    389    256    182    265      0
     0      0      0      0      0      0      0      0      0      9      0      0     45     17      0      0      0      0    161      0      0      8     34      0      0      0     79      0      0      0      0      0
     0      0     14      0      0     92     52      0      0      0      0      0     94      7      0      0     15    254      9      0      0     50     17      0      0      0      0      0      0      0      0      0
     0      0      0     38    180     18      0      0      0      0      0     89     49      0      0    176    390     82      0      0    110      5      0      0      0      0      0      5    122     91     64      0
     0      0      3    301    245      0      0    101      2     34     66    123    133     65     47    122      0      0      0     51      0      0     96    161     79      0     73    214    162      5     79      0
     0     50     85     26      0      0    146    282    102      0      0      0      0      0      0      0      0     54    178      0      0      0     33     47      0      0    292    193      0      0    144      0
     0      0     25      0      0     79     38     67    100      0      0      0      0      0      0      0    109    163     57     70    141     79      0      0      0    227    367      0      0      0    108      0
     0      0      1      0      6      0      0      0     66    100      0      0      0     14     85    114     12      0      0      0      0      0      0      0    114     72      0      0      0      0     99      0
     0     52     24     30      0      0      0      0      0      0      0      0     37    111      7      0      0      0      0      0      0      0      0    110      0      0      0      0      0      0    101      0
     0      0      0      0      0      0     11      0      0      0      0    220    125     30      0      0     43     80     59     36      0      0      7     37      0      0      0      0      0      8    111      0
     0      0      0      0      0      0      0      0     36     55    138     24      0      0      0     79    140     28      0    112    233    149     24      0      0      0      0      0      0      0     52      0
     0      0      0      0     64    176     25     91    132     57      0      0      0     70     63    108     40      0     16     58     24     29      0      0      0      0      0      0      0      0     81      0
     0      0      0    122    285     87      0      0      0      0      0      0    165    108     92     96     10      0     38      9      0      0      0      0      0      0     47     26      0      0    122      0
     0    176    135    166     48      0      8     16     78     19     51    429    347    127    159     79      0     39     95     33      0     36     85     50     25     69     83     63    200    288    368      0
    63    108    132     38      0     34    135    162    133    190    394    360     94     80     61      0      0     91     56     18    124     97     17     77    183    192    148    144    210    235    142      0
