     0     80      0      0     14      2      0      0      0      0      0      0     83      1      0     34     48      0     48    104      0     28     72     29      0      0     42      0     69      0      0     46
     0    209      2      0      9     28      0      0      1     21      0      0    118     16      0     53    111      0     63    151      0     45     31     71     10      0      2     18     82      0      0     37
     0    216      1      0     33     25      0      0      0     41      0      0    120      5      0     45    105      0     28     18      0     60      0     94    108      0      0    207     30      0      0     51
     0    177      0      0    124     50     16      0      3     60      0      0     99     12      0     20     74      0      0      0     88     53      0    109    190      0      0    344      0      0      0     53
     0    145      0      0    184     26     21      0      0     71      0      0     79      0      0      0      0      0      0      0    175     43     29    132    181      0      0    325      0      0      0     51
     0    172      0      0    155     21      9     51      0     39      1      0      0      0      0      0      0      0      0     47    200      2     34    148    138      0      0    236      0      0      0      2
     0    273      0      0     71    102      0     51      0     20     45      0      0      0      0      0     21      0      0     45    157      0      5    128    106      0      0    166     24      0      0      0
     0    409      0      0      0    264      0     43     26     63    131      0      0    133     18      0     90     14      0     44    101      0      0     80     73      0      0    142     97      0      0     54
     0    568     34      0      0    314      0     23     50    170    276      0      0    316     22      0    101      0      0      0     47      0      0     62     29      0      0    111    185      0      0    266
     0    686     51      0      0    212      0     18     25    213    282      0      0    244      0      0     16      0      0      0      0      2      0     99      0      0      0     25    194      0      0    433
     0    634     38      0      0     22     67     46      2    119    117      0      0     23      0      0      0      0      0      0      0      0     16    180      0      0      0      0     80      0      0    552
     0    404      0     34      0      0     23     91     17      0      0      0      0      0      0      0      0      0      0      0      0      0     15    228      0      0     78     27     15      0      0    568
     0    279      0     31      0      0      0     97     74      0     14      0      0      0      0      0      0    199      0      0     37      0      0    177      0      0    125     54      5      0      0    577
     0    308      0      0     38      0      0     17     98      0     88      0      0     42      0      0      0    303      0      0     37      0      0     55      0      0     65     49     11      0      0    590
     0    317      0      0     77      0      0      0     35      0    120      0      0    139      0      0     42    271      0      0     53     85     62      0      0     35      4     20      0      0      0    599
     0    273     18      0     85      0      0      0      0      0    125     62      0    173      0      0      0    109      0      0     86     53    112      0      0     64     14     42      0     25      0    593
     0    247     51      0     59      0      0     85      0     30      9    212      0      0      0      0      0      0     83      0     87      0    123      0      0     50     49    110     27     54      0    570
     0    231     46      0     13      0      0     96      0     30      0    321      0      0    121      0      0      0     97    109     33      0    187      0      0      0     39     85      0      0      0    406
     0    222     46      0      0      0      0     18      0     44      0    269     44      0    183     15      0      0     51    205      0      0    232      0      0      0      0     16      0      0      0    192
     0    208     74      0      0     65      0      0     44     98      0     34    236      0     77     61      0      0     57    155      0      0    212      0      0      0     35     56      0      0      0     66
     0    200     89      0      0    145      0      0     72    185      0      0    295      0      4     52      0      0     94     56      0      0    165     76     24      0    125    106      0      0     87     17
     0    250     62      0      0    121      0      0      0    231      0      0     98     48      0      0      0      0    114      6      0     24     85    149     53      0    248    136      0      0    122     45
     0    269      0      0     41      0     63     48      0    181      0      0      0     25      0      0      3      0    136      0      0     53     26    163     53      0    400     84      0      0    125     44
     0    224      0     14    138      0     21    202      0      0    144      0      0      0      0      0      0      0     72      0      0     27      3    153     39      0    531      0      0     17    134     42
     0    241      0     18    228      0      0    292      0      0    268      0      0      0      0      0      0      0      0      0      0      0      0    150      0      0    554      0      0    110     59    106
     0    311      0      0    275      0      0    323      0      0     82     38      0      0      0      0      0      4      0      0      0      0      0    186      0      0    525      0      0    175      0    230
     0    313      0      0    200      0      0    313      0      0      0    187      0      0      0      0      0     73      0      0      0      0      0    238      0      0    430      0      0    182      0    327
     0    293      0     18     87      0      0    223      8     91      0    176      0     35      0      0      9     80      0      0      5      0      0    245      0     57    338      0      0    163      0    370
     0    276      0      0      0     45      0     34     48    122      0     55      0    194      0      0     71     50      0      0     27      0      0    204      0    110    255      0      0    139      0    398
     0    318      0      0      0    114      4      0     69    135      0      0      0    264      0      0     92     28      0     82     44      0     58    147      0    132    183      0      0    123      0    431
     0    469    107     24     69    167     92     18    201    337      0     19    166    251      0      0    132     91      0    233    118      0    182    170      0    283    273      0    155    347      0    563
     0     36      0      0      0      0      0      0      0     28      0      0      0      0      0      0      0      0      0     50      0      0      7      0      0      0      0      0      0      0      0    116
