   233    136     24     33      0      0      0    142     99     24    102    219      0      0     34      0      0    227     59      0    215    237     88      0     36    186      0     43      0     11     69     92
   330     75      0      0      0      0      0    120     32      0     19    257      0      0      0      0      0    202      3      0    168     88      0      0      0    253     80      0      0      0     74    118
   339      0      0     63      0      0      0    187    105      0     48    264      0      0     21      0      0     68     68     85    166      0     23      0      0    332    435      0      0      0     76    108
   279      0      0    201      0      0      0    144    124      0     26    232      0      0     26      0      0      0    202    287      0      0      0      0      0    354    669      0      0      0     72    111
   183      0      0    293      0      0      0     44    113      0     20    171      0      0      0      0      0      0    368    283      0      0      0      0      0    325    676      0      0      0     59    121
   168      0      0    299      0      0     47      0     71     53     30     79      0      0     12    118      0     35    451    215      0      0      0      0      0    298    553      0      0      0     18    181
   267      0      0    313     66      0     23      0      0      0      0      8      0      0     36    199     35     16    462    170      0      0      0      0      0    272    460     22      0      0     37    408
   508      0      0    398    345      0      0     11      0      0      0      0     48      0      0    149      0      0    369    137      0      0      0      0      0    217    456     71      0      0    293    696
   834      0      0    506    589      0      0      0      3      0      0     74    308      0      0    199     74      5    162    110      0      0      0      0      0    193    366      5      0      0    652    636
   998      0      0    337    531      0      0      0      0      0      0    264    287      0      0    143    151     96      0      0      0      0      0      0      0    280     91      0      0    190    844    304
   897     35      0      0    233    206      0      0      0      0      0    398    103      0      0    138    282    116      0      0      4     38      0      0      7    354      0      0      0    460    812     45
   665    156     40      0      0    316    131      0      0     47    122    186      7      0      0    286    380      1      0      0      0     80     10      0     49    312      0      0      0    328    714      0
   591    108     95      0      0     78    306      0      0    161      0      0      6      0      0    363    377      0      0      0      0      0      0      0     50    185      0      0      0    163    693      0
   596     46      0    101      0      0    230    249      0     78      0      0      1      0      0    522    476      0      0      0      0      0      0      0    125    111     23      0      0    118    698      0
   538     84      0    112      0      0     36    263    162     83      0      0      0      0      0    555    464      0      0      0      0      0      0     37    212     78     16      0     42    140    708      0
   481    141      0     96      0      0      0     18    296    257      0      0      0      0    103    285    220      0      0      0      0      0      0     47    198     59      0      0     68    142    700      0
   454    170      0     49      0      0      0      0    228    324    125      0      0     88    196      0     46    200      0      0      0      0      0      0    127     92     62      0     35     75    593      7
   471    176      0      0     10     36     37      0      0    105    462      0      0    494      0      0      0    380    130      0      0     85      0      0     12    216    195      0     27     26    394    113
   470    169      0      0     69     65    101      0      0      0    560      0      0    347      0      0      0    335    229      0      0    199      0      0      0    431    312      0     84    130    154    223
   418    147      0      8    134      7     84    103      0      0    377    408      0     89      0      0      0    272     28      0      0    160      0      0      0    566    303      0    152    280      0    168
   396    111      0     88    252      0      0    241      0      0     57    506      0      0      0      0     68    150      0      0     49     33      0      0      0    520    166      0    256    367      0     63
   395     61      0    110    192      0      0    193    187      0      0    321    111      0      0     11      6     34      0      0     72      0      0      0      0    458     49      0    310    356      0     63
   391     70     86     12      0     16      0      0    377      0      0     75    131      0     31      6      0     79      0      0    116      0      0      0      0    530      0      0    371    340      0    184
   377    118    246      0      0    205    125      0    268    286      0      0     27     16     82      0      0     83      0      0    140     32      0      0      0    633      0      0    456    348      0    297
   397    107    268     83      0    193    356      0      0    548      0      0      0      0     73      6     24      0      0      0    107     88      0      0      0    563      0      0    624    351      0    276
   489     62    217    148      0     86    498      0      0    457    230      0      0      0      3      0     75      0      0     17     33     84    117      0     32    228      0     46    708    303    209    161
   551     80    195     60      0      0    499      0      0     37    515     55      0      0      0      4    123      0      0     16      0     70    210      0      0      0      0    198    650    224    374    108
   525    126    165      0      0      0    249      0      0      0    520    142      7      0      0    159    120      0      0      0      0    130    201      0      0      0      0    299    538    166    427    128
   508    131     27      0      0      0      0     22      0      0    354    142    219      0      0    236     31      0      0      0      0    207    166      0      0      0      0    365    418    134    455    133
   553    109      0     48    100      0      0    112      0      0    199    307    374      0      0    181      0      0    164      0      0    238     81      0      0      0      0    319    339    136    510     93
   487     20      0     13      0      0      0     38      0      0     28    346    156      0      0     23      0      0    185      0      0    169      0      0      0      0      0     82    171      0    364      0
   382     90     24     62      0      0      0     71      0      0     90    372     53      0      0      0      0      0    157      0      0    136      0      0     52      0      0     76    236     84    346     40
