    44      0      0      0     22     75     47      0      0      0      0      0      0     78      0      0    115      0      0    356      0      0      0      0      0      0     18      0      0     20      0      0
     0      0     74     98     55     16      0      0      0      0      4      0     73     73      0      2      0      0    313     89      0      0    100      0     37     61      0      0    122      5      0      0
     0    162    318     94      0      0      0      0      0     76      3      0    117    119      0      6     16     21    220      0      0    189     60     34    107      0      0      0    204      0      0      0
     0    377    244      0      0     40      0      0      1     40      0      0    135     81      0     36     55     40      0      0     70    171      0     25    124      0      0    156    139      0      0      0
     0    185     40      0     95      0      0      0      0      0      0      0     74     83     38     99     28      0      0      0    131     43      0     27     36      0      0    265     78      0      1      0
     0     43      0      0     48      0      0      0      0      0      0      0    205    242      7      0      0      0      0      0    113     43      0     16      0      0      0    208      0      0     57      0
     0      0      0     57      0      0      0      0      0      0      0    194    226      0      0      0      0      0      0      0    253    122      0      4      0      0      0     44      0     61    303      0
     0      0    188    102      0      0     39     28      0      0    160    223      0      0      0      0     24     10      0    204    337     76      2     30      9      0      0      0     92    459     29      0
     0      0    378      0      0    178     60     58      0      0    295      0      0      0     22      0     81      0      0    375    284     24     53     87     73      0      0     15    553    268      0      0
     0    238     65      0     79    283      0      0      0    196      0      0      0    231      0      0      0      0    224    336    139     94     52    120      0      0      0    435    520      0      0     76
     0    345      0      0    387     34      0      0    153     37      0      0    184    263      0      0      0     46    469    111     70    161     15    125      0      0    212    328      0      0      0    252
     0    154      0    328      0      4     90     64     71      0      0     66    396     40      0      0      0    350    258      0     79     55     17    178      0      0     91      0      0      0      0    206
     0    154    216     55      0    166    117     27      0      0     62    274     89      0    136     77      0    126     55      0     40      0    159    188      0      0      0      0      0     49      0    184
     0    211     42      0    119     90      0      0      0      0    189     95      0     44    348      0      0    160     42     54     97    112    128      0      0      0      0      0     80      0      0    164
     0    128      0      0     91     81      0      0     41      0     42      0      0    381     56      0      0    305      0    144    160     72      0      0      0      0     47    107      0      0      0    197
     0     85      0      0    115     71      0     22     17      0      0      0    309    244      0      0    444    316     23     60     43      0      0      0      0     99     65      3      0      0      0    229
     0      0      0     33    121      0      0     82      0      0      3     89    257      0      0    448    418     24      0      0     88      0      0      0      2    108      0      0      0      0      0    279
     0     19     99     59      0      0     16     10      0    159     28    174      0      0    167    312     62      0      0      0    320      0      0      0     76      0      0      0      0      0      0    368
     0    109     26      7      9      0      0      0      0    180      0     74      0      0    247    129     94      0      0    379    185      0     61      0      0      0      0    110    274      0     28    228
     0     17     61    147      0      0     39      6    116    213      0      0      0      0    322    225      0      0    194    497      0      0    155      0      0      0      0    400     79      0     13     16
     0     80    204      0      0     88    187     57    143      0      0      0     61     57    195      0      0     88    485     59      0     53    112      0      0      0     77    219      0      0    148      0
     0    128      0      0      0    426      0      0     36      0      0      0    135     88      0      0    167    300     29      0      0     58      0      0      0      0      0     69      0      0    229      0
     0     92      0      0    248    196      0      0     95     48      0     84    123    115      0     95    192      0      0     82      0      0      0      5     61      0      0    186      0      0    221      0
     0     67      0      0    136      0      0     65     82     71      0     18     58     61      0      9      0      0    203      3      0      0     12    106      0      0    129    444      0      0    217      0
     0      0      0      0    145     13      0     40      0      0    102      2     60      0      0      0      0    106    169      0      0     82     52      0      0      0    697    227      0      0     55      0
     0      4      0      0    312     55      0      4     16      0    255      0      0      0      5    193     25     54     52      0     11     96      0      0      0     25    641      0      0     22      0      0
     0    152      0    119    492      0      0    265      0      0      0      0      0     68    201     53      0     55     96      0     16      0      0    108      9     99    290      0      0     36      0     13
     0     54      0    337    243      0      0    260      0      0      0    191    118      9     99      0      0    217    115      0      0      0      0    275      0     49    152      0      0     77      0      7
     0      0     77    173      0      0    170      0      0    119      0    353      0      0      0      0     64    264      0      0    129      0     15    282      0     60     28      0      0     73      0      6
     0     51     94      0      0    225    149      0     57     96     80      0      0    147      0      0    194    219      0      7    178      0     61    169      0     31      0      0      0      0      0     63
     0      0      0      0    104    301      0      0      0    106      0      0      0    207      0      0    231     69      0    135     77      0      8     82      0      0      0      0      0      0      0    176
     0    244      0     36    232     79      0      0      0      0      0      0    355    208     27    112    122      0      0    188      0      0    110      0      0      0      0      0      0      0      0    686
