    66      7      0      0      0     98    173    122      0      0      0      0      0      0      0     39    135     73      0     47    127      0      0      0      0      0      0      0      0      0      0      0
    99      0      0      0      0    175    300    187      0      0      0      0      0      0      0     59    216    171     38    131     47      0      0      0      0      0      0      0      0      0      0      0
    54      0      0      0      0     62    195    132      0      0      0      0      0      0      0     68    238    313    254     28      0      0      0      0    175    180      0      0      0      0      0      0
    19    135    221    226    107     79    136     47      0      0      0      0      0      0      0     62    269    401    235      0      0      0      0     17    353    327      0      0      0      0      0      0
    46    279    387    315    150    108    127     84      0      0      0      0      0      0     40    200    384    468    191      0      0      0      0    101    408    361      0      0      0      0      0      0
    78    279    276    169     30     44     50     41     39      0      0      0      0     28    221    167    108     74      0      0      0      0      0    131    392    324      0      0      0      0      0      0
    97    233    196    105      0      0      0      0     14    130    151     69    140    300    257     43      0      0      0      0      0      0      0     98    376    344      0      0      0      0      0      0
    65    115    183    192      0      0      0      0      0    196    459    571    526    382    308    110      0      0      0      0      0      0      0      8    367    415     91      0      0      0    247      0
    12      0    148    225      0      0      0      0     34    282    704    835    465    112     73      0      0      0      0      0      0      0      0      0    319    392    101      0      0    444    185      0
    49      0      0     54      0      0      0      0     36    379    713    506     24      0      0      0      0      0      0      0      0      0      0      0    276    228      0     58    578    696      0      0
   254     69      0      0      0      0      0      0      0    298    307      0      0      0      0      0      0      0      0      0      7      0      0    138    300    150     11    375    732    438      0      0
   287    202      0      0      0      0      0      0      0      0      0      0      0      0     47      0      0      0      0      0    205    284    250    403    458    244     90    235    323     85      0      0
   183    162      0      0      0      0      0      0      0      0      0      0      0     91    195    161      0      0      0      0    214    438    559    720    705    480    280    147     68      0      0      0
   165    160      0      0      0     53     26      0      0      0      0      0     51    201    350    275      0      0      0      0    182    500    741    823    658    402    213     82     34      0      0      0
   205    184      0      0      0     54    173      0      0      0      0      0     28    298    462     86      0      0      0      0    240    558    783    746    476    212    101    115    127      0      0      0
   249    227      0      0      0      0    141    163      0      0      0      0     39    365    245      0      0      0      0      0    195    456    677    676    494    267    155    158    131      0      0      0
   261    220      0      0      0      0      0    137    140      0      0      0     54    170      0      0      0      0      0      0     26    240    505    622    611    467    294    140     36      0      0      0
   243    169      0      0      0      0      0      0    109     51      0      0      0      0      0      0    275    261      0      0      0    183    366    543    659    535    191      0      0      0      0      0
   237    174      0      0      0      0      0      0      0    216     71      0      0      0      0      0    228    204      0      0    124    220    286    504    638    392      0      0      0      0      0      0
   255    242      0      0      0      0      0      0      0    263    404     22      0      0      0      0     79      0      0      0    222    203    270    520    619    287      0      0      0      0      0      0
   270    301     92     92      0      0      0      0      0     84    389    166      0      0      0      0      0      0      0    123    230    193    293    548    651    385      0      0      0      0      0      0
   264    318     96     40      0      0      0      0      0      0     52     99      0      0      0      0      0      0     37    165    198    182    284    549    689    488    203      6      0      0      0      0
   262    277      0      0      0      0      8     26      0      0      0      0      0      0      0      0      0     13     70    159    181     84    148    480    693    479    204     46     16      0      0      0
   262    244      0      0      0      0      0      2     43      0      0      0      0      1      0      0      0      0      2    164    171      5      2    366    580    325    149    186    264      0      0      0
   230    198      0      0      0      0      0      0    230    101      0      0      0      0      0      0      0      0      0    153    171     39      0    199    275    136    230    530    495      0      0      0
   171     78      0      0      0      4      0      0    215    385     13      0      0      0      0      0      0      0      0     97    147     96      0     11     51    141    523    801    591      0      0      0
   142      3      0      0      0    152     18      0    185    456    245      0      0      0      0      0      0      0      0     62    105     37      0      0     38    320    756    861    536      0      0      0
   164     38      0      0      0     95     72      0    128    335    201      0      0      0      0      0      0      0      0      7    102      2      0      0    120    467    822    785    436      0      0      0
   200     92      0      0      0      0     31    125    124    271    226      3      0      0      0      0      0      0      0      0     42     40      0      0    204    563    827    696    359      0      0      0
   218    117      0      0      0      0      0    118    162    348    390    189      0      0      0      0      0      0      0      0      0    103      0     15    252    573    780    649    368      0      0      0
   202     60      0      0      0      0      4    136    170    395    446     67      0      0      0      0      0      0      0      0      0     55     34    127    265    420    610    601    358      0      0      0
    29      0      0      0      0      0      0     13     20    156    131      0      0      0      0      0      0      0      0      0      0      0      0     39     76     93    162    146      0      0      0      0
