     0      0      2      1     62    151    125      0      0      5      7      0      0    182     62     11    250      0      0    280     10      0      0     82    130      0      0      0     80     82      0      0
     0      0     47      0     16    149    120      0      0     11      5      0      0    214     60      0    279      0      0    135      0      0      0     81    251      0      0      0    201    108      0      0
     0      0    153      0      0    108    106      0      0     43     27      0      0    214     52      0    231      0      0      0      0      0      0     67    385      3      0      0    309    125      0      0
     0      0    231      0      0     90     84      0      0     29     40      0      0    204     55      2    200     65      0      0      0    108     28     57    435     80      0      0    327    148      0      0
     0      0    170      0      0     69      0      3      0      0      8      0      0    221     39      0     40     17      0      0      0    151     52     99    391     63      0      0    237    161     43      0
     0      0    141      0      0     34      0      5     12      0      0      0     45    216     19      0      0      0      0      0      4    198     73    150    348     11      0      0    110    167    134      0
     0      0    197      0      0     28     21      0     34     71    101      0     53    133     39      0      0      0      0      0     61    216     86    169    356     38      0      0     68    217    225      0
     0      0    387      0      0      1    147      1      0     78    367    184      0      0     93      0      0     16      0      0     34    140     83    161    345     91      0      0    184    382    122      0
     0      0    562      0      0      0    186    116      0     87    555    157      0      0    155      0      0      0      0      0      0     13     65    183    329     22      0      0    477    380      0      0
     0      0    430      0      0      0     44    173     86    191    497      0      0     67    149      0      0      0     71     68      0      0      0    237    286      0      0     49    560     68      0      0
     0      0      0     70      0      0      0    146    232    174    153      0      0    103     53      0      0      0    137    159      7      0      0    271    232      0      0    209    275      0      0      0
     0      0      0     55     54      0      0      0    267     22      0      0      0      0     26      0      0      0     70     40    150      0      0    281    205      0      0    156     72      0      0      0
     0      0      0      0      0     10      0      0    128      0     58    251     60      0    175      0      0     24    110      2    179    134      0    205     90      0      0      0      3      0      0      0
     0      0     18      0      0    124      0      0      0      0    171    249     44      0    299      0      0    117    173     12    133    213     96     71      0      0      0      0      0      0      0      0
     0      0     13      0      0    106      0      0      0      0    143    269     56    214    216      0      0     97    208     68    109    211    243     41      0      0      0     41      0      0      0      0
     5      0      0      0      0     45      0     48      0      0      0    282    219    242      0      0      0      0    141     89     99    116    266    112      0      0      0     22      0      0      0      0
    23      0     11      0      0      0      0    208      0      0      0    260    371      0      0     95     94      0      0     32    178      0    193    168      0      0      0      0      0      0      0      0
     0      0     13     24      0      0      0    124     62     68      0     21    400      0      0    273    266      0      0     38    327      0    113    229     60      0      0      0      5      5      0      0
     0      0      0     42      0      0      0      0     78    448      0      0    237      0      0    229    246      0      0    219    293      0     78    262    158      0      0     34     24      0      0      0
    32      0     22     30      0      0      0      0     11    508     31      0      0      0      0    172     98      0      0    338    115      0    106    253    227      0      0    175     11      0     62      0
    39      0    111      0      0      9    187      0      0    351    271      0      0     48     80     62      0      0     72    223      0      0     92    233    291      0      0    228      0      0     74      0
    20      0     45      0      0     32    178      0      0     98    306      0      0     11     40      0     21      0     44    142      0      0     50    241    347      0      0    212      0      0     27      0
    14      0      0      0    140      0      0    228      0      0    156     64      0      0      0      0    134      0     53    189      0      0      0    262    423      0      0    322      0      0     68      0
    10      0      0      0    347     27      0    350     86      0      4    160     10      7      0      0     37      0    138    185      0      0      0    262    437      0      0    504      0      0    141      0
     0      0      0      0    382    141      0    210    494      0      0    115     28      0      0      0      0      0    143     94      0      0      0    158    301      0    263    482      0      0     50      0
     0      0      0      0    412    273      0     17    576      0      0      0      0      0      0     47      0      0    150     54      0      0      0     86    179      0    488    368      0      0      0      0
     0      0      0      0    372    250      0      0    314    233      0      0      1     51    123      7      0      0    198     78     12      0      0    165    184      0    491    243      0      0      0      0
     0      0      0      0    157     97      0     64     37    352      0      0      0     56    217      0      0     31    142     59    111      0      0    237    201      0    472     81      0      0      0      0
     0      0      0      0      0     23    137     34      0    298      0      0      0     47    264      0      0     82      0      0    269      0      0    215    154     57    448      0      0      0      0      0
     0      0     45      0      0     45    249      0      0    247     11      0      0     67    236      0      0    130      0      0    336      0      0    199     69     83    387      0      0      0      0      0
     0      0      0      0      0     72    222     25      0    307    117      0      0     64    138      0      0    102      0      0    285      0      0    250      6     24    325     11      0      0      0      0
     0      0      0      0      0     59    131     17      0    245     46      0      0      6     42     20     27     39      0     22    146      0     21    189      0     14    205     29      0      0      0      0
