    73      0      0      0      0      0      0      0      0      0      0      0      0      0      0      0      0      0      0      0      0      0      0      0      0      0      0      0      0      0      0     73
   237     46    147    174    164    140    127    136    150    171    153    157    161    174    200    157     82    133    108     72     60     39     28     46     59     95     50    111    112    159     62    236
   237     67     75    105     81    109    103     95    101    117     96     93    110    135    175    139     67     79     28      0      0      0      0      0      0     19      0     50     76    135     24    209
   199     45     45    106     56     73     58     70     75     99     85    102    112    135    184    158     95     72      8      0      0      0      0      0      0     21     10     59    105    145     31    208
   148      0     36     62      0      0      0     14     50     60     55     87    113    111    113     66     23     16      0      0      0      0      0      0      0     42     57     81    113    141     35    209
   157      0     42     54      0      0      0      0     15     54     27     42     61     70     88     98     70     34      0      0      0      0      0      0      0     55     49     74    103    125      0    216
   187      0     24     37      0      0      0      0      0     22      3     14     53     67     90    110     98     39      0      0      0      0      0      0      0     74     29     36     77     85      0    223
   226      0      0     16      0      0      0      0      0      0      0      9     21     31     33      8      0      0      0      0      3      0      0      0     14     95     50     53     32     70      0    323
   352      0     15      4      0      0      0      0      0      0      0      0      0      0      0      0      0      0      0      0      0      0     13     15     45    115     81    103      5     83      0    460
   473      0     72     54     20      0      0      0      0      0      0      0      0      0      0      0      0      0      0      0      0      0      0      3     63    153    151    123     13     51      0    473
   510      0     21     35     30      3      0      0      0      0      0      0      0      0      0      0      0     11     15      5      8      0      0      0     56     85     49     49      0      0      0    388
   399      0      0      0     19     35     28      0      0      0      0     11     17      0      0      0     18     75     49     73     53     43     35      0     68     62     40     41      0      0      0    349
   348      0      0      0     20     40     34      0      0      0      0     25      4      0      0      0      0      0      1     63     80     67     55      0     26     25      0      0      0      0      0    324
   323      0      0      0     27     44     14     13      0      0      2      8     27      0      0      0      0      0      0     69     49     32      4      0      0      0      0      0      0      0      0    309
   307      0      0      0     18     39     21      1      0      0     36     31     72      0      0      0      0      1     44     80     46     15      0      0      0      0      0      0      0      0      0    297
   314      0      0      0      0      2      0      0      0      0      0     50     22      0      0      1      0      0     49    109     75     67     27     60      3      0      0      0      0      0      0    286
   308      0      0      0      0      0      0      0      9      0      0     53     14      0      0     54     27     40     45    116     69     87     35     85     11      0      0      0      0      0      0    274
   321      0      0      0      0      0      0      0      0      0      0     12     53      0      0     34     46     37     50     87     67     88     46     96     19      0      0      0      0      0      0    405
   330      0      0      7      0      0      0      0      0      0     25      0     33     42     19     41     46      4     63     61     71     80     59     75      0      0      0     88    102    128     28    492
   317      0      0      0      0      0      0      0     22      2     53     12      0     67     79     38      8     45     76     71     47     83     64     44      0      0      0    110    121    136     29    466
   320      0      0      0      0      0      0      3     29     73     73     49      0     26     55     70     97    127    101     63     61     80     55      5      0     10      7     96     79    103      0    438
   306      0      0      0      0      0      0     51    134    110    187    170    118     92    113    141    129    122     93    109    127    100     96     12      0      0      0      0      0     43      0    439
   297      0      0      0      0      0      0     60    192    100    165    198    176    168    161    171    161    186    169    159    140    115    135     51      0      0      0      0      0      0      0    444
   303      0      0      0      0      0      0     86    155    166    110    224    228    206    206    187    209    263    266    238    204    167    148     58      0      0      0      0      0      0      0    440
   291      0      0      0     21      5      0     60     87    222    137    225    260    219    251    236    219    235    249    270    274    241    186     37      0     32      0      0      0      0      0    424
   278      0      0      8     54     33      0     11    126    197    166    104    208    227    244    206    169    192    210    254    264    226    195     51      2      8      0      0      0      0      0    406
   308      0      0     50     85     55     14      0     66     64    120     93    219    249    206    137     98    162    202    250    248    205    182     81     32      0      0      0      0      0      0    400
   324      0      0     16     47     43      2      0      0     26    151    105    184    191    152     81     49     84    139    225    256    217    159     96     58      0      0      0      0      0      0    406
   325      0     20     43     35     18      0      0      0     13    125     73    118    138     75     27     19     23     46    116    144    172    121     82     61      0      0      0      0      0      0    401
   340      0      0      4     18      0      0      0      0      0     66     29     66     92     29      1      0      0      0     16     37     79     54     28     40      0      0      0      0      0      0    394
   189      0      0      0      0      0      0      0      0      0      0      0      0      0      0      0      0      0      0      0      0      0      0      0      0      0      0      0      0      0      0    232
   602    524    497    458    408    368    371    427    473    529    707    813    744    603    475    410    364    351    355    328    314    349    336    352    429    483    570    758    868    923    901    900
