     0      0      0      0      0      0      0      0      0      0      0      0      0      0      0      0      0      0      0      0      0      0      0      0      0      0      0      0      0      0      0      0
     0      0      0      0     18     21      0      0      0      0      0      0      2     28      0      0      0      0      0     34     67     84    128    121    114      0      0     15     65     16      0      0
     0      0      0      0      0     24     37     28     58     54      0      0      0      0      0      0      2      9      0     55    125    139     87     70     67      0      0      0     63      4      0      0
    12     26     21     44     46     92    111    132    138    110     35      0      0      0      0      0      0      0      0      6    101    125     84     79     69      0      0      0     29      1      0      0
     0      0      9     32     67    125    163    205    212    158     58      0      0      0      0      0      0      0      0      0      0     80     85     80     58      1      0      0      0      0      0      0
     0      0      0      0      0     83    133    149    179    170     92      0      0      0      0      0      0      0      0      0      0     17     67     75     68      0      0      0      0      0      0      0
     0      0      0      0      0      0     76     86    113    166    132      0      0      0      0      0      0      0      0      0      0      0     16     58     76      6      0      0      0      0      0      0
     0      0      0      0      0      0     68     81     86    124     82      0      0      0      0      0     22     51      0      0      0      0      0     22     49      0      0      0      0      0      0      0
     0      0      0      0      0      0     18     66     64     40      0      0      0     63    213    212    178    156    137      0      0      0      0      0      0      0      0      0      0      0      0      0
     0      0      0      0      0      0      0      0      6      0      0      0     39    182    163    164    150    185    191     92      0      0      0      0      0      0      0      0      0      0      0      0
     0      0      0      0      0      0      0      0      0      0      0     61    117     72     64     97    134    165    123     77     56      0      0      0      0      0      0      0      0      0      0      0
     0      0      0      0      0      0      0      0      0      0      2     92     39     23     45     63     83     73     69     56     73     47      0      0      0      0      0      0      0      0      0      0
    70     36     41      0      0      0      0      0      0      0     52     35      3     25     22      0      0      0      6      0     14     34      0      0      0      0      0      0      0      0      0      0
    56      0     13      0      0      0      0      0      0      0      4     35     28     39      0      0      0      0      0      0      0      0      0      0      0      0      0     20     25      0      0      0
     4      0      0      0      0      0      0      0      0      0      0     50     72      9      0      0      0      0      0      0      0      0      0      0      0      0      8      0      0      0      0     10
     0      0      0      0      0      0      0      0      0      0      0     87     76      0      0    103     55      0      0      0      0      0      0      4     14     11      0      0      1      9      0      9
     0      0     20     16      0      0      0      0      0      0      0      0      0      0     70    191     79      0      0      0      0      0      0     50     64     44     27     87    163    173     13     21
     0      0     22     14      0      0      0      0      2      0      0      0      0      0      0     62     74     52      7     25      0      0      3     54     28     52    111    209    246    229     77     76
     0      0      0      0      0      0      0      0     37     82      0      0      0      0      0      0      0      0      0      0      0      0      0     20      0      0     45    113     94    103     33    104
     0      0      0      0      0      0      0      0     28    106     73      0      0      9      0      0      0      0      0      0      0      0      0      0      0      0      0      0      0      0      0     42
     0      0      0      0      0      0      0      0      0     60     98     87     86     76     89     64     77     64     15      0      0      0      0      0      0      0      0      0      0      0      0      0
     0      0      0     44     83     22      0      0      0      0    116    174    159    101    111    135    113     72     59     65     49     24     23     44     58     48     95     74      0      0      0      0
     0      0     25     91    147    120    103    112     15      0     35     94    115     80     49     40     20     48     82     63     27     20     47     88    120    169    254    214     31      0      0      0
     0      0     12     83    167    211    195    176     46      0      0      0      2     26      3      0      0     38     60     49     38     11     25     61    123    264    355    209     17      0      0      0
     0      0      0     68    178    177    186    154    110      1      0      0      0      0      0      0      0      0      0     12     47     27     23     78    176    324    332    169     64     12      0      0
     0      0      0     34    111     79     83     73     72     30      0      0      0      0      0      0      0      0      0      0      0      0     33     97    169    199    180    111     34      0      0      0
     0      0      0      0      0      0      0      0      0      0      0      0     11      0      0      0      0      0      0      0      0      0      0     65     81     67     47      3      0      0      0      0
     0      0      0      0      0      0      0      0      0      0      0      0      0      0      0      0      0      0      4     35     34      0      0      0      0      0      0      0      0      0      0      0
     0      0      0      0      0      0      0      0      0      0      0      0      0      0      0      0      0      0      0     43     86     18      0      0      0      0      0      0      0      0      0      0
     0      0      0      0      0     13      0      0      0      0      0      0      0      0     51     74     61     14      0     46     90     55      0      0      0      0      0      0      0      0      0      0
     0      0     87    111    116     87     51     25      3      0      0      0      0     85    148    197    196    142    108     91    105    112     69      0      0      0      0     86    179    271    160    164
   102    161    202    173     71      0      0     83    112     31     25     62     58     48     76     97     76     35      0      0      0      0      0     43    101    101    103    198    337    407    365    297
