   161      0      0      0      0      0      0      0      0      0      0      0      0      0      0      0      0      0      0      0      0      0      0      0      0      0      0      0      0      0      0      0
   182      0      0      0      0      0      0      0      0      0      0      0      0      0      0      0      0      0      0      0      0      0      0      0      0      0      0      0      0      0      0      0
   246      0      0      0      0      0      0      3      0      0      0      0      0      0      0      0     46     60      0      0      0      0      0      0      0      0      0      0      0      0      0      0
   382      0      0      0      0      0      0      0      0      0      0      0      0      0      0      0     19     40      0      0      0      0      0      0      0     11      0      0      0      0      0      0
   393      0     15      0      0      0      0      0      0      0      0      0      0      0      0      0      0      7      0      0      0      0      0      0      0      0      0      0      0      0      0      0
   266      0      0      0      0      0      0      0      0      0      0      0      0      0      0      0      0      0      0      0      0      0      0      0      0     15      0      0      0      0      0      0
   178      0      0      0      0      0      0      0      0      0      0      0      0      0      0      0      0      0      0      0      0      0      0      0      0     30      0      0      0      0      0      0
   166      0      0      0      0      0      0      0      0      0     19     65      0      0      0      0      0      0      0      0      0      0      0      0      0     30      0      0      0      0     44      0
   239      0      0      0      0      0      0      0      0      0      0      0      0      0      0      0      0      0      0      0      0      0      0      0      0      0      0      0      0      0      0      0
   399      0      0      0      0      0      0      0      0      0      0      0      0      0      0      0      0      0      0      0      0      0      0      0      0      0      0      0      0      0      0      0
   511      0      0      0      0      0      0      0      0      0     59    121      0      0      0      0      0      0      0      0      0      0      0      0      0      0      0      0      0      0      0      0
   669      0      0      0      0      0      0      0      0      0    145    302    116     45    194    246     70      0      0      0      0      0      0      0     36      0      0      0      0      0      0      0
   770      0      0      0      0      0      0      0      0      0      0     96    134     83    238    286      0      0      0      0      0     53      0      0      0      0      0      0      0      0      0      0
   710      0      0      0      0      0      0      0      0      0      0      0     23      0     42     59      0      0      0      0      0     59     33      5      0      0      0      0      0      0      0      0
   585      0      0      0      0      0      0      0      0      0      0      0      0      0      0      0      0      0      0      0      0      0      0      0      0      0      0      0      0      0      0      0
   527      0      0      0      0      0      0      0      0      0      0      0      0      0      0      0      0      0      0      0      0      0      0      0      0      0      0      0      0      0      0      0
   486      0      0      0      0      0      0      0      0      0      0      0      0      0      0      0      0      0      0      0      0      0      0    188    181     71      0      0      0      0      0      0
   455      0      0      0      0      0      0      0      0      0      0      0      0      0      0      0     36      0      0      0      0      0      0    221    281    147      0      0      0      0      0      0
   472      0      0      0      0      0      0      0      0     22      0      0      0      0      0      0      0      0      0      0      0      0      0    139    321    225      0      0      0      0     27      0
   456      0      0      0      0      0      0      0      0      0    125      0      0      0      0      0      0      0      0      0      0      0      0     58    313    285      0      0      0      0      0      0
   440      0      0      0      0      0      0      0      0      0     62      0      0      0      0      0      0      0      0      0      0      0      0      6    246    209      0      0      0      0      0      0
   434      0      0      0      0      0      0      0      0      0      0      0      0      0      0      0      0      0      0      0      0      0      0      0    202    104      0      0      0      0      0      0
   407      0      0      0      0      0      0      0      0      0      0      9      0      0      0      0      0      0      0      0      0      0      0      0    228     80      0      0      0      0      0      0
   421      0      0      0      0      0      0      0     12      0      0      0      0      0      0      0      0      0      0      0      0      0      0      0    257     49      0      0     86      0      0      0
   428      0      0      0      0      0      0      0     87      0      0      0      0      0      0      0      0      0      0     30     21      0      0      0    246     60      0     51    205      0      0      0
   385      0      0      0      0      0      0      0     17    239      0      0      0      0      0      0      0      0      0     69     78     32      0      0    213     72      7    258    176      0      0      0
   398      0      0      0      0      0      0      0      0    209      0      0      0      0      0      0      0      0      0      0      0      0      0      0     80      5    172    305     26      0      0      0
   447      0      0      0      0      0      0      0      0      0      0      0      0      0      0      0      0      0      0      0      0      0      0      0      0      0    180    240      0      0      0      0
   405      0      0      0      0      0      0      0      0      0      0      0      0      0      0      0      0      0      0      0      0     22      0      0      0      0    124    148      0      0      0      0
   375      0      0      0      0      0      0      0      0      0     17      0      0      0      0      0      0      0      0      0      0     60      0      0      0      0    104    108      0      0      0      0
   376      0      0      0      0      0      0      0      0      0      0      0      0      0      0      0      0      0      0      0      0      0      0      0      0      0      0     42      0      0      0      0
   278      0      0      0      0      0      0      0      0      0      0      0      0      0      0      0      0      0      0      0      0      0      0      0      0      0      0      0      0      0      0      0
