   148      0      0      0      0      2     53     87     45     35     56      0      0      0      0      0     39    158      0      0      0      0      0      0      0      0      0      0      0      0      0      0
   104      0      0      0      0      0      0      0     21     57     69     69     10      0     12      0      0     65    113      0      0      0      0      0      0    101      0      0      0      0      0      0
    14    137    203     43      0      0      0      0      0      0     29     62     23      5     20     11      0      0     62      0      0      0      0      0      0    147      0      0      0      0      0      0
     0      0     56    172    109     11      0      0      0      0      0     41     24      8     20     21      0     13     20      0      0      0      0      0      0     67    142      0      0      0      0      0
     0      0      0      0      0      0      0      0     42      0      0      0     52    100    105      0      0      0      0      0      0      0      0      0      0      0    138     66      0      0      0      0
     0      0      0      0      0      0      0      0      0     52     50     42     91     26      0      0      0      0      0      0      0      0      0      0      0      0      0     66     31      0      0      0
    68      0     24     36      0      0      0      0      0      0     83    149      0      0     15    151    170    140    159     40      0      0      0      0      0      0      0      0     62    119      9      0
   174      0     61    107      0      0      0      0      0      0      0    133     30     66    244    327    338    346    447    293     33      0      0      0      0      0     55     68    114     90      0      0
   291      0      0    128      1      0      0      0      0      0      0      0     67      0      0      0      0      0     99    350    191      0      0      0      0      0      0    174    182     95      0      0
   518      0      0     91    356      0      0      0      0      0      0      0    107    104      0      0      0      0      0    115    379    209     42     26      0      0      0    151     83    171     59     40
   384    487    154      0    393    383      0      0      0      0      0      0      0      0      0      0      0      0      0      0    170    312    140     77     94      0      0      0      0      0     41     40
     0    290    455      0      0    480    309      0      0      0      0      0      0      0      0      0      0      0      0      0      0    139    217     54     76    127     36      0      0      7      0      0
     0      0     78    111      0     76    374     82      0      0      0      0      0      0      0      0      0      0      0      0      0      0    173      0      0    216    405    322    119     36      0      0
     0      0      0     37      0      0    255    285      0      0      0      0      0     36      0     21      0      0      0     24      0      0     14      0      0     47    164    175     92      2      8      5
     0      0      0      0      0      0     23    346    153      0      0      0      0      6      0      0      0      0      0      0      0      0      0     75     24      0      0      0      0      0      0      0
     0      0      0      0      0      0      0     99    368     99      0      0     34      0     79    243    436     64      0      0      0      0      0      0     59     35      0      0      0      0      0      0
     0      0     24     84     64     51      0      0    222    442      0      0     57      0      0      0    203    438     59      0     59      0      0      0      0     47     58     25     37     39    110     35
     0      0      0      0     73     62     16      0      0    357    382      0      0     18      0      0      0    167    204    150    142     62      0      0      0      0     20     69     27      0    146    269
     0      0      0      0      0      0     20      0      0      0    557    215      0    125     66      0      0      0      0     14     26     72      0      0      0      0      0      0      0      0      0    159
     0      0     40      0      0      0    113      0      0      0    185    372     16     84    232    103      0      0     13      0      0     56      0      0      0     13      0      0      0      0      0      0
     0      0     61    143     63      0     74    153      0      0      0    225     54      0    121    196    138     92    113    109     65     78      0      0      0     72    199    139    169    131      0      0
     0      0      0     80    253     56      0    340    218      0      0     54    210     39      0      9      0      0      0     53     10     46     62      0      0      0    139    278    302    282     78      0
    10      0      0      0      0    159      0    123    443      0      0      0      0     31      0      0      0      6      0      0      0      0      0      0      0      0      0     52     75    144    189      1
     0      0      7      0      0     32      0      0    363    257      0      0      0      0      0      0      0      1     47     47    136     58      0      0      0      0      0      0     19     37     86    145
     0      0      0      0      0      0      0      0      0    516    103      9     34      0     20     79      0      0      0      0      0    142     65      0      0      0      0      0      4     57      0     67
    14      0      0      0      0      0      0      0      0    250    268      0     10     32     13      2      0      0      0      0      0      0     15      0      0      0      0      0      0     85      0      0
    34      0      0      0      0      0     32      0      0      0    210     58      7     69     97     51     25     30     58     71     13      0      0      0      0      0      0      0      0     75     80      0
     0      0      0      0      0      0      0     66      0      0     81     80      0      0     91    141    119     44      0      0    120    126     28      0      0      0      0      0      0      0     38     47
    54      0    100    158     28      0      0     82    106      0     13     20      0      0     11     94     89     97      0      0      0     82     98      0      0      2      0      0      0      2      0     36
    95      0     53    216    261     53      0      0      0      0     35      9     81      0      0     31     48     70     32      0      0      0     40     70      0      0      0      0      0     20      4     33
    40     48      1      0     47     14      0      0     27      0     45     85     72      0      0      0      0      0      0      0      0      0      0     49     92      0      0      0     45     18      0     18
     0     10     16      0      0     24      0      0     41      0      0     86    116     99      0      0      0      0      8     42      0      0      0      0     28     35      0      0      0      0      0    167
