     0      0      8      0     30      0      0      0      0      0      0      0     86     65      0      0      0      0      0    126      0      0      0      0      0      0    106     80     39      0      0      0
     0      0      0      0     59    107     30      0      0      0      0      0      0      5      0      0     91      0      0     10     84      0      0      0      0      0      0    128     49      0      0      0
     1      0      0      0      0     79     78      0     70    149     10      0      0     29      0      0    103      0      0      0     82      2      0      0      6      0      0    215    129     10      0      0
   152     95      0      0      0      0      0      0      0    136    145      0      0      7      1     42    129     26      0      0     32     54      0      0    137      0      0      0    193     48      0      0
    15    153    201     39     47      0      0      0      0      0     46     15      0      0      0      5    184     93      0     69     86     11      0      2    104      0      0      0     81    138      0      0
     0     82      0      0    184    157     37    211      0      0      0      0      0      0      0      0      0     54      0    130    247    121     10     37      0      0      0      0      0     97      0      0
     0    162      0      0    119    284      0     26    280     72      0      0      0      0      0      0      0      0      0      0    187    225    110    113     90      0      0      0      0      0      0      0
     0    317     15      0      0    426    151      0      0    222     25      0      0     21      0      0      0      0      0      0      0    105    138    150    221      6      0      0      0      0      0      0
     0    290    308      0      0    277    423     73      0      5    125      0      0      0      0      0      0    147      0      0      0      0     67    103    152    178      0      0      0      0      0      0
     0      0    539      0      0      0    424    382     55     32    167      0      0      0      0      0      0      0    206      0      0      0      0     54      0    111    221      0      0      0      0      0
     0      0      0    528      0      0      0    432    270    159    322     20      0     46      0      0      0      0     48    220      0      0      0      0      0      0    225    152     13      0      0      0
    69      0      0    213    341      0      0    101    300    104    238    188      0    126    134      4     51      0      0    256    266      0      0      0      0      0      0     44      1      0      0      0
     0     52      0      0    277      0      0      0    190    130    140    189      0      0      8      0    171    169      0     68    336    161      0      0      0      0      0      0      0      0      0      0
     0      0    104      0     91    227      0      0      0    147    160    134     66      0      0      0      0    239     19      0    125    180      0      0      0     25      0      0      0      0      0      0
     0      0     68      0     81    275    150      0      0      0    241    100     46      0      0      0      0    143    182      0     95    180      0      0      0      0     47     24      0      0      0      0
     0      0      0      0      0    132    362     15      0      0    185    262      1    222     70      0      0      0    185     84     97    252    250      0      0      0      0     36      0      0      0      0
     0      0      0      0      0      0    204    425      0      0      0    466      1     30    507    351      0      0      0     51      0    106    436    120      0      0      0      0      0      0      0      0
     0      0     76      0      0      0     33    419    353      0      0    117    247      0    164    549    392      0      0      0      0      0    279    236      0      0     27      0      0    101      0      0
     0      0      0     67      6      0      0    206    580    237      0      0    314      0      0    144    274    127      0      0      0      0     41    148      0      0    118    163      0    286    352      0
     0      0      0      0     80     85      0      0    460    688      0      0      0    141      0      0      0      0      0      5      0      0     18     71      0      0      0    100      0      6    456      0
     0      0      0      0      0    138      0      0     56    698    346      0      0    155      1      0      0      0      0      0      0      0      3     39      0      0      0      0      0      0     85      1
     0      0    177     54      0      0    200      0      0    442    626      0      0      0     26     14      0      0     46      0     44     85     15     41      0      0      0      0      0      0      0      0
     0      0     29    365      9      0    141     16      0      0    540    406      0      0      0     44     94      0      0      0      0    157    218    213      0      0      0      0      0      0      0      0
     0      0      0    213    368      0      0    463      0      0    166    234    180     41      0      0    154    116      0      0      0      0    162    381    216      0      0      0      0      0      0      0
     0     42      0      0    337      0      0    605    242      0      0    155     26    123     28      0      0    151    173    176     54      0      0    289    337      0      0      0      0      0      0      0
     0      2      0      0    187      0      0    248    789      0      0     52     61      0     11      0      0      0     14     57    186     88      0    119    188    160    122      0      0      0      0      0
     0      0     54      0    103    124      0      0    453    402      0      0     63      0      0      0      0     47     33      0      0      0     35    154     37     71    194      0      0      0      0      0
     0      0      0      0    126    285      0      0      0    327      0      0      0    171      0      0      0      0    186    169      0      0      0    162     86      0     42      0      0      0      0      0
     0      0      0      0      0    281    180      0      0     88      0      0      0    180    123      0      0      0      0    318    212      0      0      3    138     27      0      0      0      0      0      0
     0      0    158      0      0      0    105      0      0     84      0      0      0     19    177      0      0      0      0     32    243     65      0      0     21    177     49      0      0      0      0      0
     0      0      0      0      0      0      0      0      0      0      0      0      0      0      0      0      0      0      0      0      0      0      0      0      0      0      1      0      0      0      0      0
   331      0      0      0      0      0     33     23      0    167    165      0      0      0      0      0      0      0      0      0      0      6     12    120      0      0    317    352      0      0      0      0
