     0     52      0      0      0      2     21     33     55     59     41      0     43     42      0      2     98     37     16      0      0      0      0      0      9      0     21      0     28      7     14      0
     0    191     94     18      8     46     81    116    136    140    112     58     91     80     21     52    167     98     13      0      0     77     69     89    126     18      7     44     93     46     67     17
     0     96      6      0      0      0      0      0      0     12      0      0     31     39      0      0     75      0      0      0      0      0     19     28     77      0      0     48     64      1     32      0
    19     29      0      0      0      0      0      0      0      0      0      0     27     32      0      0     46      0      0      0      0     13     59     49     98      0     23     54     84     10     37      0
    50     68      0      0      0      0      0      0      0      0      0      8     54     78     21     27     79     18      0      0      0     67     95     76    101      2     36     35     68     29     45      0
     1    107      0      0      0      0      0      0      0      0      0     31    110    123     91    102    136     94      0      0     28    112    108     81     97      9     15     16     48     63     80      0
     0    146      9      0      0      0      0     12      0      0      0     13     82    171    240    284    262    197     50     54    103    119     90     65     78      0      0      1     76    128    113      0
     0    246     79      0      0     16     32     23     22     15     76     47    151    269    280    270    242    193    122    119    117     92     70     53     60      0      0      0    156    148     99     96
     0    381    145      0     11      7     23     14     18     87    206    152    249    227    127     76     85     95    139    127     95     79     51     52     54      0      0      4    190    118    263    266
     0    420    123     23     93      0      4     30     63    153    242    174    216     81     26     54     69    134    171     88     58     47      6     68     52      0     45     48    181    179    396    248
     0    378     90    115     44      0      0     68    132    163    228    235    165     46     31     40     71    140    131     53      0      0      0     76     63     93    146    138    221    272    312    137
    24    322     91     80      2      0      0     41    134    143    291    324    199    140    147     89    104    133     94     50      0      0      0     78     83    163    203    232    276    262    189    122
    28    277     84     25     52      1      0      0     69    139    295    281    176    151    188     79    135    177    122     65     19      0      0    116    185    281    252    240    220    188    158    126
     4    264    107     69     82     18      0      0     18    119    209    186    112    132    118     27    153    210    150     54     43      0     15    179    250    267    172    146    101    136    154    136
     0    233    120     90     86     40      0      0      0     70    132    126     84    113     61    155    237    195    180     46     29     12     83    182    220    159     98     94     74    137    162    144
     0    218    105     87     90     38      0      6     10     43     86    138     87     18     53    179    146     77    146     38     36      0     79     84    130     90     86     95     88    150    174    141
     0    211     91     79     64     46     17     62     22     96     49    183     99      0    159    153      0      0     48     36     67      0     25      1     73     61     85    115    133    180    219    137
     0    206     78     58     49     72     45     74     55     99      9    150    138     62    178    158     33      0      0     54     47      0      1      0     69     61     78    119    108     95    163     43
     0    180     56     57     48     75     71     81    107     91      1     49    157    105    111    141     35      0     13     91      2      0      0      1     81     59     96    136     46      0    128      0
     0    172     66     47     25    106    131     77     98    102      0     33    124    118     76     59      0     29    100     82      0      0      0     15     83     85    153    171     56     43    213     32
     0    188     49     22     56    152    148     40      0     49      0     20     64    106     25      0      3     59     39     26      0      0      0     31     92    100    133    123     91    114    277    105
     0    201     43     47     94     88     88     47      0      0      0      0      0     16      0      0      2      0      0      0      0      0      0     20     81     92    150    140    142    144    266     98
     0    185     41     82     78      4     42     85      0      0     19      0      0      0      0      0      0      0      0      0      0      0      0      1     39     25    113    128    115    124    250     65
     0    175     42     65     85      0      0     31      0      0     55      9      0      0      0      0      0      0      0      0      0      0      0      0     22      0     67     78     83    140    224     48
     0    197     58     31     80      0      0     27     27      0      5      8      0      0      0      0      0      5      0      0      0      0      0      0      5      0     12     11    103    156    184     73
     0    221     73     48     91      0      0     72    124      0      0      0      0      0     14     46     20     32      8      0      0      0      0      0      0      0     29     14    161    162    177     98
     0    201     84     97    100      0      0    117    172     64      0      0      0      0     48     52     48     46      2      0      0      0      0      0      0      0    134     69    230    168    189     96
     0    201    130    113     52      0     44     92    140    124      0      0      0      2     64     66     89     61      0      0      0      0      0     14      0      0    187    100    250    169    197     90
     0    230    112     64     20     32     75    124    131     74      0      0      0     41    105     92    109     56      0      0     17      0      0     37     12     67    189    116    227    153    191     97
     0    257     98     71     39     28     57    117     91     56      0      0      0     72    107     92     87     33      0     14     43      0      0     67     59    115    170    113    180    151    185    106
     0    242    138    119     72      0     83    148    115    116     46    123    196    184    161    116     46     11      0     38     54      4     57    125    117    151    171    131    193    252    300    202
     0      0      0      0      0      0      7     24      0      0      0      0      0      0      0      0      0      0      0      0     10     16     14     11      0      0      0      0      0      0      0      0
