   313    122      0      0      2     69    125     98     18      0      0      0      0      0     36     25     74     39      0    209    286      0      0      0      0      0     38     37      0      0      0      0
    66      0      0      0     75     74     71     26      0      0      0      0      0      0      0      4      0      0    160    240      0      0      0      0      0    127    157      0      0      0      0      0
     0      0      0    191    147    107    101     45      0      4      0      0      0      4     47     44     16     75    226      0      0      0      0      0     67    207     13      0      0     13      0     21
     0     42    167     14      0      0      0      0      0      3      0      0      0      0      0      0      0     68     43      0      0      0      6     34    148     94      0      0      0      0      0     17
   104    224    153     23      0      0      0      0      0      0      0      0      0      0      0    153    217    190    123      0      0      0      0     34    104      0      0      0      0      9      0     31
   186    165     80     30     35      0      0      0      0      0      0      0      0    285    452    454    320    202    109      0      0      0      0     26      4      0      0      0      0      0      0     83
   196     64      0     49    128      0      0      0      0      0      0    186    612    619    385    142      0      0      0      0      0      0      0     15      0      0      5      0      0      0     94    371
   196      0      0    286    152      0      0      0      1      8    122    575    571      0      0      0      0      0      0      0      0      0     13     42     97    161     40      0      0    342    599    282
   269     72    306    296      0      0      0      0      0      8    388    545      0      0      0      0      0      0      0      0      0      0     53    104    239    241      0      0    218    793    191      0
   129     59    277      0      0      0     24      0      0    201    378      0      0      0      0      0      0      0      0      0      0      0     36     89    143      0      0     76    644    364      0      0
     0      0      0      0      0      0      0      0    109    230      0      0      0      0      0      0      0      0      0      0      0      0     46    104    153    138    334    696    533      0      0      0
     0      0      0      0      5      0      0     27    131      0      0      0    211    135      0      0      0     47    175     97     49      0     14    200    380    412    471    342      0      0      0      0
     0      0      0     11      0      0     17     57      0      0      0    161    162     29     55    301    252     52     28      0     14      0    133    433    477    228     15      0      0      0      0      0
     0     94     57      0      0     66      0      0      0      0     68    163    100      0    248    285      0      0      0      0     34    184    385    439    213      0      0      0     22      5      0      0
    20     53      0      0      0     34     23      0      0     51     78     20      0    181    532      0      0      0      0     61    181    295    179      0      0      0      0     71    103      0      0      0
    51    102     22      0     38    115     77      0     21      0      0      0     58    346      0      0      0      0     94    160    102     39      0      0      0      0    150    172     69      0      0      0
    98      0      0      0     43      0      0      0      0      0      0      0    183      0      0      0    179    125    105     10      0     53     42      0      0    145    155      0      0      0      0      0
     0      0      0     44      0      0      0      0      0      0      0    152     91      0      0    278    174     79      0      0      0    126      9     32    140    140      0      0      0      0      0      0
     0     51     13      0     21     15      0      0      0      0      0     72      0      0      0    108    255    161      0      0    262     87      0    126    142      0      0      0      0      2      0     85
    40     15      0    181    196      0      0      0      0    148     47      0      0      0     40    239    149      0      0    260    174      0     39     96     76      3      0    258    394    158      0     32
    28     47    185    163      0      0     59    114    227    241     56      0      0      0     66      0      0      0    104    164      0      0     95     76     84     52     44    172     12      0      0      0
    91    101     68      0      0     11    192      0      0      0      0      0      0      0      0      0      0    282    214      0      0     23      0      0      0      0      0      0      0      0      0     12
     0      0      0      0      0     34      0      0      0      0      0      5     28     11      6     60    220     33      0      0     32      0      0      0      9      0      0      0      0      0      0     36
     0      0      0      0      0      0      0      0      0      0     29    130    107     98     34      0      0      0      0      0      0      0      0     36      0      0      0      0     52      0      0      0
   124      0      0      0      0      0      0      0      0      0      0      0     55      0      0      0      0      0     87      0      0      0      0      0      0      0      0    284     73      0      0      0
    20      0      0      0      0      0      0      0      0      0    102    158      0      0      0     56    150    111     80     55     65    101     11      0      0      0    335    323      5      0      0      0
     0      0      0      0     86    120      0     79    349    258    204      0      0      0     76    218      3      0      0     31     28      7      0      0      0    201    346    281     58      0      0      0
    86    121      0    194    358    128      3    261     91      0      0      0    117    127    166     15      0      0     29      0      0      0      0      0    100    188    291    238     30      0      0      0
   140     38     65    225     21      0      0      0      0      0     77    378    248      0     11      0      0      0     15      0      0      0      0     71    165    220    230     78      0      0      0      0
    57     18     62      0      0      0     81    130    226    208    385    398      0      0      0      0      0      0      0      0     66     64     38    111    195    247    103      0     14      0      0      0
   103      0      0      0      0     13    115    103     23    134    238      0      0      0      0      0      0      0      0      0     66      0      0     69    119     35      0      0      0      0      0      0
     0      0      0      0      0      0      0      0      0      0      0      0      0      0      0      0      0      0      0      0      0      0      0      0      0      0      0      0      0      0      0      0
