    51      0      0      0      0      0      0      0      0      0      0      0      0      0      0      0      0      0      0      0      0      0      0      0      0      0      0      0      0      0      0      0
    59      0      0      0      0      0      0      0      0      0      0      0      0      0      0      0      0      0      0      0      0      0      0      0      0      0      0      0      0      0      0      0
    56      0      0      0      0      0      0      0      0      0      0      0      0      0      0      0      0      0      0     28     56      0      0      0      0     58      0      0      0      0      0      0
     0      0      0      0      0      0      0      0      0      0      0      0      0      0      0      0      0      0      0     33      0      0      0      0      0     82      3      0      0      0      0      0
     0      0      0      0      0      0      1     42     62      0      0      0      0      0     15      0      0      0      0      0      0      0      0      0      0     93     45      0      0      0      0      0
     0      0      0      0      0      0      0      0     49     54      1      0      0      0      0      0      0      0     14      0      0      0      0      0      0     78     56      0      0      0      0      0
    23      0      0      0      0      0      0      0      0      0      0      0      0      0      0      0      0      0      0      0      0      0      0      0      0     54     39      0      0      0     52      0
   178      0      0     85      0      0      0      0      0      0      0      0      0      0      0      0      0      0      0      0      0      0      0      0      0     33     49      0      0      0     89      0
   335      0      0    115      0      0      0      0      0      0      0      0      0      0      0      0      0      0      0      0      0      0      0      0      0     32     61      0      0      0      0      0
   345      0      0     17      0      0      0      0      0      0      0      0      0      0      0     29      0      0      0      0      0      0      0      0      0     48     13      0      0      0      0      0
   213      0      0      0      0      0      0      0      0      0      0      0      0      0      0      0      0      0      0      0      0      0      0      0     40      0      0      0      0      0    113      0
    61      0      0      0      0     43      0      0      0      0      0      0      0      0      0      0      0      0      0      0      0      0      0      0      0      0      0      0      0      0    245      0
     0      0      0      0      0      0     24      0      0      0      0      0      0      0      0      0      0      0      0      0      0      0      0      0      0      0      0      0      0      0    253      0
     0      0      0      0      0      0      1      0      0      0      0      0      0      0      0      0      0      0      0      0      0      0      0      0      0      0      0      0      0      0    243      0
     9      0      0      0      0      0      0     11      8      0      0      0      0      0      0      0      0      0      0      0      0      0      0      0      0      0      0      0      0      0    234      0
    31      0      0      0      0      0      0      0     42      0      0      0      0      0      0      0      0      0      0      0      0      0      0      0      0      0      0      0      0      0    231      0
    58      0      0      0      0      0      0      0     14      0      0      0      0      0      0      0      0      0      0      0      0      0      0      0      0      0      0      0      0      0    215      0
    74      0      0      0      0      0      0      0      0      0      0      0      0      0      0      0      0      0      0      0      0      0      0      0      0      0      0      0      0      0    215      0
    76      0      0      0      0      0      0      0      0      0      0      0      0      0      0      0      0      0      0      0      0      0      0      0      0      0      0      0      0      0    113      0
    63      0      0      0      0      0      0      0      0      0      0      0      0      0      0      0      0      0      0      0      0      0      0      0      0      0      0      0      0      0      0      0
    57      0      0      0      0      0      0      0      0      0      0      0      0      0      0      0      0      0      0      0      0      0      0      0      0      0      0      0      0      0      0      0
    56      0      0      0      0      0      0      0      0      0      0     19      0      0      0      0      0      0      0      0      0      0      0      0      0      0      0      0      0      0      0      0
    42      0      0      0      0      0      0      0     18      0      0      0      0      0      0      0      0      0      0      0      0      0      0      0      0      0      0      0      0      0      0      0
    25      0      0      0      0      0      0      0     39      7      0      0      0      0     10      0      8     15      0     33     20      0      0      0      0      0      0      0      0      0      0      0
    39      0      0      0      0      0      0      0      0     43      0      0      0     17     40      0      0      0      0      0      1      0      0      0      0      0      0      0      0      0     85      0
    71      0      0      0      0      0      0      0      0      0      0      0      0     15      0      0      0      0      0      0      0      0      0      0      0      0      0      0      0      0    141      0
    84      0      0      0      0      0      0      0      0      0      0      0      4      0      0      0      0      0      0     12      0     27      0      0      0      0      0      0      0      0    164      0
    97      0      0      0      0      0      0      0      0      0     35      0     40      0      0      0      0      0      0     15     10     85      0      0      0      0      0      0      0      0    182      0
   131      0      0      0      0      0      0      0      0      0     54      9     43      0      0      0      0      0      0      0      0     46      0      0      0      0      0      0      0      0    200      0
   155      0      0      0      0      0      0      0      0      0      0      0      0      0      0      0      0      0      0      0      0      0      0      0      0      0      0      0      0      0    220      0
   127      0      0      0      0      0      0      0      0      0     53    109      0      0      0      0      0      0      0      0      0      0      0      0      0      0      0      0      0      0    255      0
    29      0      0      0      0      0      0      0      0      0      0      0      0      0      0      0      0      0      0      0      0      0      0      0      0      0      0      0      0      0    110      0
