     0      0      0      0      0      0      0      0      0      0      0      0      0      0      0      0
     0      0      0      0      0      0      0      0      0      0      0      0      0      0      0      0
     0      0      0      0      0      0      0    636      0      0      0      0      0      0      0      0
     0      0      0      0      0      0      0      0      0      0      0      0      0      0      0      0
     0      0      0      0      0      0      0      0      0      0      0      0      0      0      0     94
   587    373      0      0      0    835      0      0      0      0      0      0    752   1766      0    240
   679     51      0      0      0      0      0      0      0      0      0    486    965    969      0      0
   260      0      0      0      0      0      0      0      0      0      0      0      0      0      0      0
     0      0      0      0      0      0      0      0      0      0      0      0      0      0      0      0
     0      0      0      0      0      0    205    507      0     82      0      0      0      0      0     47
     0      0      0      0      0    134    881    710    713    381      0      0      0      0      0      0
     0      0      0      0      0      0    593    263     78      0      0      0      0      0      0      0
     0      0      0      0      0    124      0      0      0      0      0      0      0      0      0      0
     0      0     99    181    717      0      0      0      0      0      0      0      0    641      0      0
    54    291    842    442    237      0      0      0      0      0      0      0    194    842      0      0
   572    281    426    515   1064    956    648    384      9    331    857    792    946   1123    425    486
