    31     63    253    142      0      0     74      2      0      0    121    222    279    416    278    324
     0      0      0      0    121      0      3    464      0      0      0      0      0      0    110    386
     0    341    538    433     11      0      0      0      0      0    203    476      0      0      0   1059
   233     84   1655    949    198      0      0      0      0      0      0    455      0      0      0    472
     0      0    568   1023      0      0      0      0      0      0      0      0      0      0      0      0
     0      0      0      0      0      0      0      0      0    286      0      0      0      0      0      0
     0      0      0      0    123    389     25      0    319    653    308      0      0      0      0      0
     0      0    516      0     20    427     32      0      0    322     95      0      0      0      0      0
     0      0    562    921     63    365      0      0      0      0      6      0      0      0      0      0
     0      0    533   1145   1084      0      0      0     90    239      0      0      0      0      0      0
     0      0   1067    585   1286      0      0      0      0     97     73      0      0      0      0      0
     0      0   1706   1731    671    327      0      0    150    484     71      0      0      0      0      0
     0      0   1472   1959      0    159      0     28    368    549    112      0      0      0      0      0
     0      0    386    757      0      0     44      0    443    810    221    266      0      0      0      0
     0      0      0      0      0      0      0      0      1    486      0      0      0      0      0      0
     0      0      0      0      0      0      0      0      0      0      0      0      0      0      0      0
