     0      0      0      0      0      0      0      0      0      0      0      0      0      0      0      0
     0      0      0      0      0      0      0      0      0      0      0      0      0      0      0      0
     0      0      0      0      0      0      0      0      0      0      0      0      0      0      0      0
     0      0      0      0      0      0      0      0      0      0      0      0      0      0      0      0
     0      0      0      0      0      0      0    221    182      0      0      0      0      0      0      0
   502    100      0      0      0      0    379    598    319      0      0      0      0      0      0      0
   746    871      0      0      0      0      0      0      0      0      0      0      0      0      0      0
   334    692      0      0      0      0      0      0      0      0      0      0      0      0      0      0
   134    534      0      0      0      0      0      0      0      0      0      0      0      0    681    435
     0      0      0      0      0      0      0      0      0      0      0      0      0      0      0      0
     0      0      0      0      0      0      0      0      0      0      0      0      0      0      0      0
     0      0      0      0      0      0      0    249     39      0      0      0      0      0      0      0
     0      0      0      0      0      0      0      0      0      0      0      0      0      0      0      0
     0      0      0      0      0      0      0      0      0      0      0      0      0      0      0      0
     0      0      0      0      0      0      0      0      0      0      0      0      0      0      0      0
   357    742    246      0      0     42    642     48    230    404    274     66      0     52    883   1008
