     0      0      0      0      0      0     69      0      0    146      0      0      0    378    217      0
   184    387      0      0      0      0      0      0      0      0    515     32     80    819    310      0
     0   1101   1158    238      0      0      0      0      0      0    934      0      0    606      0      0
     0     13   1575    993      0      0      0      0      0      0    353      0      0      0      0      0
     0      0    536    324      0      0      0      0      0     27    498      0      0      0      0     75
     0      0    669    408      0    272   1067   1338   1632   1688    892     91      0      0      0    854
   506    893    846    463      0    563    515     60   1132    895    256    214      0      0      0    723
     0    222    487    545    582      0      0      0    530      0      0      0    325      0      0    184
     0      0      0    614   1223    662      0    752    313      0      0      0     92      0      0    206
     0      0      0      2    513    248      0      0      0      0      0      0      0    847      0    580
     0      0    349    381    287      0    318      0      0      0      0      0      0    635      0    504
     0    185   1202   1054    575    527      0      0      0      0      0      0      0   1240    673    757
     0      0    946   1526   1407   1119      0      0      0    196      0      0      0   1399   1140   1097
     0      0      0      0    350   1154     77      0    416    248      0    135      0    224   1194   1321
     0      0      0      0      0      0      0      0      0      0      0      0      0      0      0      0
     0      0      0      0      0      0      0      0      0      0      0      0      0      0      0      0
