   417      0      0      0     91    293    220      0      0      0     51      0    275     30      0    146
     0      0      0      0      0      0      0      0      0      0      0      0      0      0      0      0
     0      0      0      0      0      0      0      0      0   1161      0      0    430    498      0      0
     0      0      0      0      0      0      0      0      9    986      0      0    172    161      0   1006
   412    620      0      0      0     54      0      0      0      0      0      0      0      0      0   2467
     0      0    298      0      0    271      0    235      0      0    117      0      0      0   1291   2290
     0      0      0      7      0      0      0      0      0      0      0      0      0    493    977   2086
     0      0      0      0      0      0      0      0      0      0      0      0      0      0      0   1595
   395      0      0      0      0      0      0      0    120    286      0      0    449    313      0   1421
   138      0      0      0      0      0      0      0      0      0      0      0      0      0      0   1048
    32      0      0      0      0      0      0      0      0     33      0      0      0      0      0    178
   135      0      0      0      0      0      0      0      0      0      0      0      0      0      0    543
   393      0      0      0      0      0      0      0      0      0      0      0      0    681    339   1264
   724      0      0      0      0    435      0      0      0      0      0      0      0   1045    987   1746
   129      0    271      0      0    358    247      0      0      0      0      0      0   1433   1008   1697
     2      0      0      0    326   1343   1180    299      0      0    181    336    742   1332   1557   1825
