     0      0      0      0      0      0      0      0      0      0      0      0      0      0      0      0
     0      0      0      0      0      0      0      0      0      0      0      0      0      0      0      0
     0      0      0      0      0      0    200    144     50     86      0     71      0      0      0      0
     0      0      0      0      0      0      0     21    157    454    686    571      0      0      0      0
     0      0     30    261    833     84      0      0      0    492    838   1019    279     57      0      0
     0      0    312    367    512      0      0      0      0     84    331    641    487    434      0      0
     0      0      0    237      0      0      0      0      0      0    726    583    356    129      0      0
     0      0      0    348      0      0    374      0      0    593   1226   1099    518    461      0      0
     0      0      0    357      0      0      8      0      0      0    895    830    535     69      0      0
     0      0      0    109      0      0      0     39      0      0    286    562    308      0      0      0
     0      0      0      0      0      0      0    233      0      0    268    414     41      0      0      0
     0      0      0      0      0      0      0      0      0      0    167    516      0      0      0      0
     0      0      0      0      0      0      0      0      0      0      0      0      0      0      0      0
     0      0      0      0      0      0      0      0      0    294      0      0      0      0      0      0
     0      0      0      0      0      0      0      0      0      0      0      0      0      0      0      0
     0      0      0      0      0      0      0      0      0      0      0      0      0      0      0      0
