   693    745    517    703    809   1076   1199   1164    861    631    541    914    900   1299   1523    902
   184    349    269    134     16    326    331      0      0      0      0    500    238    500   1042    764
     0      0      0      0      0      0      0      0      0      0      0    346      0      0    248      0
   919    532      0    447      0      0      0    198      0      0      0     77      0      0      0    327
   737      0      0     32      0      0      0      0      0      0      0      0      0      0      0    232
     0      0      0      0      0      0      0      0      0      0      0      0      0      0      0      0
     0      0      0      0      0     53      0      0      0    356      0      0      0      0      0      0
   533    261      0      0      0    438      0      0      0    532      0      0      0      0      0    151
   622    222      0      0      0    426    160      0      0      0      0      0      0      0      0      0
   609     86      0      0      0      0      0      0      0      0      0      0      0      0      0     95
   349    160      0    141      0      0      0      0      0      0      0      0    132      0      0    595
     0      0      0      0     57      0      0      0      0      0      0      0      0      0      0    942
     0      0      0      0      0      0     55      0      0      0    196      0      0      0      0    565
     3      0      0      0      0      0      0    132     87    248    604      0      0      0      0    481
   172    172      0      0      0      0      0      0      0    135    237    386      0      0     27    364
    90      0      0      0      0      0      0      0      0      0      0     36      0      0      0    124
