     0      0      0      0      0      0      0      0      0      0      0      0      0      0      0      0
     0      0      0      0      0      0      0      0      0      0      0      0      0      0      0      0
     0      0      0      0      0      0      0      0      0      0      0      0      0      0      0      0
     0      0      0      0      0      0      0      0      0      0      0      0      0      0      0      0
     0      0      0      0      0      0      0      0      0      0      0      0      0      0      0      0
     0      0      0      0      0      0      0      0      0      0      0      0      0      0      0      0
     0      0      0      0      0      0      0      0      0      0      0      0      0      0      0      0
     0      0      0      0      0      0      0      0      0      0      0      0      0    415      0      2
   313      0      0      0      0      0      0      0      0      0      0      0      0      1      0      0
   366      0      0      0      0      0      0      0      0      0      0      0      0      0      0      0
    57      0      0      0      0      0      0      0      0      0      0      0      0      0      0      0
    12      0      0      0      0      0      0      0      0      0      0      0      0      0      0      0
     8      0      0      0      0      0      0      0      0      0      0      0      0      0      0      0
    65      0      0      0      0      0      0      0      0      0      0      0      0      0      0      0
     0      0      0      0      0      0      0      0      0      0      0      0      0      0      0     62
     0      0      0      0      0      0      0      0      0      0      0      0      0      0      0      0
