     0    345      0     94    280    300    134    146      0      0    175    148      0      0     89    249
     0      0      0     39      0      0      0      0      0      0      0      0      0      0      0      0
     0      0      0    267    107      0      0      0      0      0      0      0      0      0      0      0
     0      0      0      0      0      0      0    875    725      0      0      0      0      0      0      0
   394    413      0      0      0      0      0    171      0      0      0      0      0      0      0      0
  1141   1313      0      0      0      0      0      0      0      0      0      0      0      0    435    241
   819    693    174      0      0      0      0      0      0      0      0      0      0    183    819     46
   227    285    180      0      0      0      0      0      0      0      0      0      0    148    584      0
   438    451    263      0      0      0      0    160      0      0      0      0      0      0    498      0
   459    197     38      0      0      0    281    705    423     10      0      0      0      0      0      0
   383    262      0      0      0      0      0    621    480    277    248      0      0      0      0      0
   505    348      0      0      0    233    363    378    116    410    292      0      0      0      0      0
   355     34      0      0      0      0    402    151      0    274    324      0      0      0      0      0
   323    123     73     99    374      0    294     45      0      0    426      0      0      0      0     79
   591   1077    674    359    106     74    291    281    310    354    487      0      0      0    102    472
   164    664    251    246      0    437    217    188    135    227    380     42      0      0     55    160
