     0      0      0      0      0      0      0      0    138      0      0      0      0      0      0      0
   442      0      0      0      0      0      0    359    421      0      0    456      0      0      0      0
   640      0      0      0      0      0    108     61      0      0      0     26      0      0      0    109
   128      0      0      0      0    551    329      0      0      0      0      0      0      0    741    213
     0      0      0      0      0      0      0      0      0      0      0      0      0    851    542      1
     0      0      0      0      0    586    134     30     77      0      0      0    272    271      0      0
   105      0      0      0      0    542    780    952      0      0      0      0      0      0    209      0
     0    433      0      0      0      0     26      0      0      0      0      0    227    581    284      0
     0    200      0      0      0      0      0      9      0      0      0      0      0    151      0      0
   172    578      0    148      0      0      0      0      0      0      0      0    688    867      0      0
   187    402      0      0      0      0      0      0    417      0    116      0    350      0      0      0
    90    762     87      0      0      0      0     80    419      0      0      0      0      0      0      0
     0    496      0      0      0      0      0    200    454      0      0      0    364      0      0      0
     0    613      0      0      0      0      0     46    118      0      0      0    549      0      0      0
     0      0      0      0      0      0      0      0      0      0      0      0      0      0      0      0
     0      0      0      0      0      0      0      0      0      0      0      0      0      0      0      0
