   378      0      0      0      0      0      0      0      0      0    380    514    389      0      0      0
     0      0      0      0      0      0      0      0      0      0      0      0      0      0      0      0
     0      0      0      0    309      0      0      0      0    291      0      0      0      0      0      0
   342      0      0      0    322    183      0    518   1104    962      0      0      0      0      0      0
   486      0      0      0      0      0    113    429    278      0     28      0      0      0      0      0
     0      0      0      0      0      0      0     87      0      0      0      0      0      0      0    493
     0      0      0      0      0      0      0      0      0      0      0      0      0    395    886    685
     0      0      0      0      0      0      0      0      0      0      0      0    273    262    351    673
     0      0      0      0      0      0      0      0      0      0      0      0    108    298    538    685
     0      0      0      0      0      0      0      0      0      0      0      0      0      0      0      0
     0      0      0      0      0      0      0      0      0      0      0      0      0      0      0      0
     0      0      0      0      0      0      0      0      0      0      0      0      0      0      0      0
     0      0      0      0      0      0      0      0      0      0      0      0      0      0      0      0
     0      0      0      0      0      0      0      0      0      0      0      0      0      0      0      0
     0      0      0      0      0      0      0      0      0      0      0      0      0      0      0    199
     0      0      0      0      0      0      0      0      0      0      0      0      0      0    323      0
