   741    440    625    496    610    406    242     29    653   1223   1148    925   1429   1291    348     93
   870   1136   1107   1003   1023    535    393    691   1256   1120    660    532   1252   1067     24     84
   272    272    614    397    535    347    845   1288   1019    688      0      0    328    186      0    504
   158    268   1149      0      0    858   1322    667    602   1100      0      0      0     38     34   1452
     0      0    531      0      0    949    922    968   1101   1379     74      0      9      0    661    480
     0      0      0      0      0      0    566   1055   1174    768    168      0     83    116      0      0
     0      0      0      0      0      0      0   1352   1215      0      0      0      0      0      0      0
     0      0      0    123     80      0      0   1681   1125      0      0      0      0      0      0      0
     0      0      0    226    700      0      0    343    292      0      0      0      0    195    389    263
     0     26    345    194    579      0      0      0      0      0      0      0      0    217    384      0
     0     73    115    382      0      0      0      0      0      0      0      0      0    145     85      0
     0      0     64    552     68      0      0      0      0      0      0     28      0    713   1081      0
    93     36    582    415    309      0      0      0    227      0      0      0      0    551    493      0
     0    154    109      0      0      0      0    143    397      0      0      0      0      0      0      0
     0      0      0      0      0      0      0      0      0      0      0      0      0      0      0      0
     0      0      0      0      0      0      0      0      0      0      0      0      0      0      0      0
