     0      0      0     93    119      0      0      0      0      0      0      0      0      0      0      0
     0      0      0    235    356    137      0    659   1221      0      0      0      0      0      0      0
     0      0      0    363      0     22      0    302    743      0      0      0      0      0      0      0
     0    220      0    325      0      0      0      0      0      0     70    134      0      0      0      0
     0   1249      0    879    211      0      0      0      0      0      0    348      0      0      0      0
     0    994    499    966    405      0      0      0      0      0      0    122     22      0      0      0
     0   1099   1341   1185    956      0      0      0      0      0     25      0      0      0      0      0
     0    469    554    803   1023      0      0      0      0      0      0      0      0      0      0      0
     0    325    650    829   1262    604      0      0      0      0      0      0      0      0      0      0
     0      0      0    988   1520    375      0      0      0      0      0      0      0      0      0      0
     0      0      0    328    993    711     23      0      0      0      0      0      0      0      0      0
     0    404      0      0    360    605      9      0      0      0      0    541      0      0      0      0
     0    228      0      0    349      0      0      0      0      0      0      0      0      0      0      0
     0   1254      0      0      0      0      0      0      0      0      0      0     63      0      0      0
     0    216      0      0      0      0      0      0      0      0      0      0      0      0      0      0
     0      0      0      0      0      0      0      0     81      2      9      0      0      0      0      0
