   259    867    793    380    395    497    833    540    452    508    701    608    288    887    805    427
     0    163    396     54      0      0    639    722    323    174    399      0      0    696    744    231
     0      0     63    103     16    742   1033    550      0      0    348    195      0    850    976    789
   163      0    409    398      0     88    504      0      0      0    367    374    114   1037   1053    898
     7     14    738   1019    490      0      0      0      0      0      0    853    752   1198    428    689
     0      0      0    922    589    508      0      0      0      0      0    641   1250    302      0    584
     0      0      0    273    921    231      0      0      0      0      0    181    160      0      0    374
     0      0      0      0    224   1019      0      0    531    867    244    457    207      0      0    150
     0      0      0      0      0    838    769    125      0    649    456    151      0      0      0    199
     0      0      0      0      0    173   1024      0      0      0      0      0      0      0      0      0
     0      0      0      0      0      0    419     51     29      0      0      0      0      0      0      0
     0      0      0      0     21    701      0      0      0      0      0      0      0      0      0    302
     0      0      0      0      0    311     37      0      0      0      0      0      0      0      0    384
     0      0      0      0      0      0    488      0      0      0      0      0      0      0      0    306
    56      0      0      0      0      0      0      0      0      0      0      0      0      0      0      0
    21     98      0    135     61    183    155     72      0     43    181      0      0      0     25      0
