     0      0      0      0      0      0      0      0      0      0     10    156      0      0      0      0
     0      0      0      0      0      0      0      0      0      0    762    326      0      0     45      0
     0    148    676    535      0      0      0      0      0      0    604      0      0      0      0      0
     0      0     46    621      0      0      0    698    671     32     81      0      0      0      0      0
     0      0    151     80      0      0    385   1035    365    555      0      0      0      0      0    347
     0   1148    990      0      0      0    396      0      0   1039    268      0      0      0    629   1379
   221   1075   1261      0      0    332      0      0      0    421    104      0    488    664   1190    189
     0     81    557    674      0      0      0      0    189      0      0    507   1199   1251    509      0
     0      0      0    763    178      0      0    802    719      0      0    337      0      0      0      0
     0      0      0      0    320    195    556      0      0     44    396     69      0      0    402      0
     0      0    300      0      0    287      0      0      0    386    110      0    269    668    905      0
     0    239    800    946      0     30      0      0      0    235      0      0      0    767   1489      0
     0      0      0    352      0      0      0      0      0      0      0      0      0    373   1411    172
     0      0      0      0    280    120      0      0     12     52      0      0      0    223   1445      0
     0      0      0      0      0      0      0      0      0      0      0      0      0      0      0      0
     0    394    219      0      0      4    232     92      0      0      0      0      0    138    133      0
