    45      0      0      0      0    381      0      0      0      0      0      0      0      0      0      0
     0      0      0      0      0    826      0      0      0      0      0      0      0      0      0      0
   407      0      0    445    649    546      0      0      0      0      0      0      0      0      0      0
   987      0      0      0    660     48      0      0      0      0      0      0      0      0      0      0
   748      0      0      0      0      0      0      0      0      0      0      0      0      0      0      0
   330      0      0      0      0      0      0      0      0      0      0      0      0      0      0      0
   113      0      0      0      0      0      0      0      0      0      0      0      0      0      0      0
     0      0      0      0      0      0      0      0      0      0      0      0      0      0    341      0
   273      0      0      0      0      0      0      0      0      0      0      0      0      0      0      0
   462      0      0      0      0      0      0      0      0      0      0      0      0      0      0      0
   288      0      0      0      0      0      0      0      0      0      0      0      0      0      0      0
   358      0      0      0      0      0      0      0      0      0      0      0      0      0      0      0
   442      0      0      0      0      0      0    246      0      0     40      0      0      0      0      0
   679      0      0      0      0      0      0      0      0      0      0      0      0      0      0      0
   665      0      0      0      0      0      0      0      0      0      0      0      0      0      0      0
   386      0      0      0      0      0      0      0      0      0      0      0      0      0      0      0
