     0    213    123      0     13    137    160    186    130      0      0    103    327    415    240    354
     0     48      0      0      0      0      0    304      0      0      0      0      0    150      0    246
     0     27      0      0    198      0      0     93      0      0    151    332      0    164     23    704
     0   1129    694      0      0      0      0      0      0    543    236     32      0      0      0    910
     0    747    650    269      0      0      0      0      0    134    790    195      0      0      0    628
     0     72    262      0      0      0     63      0      0    492    465      0      0      0      0    186
     0      0      0      0      0    459    782    488    970   1565    290      0      0      0      0      0
     0      0    114      0      0    494      0    289   1566   1303    135      0      0      0      0      0
     0     26    520      0      0    210      0      6    950    826    876      0      0      0      0    234
     0      0    212    156    296     80     30    517    285    642    839      0      0      0      0      0
     0      0    371    801    110      0      0      0    366    461      0      0      0      0      0      0
     0      0     65    456    414      0      0      0    146    282      8      0      0      0      0      0
     0    292    951    509     51      0      0      0      0      0      0      0      0      0      0      0
     0    343   1244   1008      0      0      0    206    159      0    233    322      0      0      0      0
     0    232    558    483      0      0      0      0     51      0     73    296      0      0      0      0
     0      0     43      0      0      0      0      0     41    229     50      0      0      0      0      0
