     0     19      0      0      0    266    327      0      0      0      0      0    342    476    217      0
     0      0      0      0    394    855    310      0      0      0      0      0      0    615    727      0
     0      0      0      0      0    539      0      0      0    501    244      0    164      0    303      0
     0      0      0      0      0      0      0      0      0   1603   1358      0      0      0      0      0
     0   1212   1007    516      0      0      0      0    343   1729   1768    668      0      0      0      0
     0   1429   1091   1025      0      0      0      0    776   1001    436      0      0      0      0      0
     0    672    783    464    214      0      0      0    770    470      0      0      0      0      0      0
     0    193    240    129    436    160      0      0    906    480      0      0      0      0      0    515
     0      0     21     15      0    465    418      0      0      0      0      0      0      0      0    669
     0      0      0    177      0      0    454      0      0      0      0      0      0      0    526    441
     0      0      0    308    225     22    125    248      0      0      0      0      0      0   1077    662
     0      0    214    709   1054    885     15    104      0      0      0      0      0      0    784    658
     0      0      0      0    595   1085    385      0     81      0      0      0      0      0      0    190
     0    306    120      0      0    160    290      0    183    114      0      0      0      0      0      0
     0      0    320      0      0      0      0      0     95    198    195      0      0      0      0      0
     0    296    393      0      0    328      0    317    519    296    344      0      0      0      0    404
