   550    582    291    200    263    368    428    374    384    527    324    405    665    701    902    396
   311    148      0      0      0      0      0      0      0      0      0      0      0      0    476     10
   387    598    201    211     85     44     31      0      0      0    129      0      0      0    733    406
   543   1322    784    695    345    326      0      0      0      0      0      0     11    190    683    622
   593    820    472    510      0      0      0      0      0      0      0      0     18     51    262    203
     0    291      0      0      0      0      6    282    112    664    186      0      0      0      0     26
   228    379    144      0      0    517      0    117    123    132    194      0      0      0      0      0
   174      0      0      0      0    179     80     16    288      0      0     12    170    274    227      0
   146    278      0    576    399    268    131    885    780      0      0     65    290    233    392      0
   395    761    226    669    950    439      0    154    251    332      0      0     84    471    796    465
   326    757    711    428    583    447    221      0    440    559     10      0      0      0    198    374
   292    950   1300   1272    691    672    752    653    869    844    448      0    193     66    400    209
   238    605   1001    968   1090    403    507    391    386    534    463      0     40     76    267    117
   225    288     90      0    372    374    624    161      0    309    267     80      0      0     50     85
   206    260      0      0    191    546    704    268     44    214    391      0      0      0    198    180
   206    341    397     99    112     87    217    283    147      0    124      0      0      0    128    150
