     0     40    473    207    172    179    276    170      0      0      0      0     14    602    358     89
     0      0      0      0    300    245      0      0      0      0      0      0      0      0    545     53
     0      0      0    153    113      0      0      0      0      0    112      0      0      0      0      0
     0      0    740   1084    691      0      0      0      0      0    827    173      0      0      0      0
     0      0    924   1959      0      0      0      0      0      0    340    195      0      0      0      0
     0      0     46   1248      0      0      0      0      0    205    423      0      0      0      0      0
     0      0    164    411    518      0      0      0      0    138    293      0      0      0      0      0
     0      0      0    741   1107    962      0      0      0    858    429      0      0      0      0      0
     0      0      0    719    931    758      0      0      0      0      0      0      0      0      0      0
     0      0     32    310   1124      0      0      0      0      0      0      0      0      0      0      0
     0      0    148    621    690    380      0      0      0      0      0      0      0      0      0    289
     0      0      0    551    134   1025      0      0      0      0      0      0      0      0      0    218
     0      0      0      0    393    806    178      0      0      0      0      0      0      0      0      0
     0      0      0      0      0      0      0      0      0     90      0      0      0      0      0      0
     0      0      0      0      0      0      0      0      0      0      0      0      0      0      0      0
     0      0      0      0      0      0      0      0      0      0      0      0      0      0      0      0
