     0    551    282     13    193      0      0      0      0      0    566    247      0      0    184      0
     0     84    327     52      0      0      0      0      0      0    293      0      0      0      0      0
     0      0    346    176      0      0      0    161      0      0      0      0      0      0      0      0
     0      0    160    106      0      0   1158   1790    490      0      0      0      0      0      0      0
     0      0      0      0      0      0    595    702     64    525    169      0      0      0      0      0
     0      0      0      0      0      0    365      0    221    940      0      0      0      0      0      0
     0    169      0      0      0      0      0      0      0      0      0      0    473    723      0      0
     0      0      0      0      0      0      0      0      0      0      0      0    327    875      0      0
     0      0      0      0      0      0      0      0      0      0     20      0      0    375      0      0
     0    253    357      0      0      0      0      0      0      0      0      0      0      0      0      0
     0      0      0     34      0      0      0      0      0     89     17      0      0      0      0      0
     0      0      0      0      0      0      0      0      0      0      0      0      0      0      0      0
     0      0      0      0      0      0      0      0      0      0      0      0      0      0      0      0
     0      0      0      0      0      0      0      0      0      0      0      0      0      0      0      0
     0      0      0      0      0      0      0      0      0      0      0      0      0      0      0      0
     0      0      0      0      0      0      0      0      0      0      0      0      0      0      0      0
