     0      0      0      0      0      0      0      0      0      0      0      0      0      0      0      0
     0      0      0      0      0      0      0      0      0      0      0      0      0      0      0      0
     0      0      0      0      0      0      0      0      0      0      0    258      0      0      0      0
     0      0      0      0      0      0      0      0      0      0      0    218      0      0      0      0
     0      0      0      0      0      0      0      0      0      0      0      0      0      0      0      0
     0      0      0      0      0      0      0      0      0      0      0      0      0      0      0      0
     0      0      0      0      0      0      0      0      0    710    727      0      0      0      0      0
     0      0      9      0      0      0      0      0      0      0    444      0      0      0      0      0
     0      0      0      0      0      0      0      0      0      0      0      0      0      0      0      0
     0      0      0      0      0      0      0      0      0      0      0      0      0      0      0      0
     0      0      0      0      0      0      0      0      0      0      0      0      0      0      0      0
     0      0      0      0      0      0      0      0      0      0      0      0      0      0      0      0
     0      0      0      0      0      0      0      0      0      0      0      0      0      0      0      0
     0      0      0      0      0      0      0      0      0      0      0      0      0      0      0      0
     0      0      0      0      0      0      0      0      0      0      0      0      0      0      0      0
     0      0      0      0      0      0      0      0      0      0      0      0      0      0      0      0
