     0      0    240      0      0      0      0     57      0      0      0      0      0      0      0      0
     0      0      0      0      0      0      0      0      0      0      0      0      0      0      0      0
     0      0      0      0     23     86    178     46      0      2      0      0      0      0      0      0
     0      0      0      0    503      0      0      0      0      0     66    143      0    162      0      0
     0      0      0    404    743    209      0      0    597    493      0      0    141    983      0      0
     0      0    273    528   1110    549    924      0     16    698    580    343    245   1185      0      0
     0      0    215      0    334    726     58      0      0      0    842    863    327      0      0      0
     0      0      0      0      0      0      0      0      0     53    303    521     66     27      0      0
     0      0      0    186      0      0      0    588    318      0      0      0     90      0      0      0
     0      0      0      0    231      0    368    290    549    441      0      0      0      0      0    121
     0      0      0      0      0    987   1326    699    555    235      0      0      0      0      0      0
     0      0      0      0      0    526   1359    731    480     13      0    244      0      0      0      0
     0      0      0      0      0      0      0      0      0      0      0      0    896      0      0      0
     0      0      0      0      0     37      0      0      0      0      0      0    338      0      0      0
     0      0      0      7      0      0      0      0      0      0      0      0      0      0      0      0
     0      0    411    402    565    442    198    512     59      0    194     93      0    434    523     70
