     0      0      0      0      0      0    159    231    136      0      0    121    378     56    316    204
     0      0      0      0    285      0    128     86      0      0    184    733    153      0    140    177
     0      0      0    129    387      0      0      0      0      0      0    384      0      0      0    115
     0      0      0    332    243      0      0      0      0      0      0      0      0      0      0      0
     0      0      0      0      0      0      0     34      0      0      0      0      0      0      0      0
     0      0      0      0      0      0      0      0      0      0      0      0      0      0      0      0
     0      0      0      0      0      0      0      0      0      0      0      0      0      0      0      0
     0      0      0      0      0      0      0      0      0      0      0      0      0      0      0      0
     0     91      0      5      0      0      0      0      0      0      0      0      0      0      0      0
     0    330      0      0      0      0      0      0      0      0      0      0      0      0      0      0
     0    192    363      0      0      0      0      0      0      0     54      0      0      0      0      0
     0      0    971    997      0      0      0      0      0      0      0      0      0   1351      0      0
     0      0    873      0      0      0      0      0      0     35      0      0      0      0      0      0
     0      0      0      0      0      0      0      0      0     67    222      0      0      0      0      0
     0      0      0      0      0      0      0     65    364    249    411      0      0      0      0      0
     0      0      0      0      0      0      0      0     20     39    194      0      0      0      0      0
