     0    125    340      0      0      0    286      0      0      0      0      0      0      0    380    367
     0      0    200    140    140      0      0      0      0      0      0      0      0      0    779    501
     0      0      0      0      0      0      0      0      0      0      0      0      0      0      0      0
     0      0      0      0      0      0      0     27      0      0      0      0      0      0      0      0
     0      0      0    120      0      0      0     42      0      0      0      0      0      0      0      0
     0      0      0      9      0      0      0      0      0      0      0      0      0      0      0      0
     0      0      0      0      0      0      0      0      0      0      0      0      0      0      0      0
     0      0      0      0      0      0      0      0      0      0      0      0      0      0      0      0
     0      0      0      0      0      0      0      0      0      0      0      0      0      0      0      0
     0      0      0      0      0      0      0      0      0      0      0      0      0      0      0    302
     0      0      0      0      0      0      0     24      0      0      0      0      0      0      0    723
     0      0      0      0      0    408    628     99      0      0      0      0      0      0      0    178
     0      0      0      0      0      0    596      0      0     55      0      0      0      0      0      0
     0      0      0      0      0      0      0      0      0      0      0      0      0      0      0      0
     0      0      0      0      0      0      0      0      0      0      0      0      0      0      0      0
     0    374    483    185      0      0      0    157    136      0      0    106      0      0      0      0
