     0      0      0      0      0      0      0      0      0      0      0      0      0      0      0      0
     0      0      0      0      0      0      0      0      0      0      0      0      0      0      0      0
     0      0      0      0      0      0    590    532    569    319      0      0     59    541      0    444
     0    384      0      0      0      0    442     34      0    407     72      0      0    430    490    715
    60    878    234      0     44    403    315      0      0      0      0    379    546   1151    807    492
   286    309    738    352    729    677    122      0      0      0      0    772   1313   1311    412    432
     0      0      0    104    271      0      0      0      0      0      0    817    921    501      0     90
     0      0      0     85      0      0      0      0      0      0      0    853    635     29      0      0
     0      0      0      0    184    259    575    118      0    189     96    844    676     27      0     26
     0      0      2      0     32    430    676    262      0    374      0     66    377    510      0      0
     0      0      0      0      0    619    518    111      0      0      0      0     50    786      0     94
     0      0      0      0     54    648    626      0      0      0      0      0      0    539      0     10
     0      0      0      0    618    910    328    330      0      0      0      0      0     72      0    280
     0      0      0      0    425    824    288    612     14      0     91     40      0     50    270    279
     0      0     21      0    152    368     37    148      0      0      0     37      0    529    454    493
     0      0      0      0    140    405    319      0      0      0      0    208     85    353    218      0
