     0      0     12      0      0      0      0      0      0    552    154    348      0      9      0      0
     0      0      0      0    280    150      0      0      0      0      0     61      0      0      0      0
   415      0      0      0    340    559    554    329    727    543    355    381     37    299    418      0
   574      2      0     80    635      0    235    322   1138    673   1030    559     51    419      0      0
   753   1041    961   1092    570      0      0    250    700      0    339    709    613    578    231      0
     0    246    417    638    488      0     65    111      0    573     89    256    135    539    289     88
     0      0      0      0    134     32    834    580    450    827    214      3      0      0      0    416
     0      0    354      0      0    529    851      0    451   1077     62      0      0    253    513    600
     0      0     12    485      0    220    801    321      0      0      0      0      0     84      0     61
     0      0      0    261    307      0    178   1103    534      0      0    147    185    511    295      0
     0     96     86      0   1030     14      0      0      0      0      0    382    331    465      0    218
     0     78      0      0      0      0      0      0      0      0      0    193    794    537      0    182
     0     16      0    636      0    223      0      0      0      0      0      0    309   1022    104    438
   293    313    622    463    541     87      0      0      0      0      0      0      0    763    552    614
     0      0      0      0      0      0      0      0      0      0      0      0      0      0    249    144
    78      0      0      0     97      0      0     51      0      0      0      0      0    136    328    460
