     0      0      0      0      0      0      0      0      0     42    166    284    227    146      0      0
     0      0     72    142    221    490    241    176    247    384    219    320    380    337    148    217
   118    156    333    457    433    654     22      0     99    467    482    222     28      0      0    315
     0      0    382    695   1064    948    419     51      0      0    195    166      0      0      0      0
     0      0      0    328    775      2      0      0     29      0      0      0      0      0      0      0
     0      0      0      0    415      0      0      0      0      1      0      0      0      0      0      0
     0      0      0      0    246      2     55     80    123    260     47      0      0      0      0      0
     0      0      0      0      0    588    650      0      0      0    582      0      0      0      0     80
     0      0      0      0      0     46    601      0      0    202    560     59      0      0      0      0
   157      0      0     51      0      0      0      0      0     78      0    135    233      0      0      0
   152      0      0      0      0      0      0      0      0      0      0      6     90      0      0     83
    85      0    614      0      0      0      0    201     63      0      0     63    771    377      0    108
     0      0    864    480      0      0    222    229     69      0      0    574   1245    288      0      0
     0      0    102      0      0    210    214    434    180    159    582    684    681      0      0      0
     0      0      0      0      0      0      0      0      0      0    206      0      0      0      0      0
     0      0      0      0      0      0      0     45    199    102    363      0      0      0      0      0
