     0      0      0      0      0      0      0      0      0      0      0      0      0      0      0     19
     0      0      0      0      0      0      0      0      0      0      0      0      0      0      0    186
     0      0     31    287      0      0      0      0      0      0      0    914    315      0     97    304
     0      0      0    622    341      0      0      0      0      0      0    695    572      0      0      0
     0      0      0      0    492      0      0      0      0      0      0     99    201      0      0      0
     0      0      0      0      0      0      0      0      0    258      0      0      0      0      0      0
     0      0      0      0      0    200    547    194      0    265    106      0      0      0      0      0
     0      0     73      0      0      0    527     77      0      0      0      0      0      0      0      0
     0      0      0     53      0      0      0      0      0      0      0      0      0      0    372      0
     0      0      0      0    239      0      0    177    146    106      0      0      2      0      0      0
     0      0      0      0      0    636    582     68      0      0    410      0    157      0      0      0
     0      0    416    526      0    117    542    265    149      0    269     37    605      0      0      0
     0    169    817    864     64      0     18      0      0     97    282    464   1164    225      0      0
     0      0    258    631    377      0      0      0      0      9    357    469    959    100     27      0
     0      0      0      0      0      0      0      0      0      0    230      6    271      0      0      0
     0      0      0      0      0      0      0      0      3    219    205    217    106      0    123      0
