     0      0      0      0      0      0      0      0      0      0      0      0      0      0      0      0
     0      0      0      0      0      0      0      0      0      0      0      0      0      0      0    180
     0     80    153    272      0      0      0      0      0      0      0     44      0      0      0      0
     0      0      0    142    120      0      0      0      0      0      0      0      0      0      0      0
     0      0      0      0      0      0      0      0      0      0      0      0      0      0      0      0
     0      0      0      0    321    306    237     58    114     25      0      0      0      0      0      0
     0    608      0      0      0    436    636      0      0    482      0      0      0      0    139      0
     0    819      0      0      0      0      0      0      0      0      0      0      0      0      0      0
     0    551      0      0      0      0      0    537     54    293      0      0      0      0      0      0
     0      0      0      0      0      0      0    108    214      0      0      0      0      0      0      0
     0      0      0      0      0      0    229    459    695      0      0      0      0      0      0      0
     0     82      0      0      0      0    874    727    532      0     28      0      0      0      0      0
     0    430    496      0    602      0    744    576    370    474    498    177    671      0      0      0
     0    296      0    135      0    435    236    526    218    318    886    240    774      0      0      0
     0      0      0      0      0      0      0      0      0    145    691      0      0      0      0      0
     0    670      0    261      0    797    180    469    274    388    327    382     98      0    871      0
