     0      0      0      0      0      0      0      0      0      0      0      0      0      0      0      0
     0      0      0      0      0      0      0      0      0      0      0      0    224      0      0      0
     0    656     44      0      0      0      0      0      0      0      0      0    111      0      0      0
     0    425     39      0      0      0      0      0      0      0      0      0      0      0      0      0
     0     48    437      0      0      0      0      0      0      0      0      0      0      0      0      0
     0    357    702     46      0      0      0    479      0      0    580     13      0      0    290      0
     0    448    532    348      0      0      0     80      0      0    295    203      0      0    714      0
     0    116    274    441      0      0      0      0      0      0     70     24     53    419    852      0
    26    219    117    196    252      0      0      0    420    219    126    866    500      0      0      0
    97    121      0      0      0    757      0      0    362    290    425   1040    223      0      0      0
   190      0      0      0      0    847      0      0      0      0      0    462    116      0      0      0
   304      0    243      0      0    170    371      0      0      0      0    267    491    645    621      0
     0      7    277   1007    588    761    319      0      0      0    559    557    580    821   1338      0
     0      0      0    585    490   1467    110      0      0      0    361    237    574    662   1221      0
     0      0      0      0      0     54      0      0      0      5    208      0      0      0      0      0
     0     24      0      0      0      0      0      0      0      0     20      0      0      0      0      0
