     0      0    230    213      0      0      0      0      0      0      0    242      0      0      0      0
     0      0      0    246    126    285    119    915    185      0      0      0      0      0      0      0
     0      0      0      0    789    884    296    389      0      0      0    159      0      0      0      0
     0      0      0      0    592      0      0     21    250      0      0      0      0      0      0      0
     0      0      0      0    102      0      0    669    698      0      0      0      0      0      0      0
     0      0      0      0      0      0      0    372      0      0      0      0      0      0      0      0
     0      0      0      0      0     81    903      0      0      0      0      0      0      0      0      0
     0      0      0      0      0      0      0      0      0      0      0      0      0      0      0      0
     0      0      0      0      0      0      0      0      0      0      0      0      0      0      0      0
     0      0      0      0      0      0      0      0      0      0      0      0      0      0      0      0
     0      0      0      0      0      0      0    368      0      0      0      0      0      0      0      0
     0      0      0      0      0      0      0     32      0      0      0      0      0      0      0      0
     0      0      0      0      0      0     17      0      0      0      0      0      0      0      0      0
     0      0      0      0      0      0      0      0      0      0      0      0      0      0      0      0
     0      0      0      0      0      0      0      0      0      0      0      0      0      0      0      0
     0      0      0      0      0      0      0      0      0      0      0      0      0      0      0      0
