     0      0      0      0      0    409      0     86      0      0    309    824    622    114      0     41
     0      0      0      0      0      0      0      0      0     63      0     27      0      0      0      0
    17      0      0    420    666      0      0      0      0      0      0      0     55      0      0      0
     0      0      0      0    186      0    596   1225   1411    662      0      0      0      0      0      0
     0      0      0      0      0      0      0      0      0      0    320      0      0      0      0      0
    59    642    484    233      0      0      0      0      0      0      0      0      0      0      0      0
     0      0    577    524    214      0      0      0      0      0      0      0    586   1074    583      0
     0      0    413    177    910      0      0      0      0      0     95    219     17      0      0      0
     0      0      0    306      0    103      0      0      0    240    614      0      0      0      0      0
     0      0      0      0      0      0    361     66      0      0    170    236      0      0      0      0
     0      0      0      0    229      0      0    684    635    273    217    154     94    295    344      0
     0      0      0    173    130      0      0      0      0      0      0      0      0      0      0      0
     0      0      0      0      0      0      0      0      0      0      0      0      0      0      0      0
     0      0      0      0    261      0      0      0      0    228      0      0      0    115      0      0
     0      0    771    160      0      0      0      0      0      0      0      0      0      0      0      0
    65      0    547    542    573    393      0    161    139    212    467    191    348    162      0      0
