     0      0      0      0      0      0      0      0      0      0      0      0      0      0      0      0
     0      0      0      0      0      0      0      0      0      0      0    574    705      0      0      0
     0      0      0      0      0      0      0      0      0      0      0      0    117      0      0      0
     0      0    104      0      0      0      0      0    226    218      0      0    109      0      0      0
     0      0      0      0      0      0      0      0     27    452      0      0      0      0      0      0
     0      0      0      0      0      0      0      0      0      0      0      0      0      0      0     58
     0      0    483      0      0      0      0      0      0      0      0      0      0      0      0    109
     0      0    555    857      0      0      0      0      0      0      0      0    138    709      0      0
     0      0    133    661     67      0      0      0      0      0      0     28      0      0      0      0
     0    226      3      0     46      0      0      0      0      0      0      0      0      0      0      0
     0    272    617     12      0      0      0      0      0      0      0      0      0      0      0      0
     0    120    155    523      0      0      0      0      0      0      0      0      0    684    455      0
     0      0      0      0      0      0      0      0      0      0      0      0      0      0    193      0
     0      0      0      0      0      0      0      0      0      0      0      0      0      0      0      0
     0      0      0      0      0      0      0      0      0      0      0      0      0      0      0      0
     0      0      0      0      0      0      0      0      0      0      0      0      0      0      0      0
