     0      0      0      0      0      0      0      0      0      0      0      0      0      0      0      0
     0      0      0      0      0      0      0    358      0      0      0      0      0      0      0      0
     0      0      0      0      0    343      0    135      0      0    629    728      0      0    213    665
     9      0    108      0    507      0      0      0      0      0    840    715      0    165     15      0
     0      0    324    973    264      0      0      0      0      0    859   1068    172      0      0      0
     0      0      0    764      0      0      0      0      0      0    376    278      0      0      0      0
     0      0      0      0    176     97    111      0      0    585    924      0      0      0      0      0
     0      0      0      0    628    610      0      0    103    485    157      0      0      0      0      0
     0      0      0      0      0      0      0      0      0      0    205      0      0      0      0      0
     0      0    243   1183      0      0      0      0      0      0      0      0      0      0      0      0
     0      0      0    128      0      0      0      0      0      0      0      0      0      0      0      0
     0      0      0      0      0      0      0      0      0      0    156      0      0      0      0      0
     0      0    731     86      0      0      0      0      0      0      0      0    707      0      0      0
     0      0      0    120      0      0      0      0      0      0      0    257    517      0      0      0
     0      0      0    114      0      0      0      0      0      0      0      0      0      0      0      0
     0      0      0      0      0      0      0      0      0      0      0      0      0      0      0      0
