     0      0     64     35      0      0      0     79    807    452      0      0      0      0      0      0
     0      0    184    243      0      0      0      0    927      0      0      8    436      0      0      0
     0      0      0      0      0      0      0    221    745      0      0      0    705      0      0      0
     0      0      0      0    503   1302    124      0    258      0      0      0    516      0      0      0
    32      0      0      0    966   1318      0      0      0      0      0      0    311    499    346      0
     0      0      0      0      0      0      0      0      0      0      0    150    621    907     90      0
     0      0      0      0      0      0    511    419      0      0    692   1405    496     98      0      0
     0      0     89     70      0      0    170      0      0      0    801   1317    515    156    206      0
     0      0    232    316     14      0      0      0      0      0    433   1626    951      0      0      0
     0      0      0      9    343      0      0      0      0      0    553   1847    946      0      0      0
     0      0      0     82      0      0      0      0      0      0    118   2123   1471      0      0      0
     0      0      0      0      0      0      0      0      0      0    516   2624   1768      0      0      0
     0     46      0     41      0      0      0      0      0      0    819   1984   2047    355      0      0
     0      0      0    393    475      0      0      0      0      0    161    741   2349   1515      0      0
     0      0      0      0    533      0      0      0      0      0      0    475   1875   1852      0      0
     0      0      0    170    623      0      0      0      0      0      0    292   1323   1326      0      0
