     0      0      0      0      0      0      0      0      0      0      0      0      0      0      0      0
     0      0      0      0      0      0      0    156      0      0      0      0      0      0      0      0
   683      0      0      0      0      0      0      0      0      0      0    611    476      0      0      0
   766      0      0     54      0      0    283      0      0      0      0      6      0      0      0      0
     0      0      0      0    766   1577      0      0      0      0      0      0    565      0      0      0
     0      0      0      0     32    431      0      0      0      0      0      0    523      0      0      0
    71      0      0      0      0   1053   1273    963      0    850   1128    803    695      0      0      0
    29     68    415      0      0      0    809     23      0      0   1001   1162    765      0      0      0
     0      0    623    208      0      0     95      0      0      0    400    396    371      0      0      0
     0      0     43    735    268      0      2    972    449      0    271    434   1052     83      0      0
     0      0      0    312    282      0      0      0      0      0    403     53    895    194    218      0
     0      0    210    812    591      0      0      0    327    127    209      0    642      0      0      0
     0      0    390    661      0      0      0      0      9    105     16      0     20      0      0      0
     0      0      0   1220    426      0      0      0    406    883    576    228    742    434      0      0
     0      0      0      1    347      0      0      0      0    170      0     24    773    308      0      0
   132      0      0    604    912    248      0      0      0    323    115    526   1069    460      0      0
