     0      0      0      0      0      0      0      0      0      0      0      0      0      0      0      0
     0      0      0      0      0      0      0      0      0      0      0      0      0      0      0      0
     0      0      0      0      0    129      0      0      3    423      0      0    379    608      0      0
     0      0      0      0      0      0      0      0    358    798      0    147    150    369      0      0
     0     45    126      0      0      0      0      0      0      0      0    390     57    514      0      0
     0    165    644     40      0      0      0      0      0      0      0      0      0    518    885      0
     0      0      0      0      0      0      0      0      0     95    258      0      0    321   1640      0
     0      0      0      0      0      0      0      0      0   1094      0      0      0      0    602      0
     0      0     59      0      0      0      0      0    384    641      0      0      0      0      0      0
     0      0      0      0      0      0    532    577   1268    525    443     33      0      0      0      0
     0      0      0      0      0    745    381    388    558      0     84      0      0      0    110      0
     0      0      0      0      0     10    147      0      0      0      0      0      0      0      0      0
     0      0      0      0      0      0    475      0      0      0      0      0     84      0      0      0
     0    183    449   1135    110      0      0      0      0      0     69      0   1000    357    548      0
     0      0    557    802      0      0      0      0      0      0    183      0    625      0    148      0
     0      0      0      0      0      0      0      0      0      0     30      0     72      0      0      0
