     0      0      0      0      0      0      0      0      0      0      0      0      0      0      0      0
     0      0      0      0      0      0      0      0      0      0    141    552      0      0      0      0
     0      0    503    636    820    355      0      0      0      0    186    479      0      0      0      0
     0      0    406    667   1447    627    709    724   1171    609    619    314      0     33      0      0
     0      0    541    583   1082    619    973   1460   1020      0    602    516    350    284      0      0
     0      0    411    581    585      0      0     94      0      0      0    555    139    115      0      0
     0      0     22    369    527      0      0      0      0      0      0     53    391    441      0      0
     0      0      0     61    700      0      0      0      0      0      0    302    554    790      0      0
     0      0      0    360    115    794    568     44    804     83    130    150    185     81      0      0
     0      0      9     39      0      0      0      0    273     34      0      0      0      0      0      0
     0      0    327      0      0      0      0     31      0      0      0      0      0      0      0      0
     0      0    145      0      0    119    178     68      0      0      0      0      0      0      8      0
     0      0      0    464      0      0    100    181      0      0      0      0      0      0      0      0
     0      0      0      0      0     32    303      0      0      0      0      0      0      0      0      0
     0      0      0      0      0      0    104     43      0      0      0      0      0      0      0      0
     0      0      0      0      0      0      0      0      0      0      0      0      0      0      0      0
