     0    543    731    429      0      0      0      0      0      0      0      0      0      0      0      0
     0    208    464     18      0      0    435    928    569      0      0      0      0      0      0      0
     0    318    401    354      0    777   2125   1968    489      0      0     15      0      0    137    320
     0      0    269     51    705    898   1675     34      0      0      0      0      0    232    427    868
     0      0      0      0    415    536     92      0      0      0      0      3   1009   1236    356      0
     0      0      0      0      0      0      0      0    291    405      0    920   1579   1378      0      0
     0      0    196      0      0      0    640    459    560    669    863   1340    681      0      0      0
     0      0      0      0      0      0   1285      0      0    499    164    126     32    475      0      0
     0      0      0     21      0      0      0    331      0      8      0     43    483    510      0      0
     0      0     47     34    241      0      0     45     51    743    323      0    242    834    148      0
     0      0      0      0      0      0    265      0      0      0      0      0      0      0      0      0
     0      0      0      0      0    497    480     22      0      0      0      0      0      0    323      0
     0      0      0   1007      0    452    448     10    136     11      0      0      0    135    375      0
     0     65     60    645    654    484    498      0      0      0      0    258    404    276      0      0
     0      0      0      0      0      9      0      0      0      0      0      0      0      0      0      0
     0      0      0      0      0      0      0      0      0      0      0      0      0      0      0      0
