     0      0      0      0      0    115    222    374    557      0      0    127    593      0      0      0
     0      0      0      0      0      0      0      0      0      0      0    500   1221    568      0      0
   181      0      0      0      0      0      0      0      0      0      0    443   1335    588      0      0
   301      0      0      0      0      0      0      0    350    543      0      0    673      0      0      0
   485      0      0      0      0      0      0      0      0    462      0      0      0      0      0    453
   579     85      0      0      0      0      0      0      0    544    406      0      0      0    361    867
     0    586    209      0      0      0      0      0      0      0    527      0     66    352   1274    730
     0    500    906    217      0      0      0      0      0      0    564      0      0      0      0    123
     0     47    351    558      0      0      0      0      0      0    782    383      0      0      0      0
     0      0      0    201      0      0      0      0      0      0    596    853      0      0      0      0
    39    351      0    161      0      0      0      0      0      0    342    487    126      0    586      0
     0    845    689    418      0      0      0      0    132     36    126      0      0      0    211      0
     0    717    652    395      0      0      0      0    158      0    308    139    124    694    684      0
     0    216    347      0      7      0      0      0    693     35    168    420    788   1459    979    100
     0      0    433      7    423      0      0      0    147      0      0    270    759    754      0      0
     0      0    256     17    619      0    324      0    190    322    132    259    898    600      0    203
