   240     46     57    258    109      0     84      0      0      0    100      0      0     83    233      0
     0      0      0      0      0      0     18      0      0      0      0      0      0     89    268      0
    98      0      0      0      0      0      0      0      0      0    182      0      0    208    396      0
   249      0     83      0      0      0    494      0      0      0    117      0      0      0    564    286
   340      0      0    178      0    148    445      0      0      0    244      0      0      0    182    330
   664      0      0    288     65     69      0      0      0      0      0     83      0      0      0      4
  1226      0      0      0    114      0      0      0      0      0      0      0      0      0      0    175
  1426      0      0      0      0    173      0      0      0      0      0      0    302      0    279    530
  1031      0      0      0      0    514      0      0      0      0      0      0    464    110      0    259
   918      0      0      0      0    576    331      0      0      0      0      0    792      0      0    203
   859      0     82      0      0     10    316      0      0    464      0      0    914    577      0    127
  1001      0    251      0    398    507      0      0      0    283      0      0    455    449    187    208
   856      0      0      0      0    295      0      0      0      0      0      0      0    785    745    255
   924      0      0      0      0      0      0      0      0      0      0      0      0   1052    701    137
  1689    464    482    395    660    718   1493   1085    541    120    331   1104    652   2498   2520   1085
   486      0      0      0      0      0      0      0      0      0      0     34      0      0      0      0
