     0      0      0      0      0      0      0      0     33      0      0      0      0      0      0      0
     0     43      0      0      0    501    428    290    492    172      0      0    795    459     88    307
     1    315      0      0      0    684    210     45      0      0      0     56      0    350    476    246
   739   1109    233    173    518    804      0      0      0      0      0      0      0    352   1017      0
    96    230    256    292     53      0      0      0      0      0      0    331    160    225     43      0
     0      0      0      0      0      0      0      0      0      0      0    377    138      0      0      0
     0      0      0      0      0      0      0      0      0    616    220      0      0      0      0      0
     0    612      0      0    268   1010    220      0      0    811     37      0     87      0      0      0
     0    649    636      0    136    773    269      0    344    687    202      0      0      0      0      0
     0    812   1016    639      0    260    361    466    420      0    727      0      0      0      0      0
     0    618    687   1088      0      0      0      0     31      0    472      0    340      0    283      0
     0    565    493    547   1027      0      0      0      0     13    204      0      0      0    273      0
     0   1061   1196     35    381    139     95    550    254     98    828      0      0      0      0      0
     0    893    941   1350      0      0      0    484    513    432   1109    122      0      0      0      0
     0    731    185   1068    397    318      0    375    690    674    724    721    292      0     32      0
     0      0      0      0      0      0      0      0      0    220      0      8      0      0      0      0
