   207      0      0      0      0      0      0      0    499      0      0     64    267      0      0      0
     0      0      0      0      0      0      0      0     26     99    192     37    670      0      0      0
   344      0    120      0      0    169      0      0      0    378    402    478    666    418    559    179
   862    266    429    114    712    891      0      0    101    689    289    705    369    870   1136      0
   671    165    488    717   1193   1053      0      0      0      0    322   1170    386    816   1084      0
   358      0   1065    775    980    413    121    130      0      0    521   1039    565      0     23      0
     0      0    914   1048   1050    369      0    350      0      0    657    608    281      0      0      0
     0      0     25    809    995    941    171    763      0      0    564    884      0      0      0      0
     0      0    122    547   1600    695    727     62      0    820    402    893    467      0      0      0
     0      0    337    238   1000    511   1063    362    729    386      0    915    735      0      0      0
     0      0    305    413      0     88      0     92    318      0      0    942   1117    350      0      0
     0      0    771    681    373      0      0     72      0      0      0    352   1114   1037      0      0
     0      0   1448    377    159      0      0    318      0      0      0    796   1051   1097      0      0
     0      0    820   1331    651      0     10      0      0      0    289    460   1146    793      0      0
     0      0     35    339      0      0      0      0      0      0      0      0    212      0      0      0
     0      0      0    168      0      0      0      0      0     43     61      0      0      0      0      0
