     0      0      0      0      0      0      0      0      0      0      0      0      0      0      0      0
     0      0      0      0      0      0      0    412     94      0      0      0      0      0      0      0
     0      0      0      0      0      0    324    237      0      0      0      0      0      0      0      0
     0      0      0      0      0      0      0      0      0      0      0      0      0      0      0      0
     0      0      0      0      0      0      0      0      0      0      0      0    234    459      0      0
     0      0      0      0      0      0      0      0      0      0      0      0    298    465      0      0
     0    253      0      0      0      0    445      0      0    595      7      0      0      0      0      0
     0    506    438      0      0      0      0      0      0      0      0      0      0      0      0      0
     0    122    459      0      0      0      0      0      0      0      0      0      0      0      0      0
     0      0      0      0      0      0      0    245      0      0      0      0      0    591      0      0
     0      0      0      0      0      0      0      0      0      0      0      0      0      0      0      0
     0      0      0      0      0      0      0      0      0      0      0      0      0      0      0    186
     0    141    159    751      0      0      0      0      0      0      0      0      0      0      0    864
     0    559    739    159      0      0      0      0      0      0      0      0     15    172      0    951
     0      0      0      0      0      0      0      0      0      0      0      0      0      0      0      0
     0      0      0      0     13      0      0      0     27    102      0     35      0      0      0     11
