     0      0      0      0      0      0      0      0      0      0      0      0      0      0      0      0
     0      0      0      0      0      0      0      0      0      0      0      0      0      0      0      0
     0      0      0      0      0    568      0      0      0      0      0      0      0     21      0      0
     0      0      0      0      0      0      0      0      0    512      0      0      0      0      0      0
   953      0      0      0      0      0      0      0      0      0      0      0      0      0      0      0
   420      0      0    608      0      0      0      0      0      0      0      0      0     55      0    550
     0      0      0    312    770      0      0      0      0      0      0      0      0    127      0    943
     0      0      0      0     45      0      0      0      0      0      0      0      0      0      0    779
     0      0    267      0      0      0      0      0      0      0      0      0      0      0      0      3
     0      0      0      0      0      0   1011    342      0      0      0      0      0      0      0      0
     0      0      0      0      0      0    243    137    670      0      0      0      0      0      0      0
     0      0      0      0      0      0      0      0      0      0      0      0      0      0      0    225
     0      0      0      0      0      0      0      0      0      0      0      0      0      0      0    416
   284      0      0      0      0      0      0      0      0      0      0      0      0      0      0    390
   154      0    340      0      0      0      0      0      0      0      0      0      0      0      0    307
   100      0    553    162      0      0    497      0      0     56    139      0      0      0      0    992
