     0      0      0      0    286    156      0      0      0      0    151    214      0      0      0    170
     0      0      0      0     70      0      0      0      0      0      0      0      0      0      0      0
     0      0      0      0      0      0      0      0    579    434      0      0      0      0      0      0
     0      0      0      0      0      0      0    219    854    225      0      0      0      0      0      0
    68      0      0      0      0      0      0      0      0      0      0      0      0      0      0    657
   403      0      0      0      0      0      0    286    224      0      0      0      0      0      0    595
  1112      0      0      0      0      0      0   1184    395      0      0      0      0      0    313    188
   688      0    207      0      0      0      0      0      0      0      0      0      0      0      0      0
   380      0      0      0      0      0      0      0      0      0      0      0      0      0      0      0
   341      0      0      0      0      0      0      0      0      0      0      0      0      0    603    382
   294      0      0      0      0      0      0      0      0      0      0      0      0      0    150      0
   414      0      0      0      0      0      0    152      0      0      0      0      0      0      0      0
   397      0      0      0      0      0      0      0      0      0    140      0      0      0      0      0
   600      0      0      0      0      0      0      0      0      0      0      0      0      0      0      0
   410      0      0      0      0      0      0      0      0      0      0      0      0      0      0      0
   408      0      0      0      0      0    118      0      0      0      0      0      0      0      0    111
