     0      0      0      0      0      0      0      0      0      0      0      0      0      0      0      0
     0      0      0      0      0      0      0      0     37      0    123    157      0      0      0      0
     0      0      0      0      0     29    834    622    159     72      0      0      0      0    321    409
     0      0      0      0      0    263    609      0      0      0    393      0      0      0    828   1369
     0      0      0      0      0      0      0      0      0      0      0      0      0    390    901    801
     0      0      0      0      0      0      0      0      0      0      0      0      0    778    342    398
     0      0      0      0      0    102      0      0    605    250      0      0    165    800    370     16
     0      0      0      0      0      0      0      0      0    334      0      0      0    344      0      0
     0      0      0      0      0      0      0      0      0      0    128      0      0      0      0      0
     0      0      0      0      0      0      0      0      0    488    686      0      0      0     70      0
     0      0      0      0      0      0      0     36    698    534      0      0      0      0     13     37
     0      0      0      0      0      0      0     86     80      0      0      0      0      0    321     66
     0      0      0      0      0      0      0    143    150      0      0      0      0      0      0      0
     0      0      0      0      0      0    370      0      0      0      0      0      0      0      0      0
     0      0      0      0    244    116    531    111      0      0      0      0      0      0      0    238
     0      0    381      0      0      0    559    495      0      0      0      0      0      0      0    248
