     0      0      0      0      0      0      0      0      0      0      0      0      0      0      0      0
     0      0      0      0      0      0      0      0      0      0      0      0      0      0      0      0
     0      0      0     59     30      0      0      0      0      0    618    654    171      0      0      0
     0      0    106    574    244      0      0      0      0      0    103    608    176      0      0      0
     0      0      0    335    274    203      0      0      0      0      0     95    180      0      0      0
     0      0      0      0    397    245      0      0    204    449      0      0      0      0      0      0
     0      0      0      0    123    152      0      0      0    336     43      0      0      0      0      0
     0      0      0      0      0      0     71    365      0      0      0      0      0      0      0      0
     0      0    403    299      0      0      0    237      0      0    685    158      0    296    480      0
     0      0    215      0      0      0      0     87    507    339    694    218      0      0      0      0
     0      0    126      0      0      0      0    312    538    469    331    321      0      0      0      0
     0      0      0      0      0      0      0    250    663    605      0    194      0      0      0      0
     0      0    606     26      0      0    579    397    445    333      0    184    153      0      0      0
     0      0     32      0      0      0    419    412     54    331      0     36    270      0      0      0
     0      0      0      0      0      0      0     30      0      0      0      0      0      0      0      0
     0      0      0      0      0      0      0      0      0      0      0      0      0      0      0      0
