     0      0      0      0      0      0      0      0      0      0      0      0      0      0      0      0
    54      0      0      0      0      0      0    513    127      0      0      0      0      0      0     65
     0      0      0      0      0      0    349    310      0     48      0    255      0      0      0    649
   301    775    517      0      0      0      0      0      0      0      0    489    292    669      0    130
     0      0    977     96    671    327    697     12      0    605    592    381    748   1097      0      0
     0      0      0      0    507    441    648    113     23    306     50    207     49      0      0      0
     0      0      0      0      0      0      0      0      0      0      0      0      0      0      0      0
     0      0      0      0    464      0    939    901    360      0    525    453      0      0      0      0
     0      0      0    494    435    128      0      0      0      0    253    425    388    665   1140    357
     0    342    606    995    652     52      0      0      0      0     82    448      0     70      0      0
   144    438    862    297      0      0      6      0      0     42    381    917      1      0      0      0
    73    202    547    969    432      0      0      0      0      9    353    920    679    951      0      0
   237    315    351   1037      0      0      0    234    249     88    288    521    736    672      0      0
    37     11    226    452      0      0      0    274      0      0     81    509    567    111      0      0
     0      0      0      0      0      0      0      0      0      0      0     66    167      0      0      0
     0      0      0      0      0      0      0      0      0      0      0      0      0      0      0      0
