     0      0      0      0      0      0      0      0      0      0      0      0      0      0     54      0
     0      0      0      0      0      0      0      0      0      0     42      0      0      0      0      0
     0      0     40     67      0      0      0      0     28      0      2      0      0      0      0      0
     0      0     71    606      0      0      0     69      0      0      0      0      0      0      0      0
     0      0      0    458      0      0      0      0      0      0      0      0      0      0      0     21
     0      0      0      0      0      0      0      0      0      0      0      0      0      0      0      0
     0      0      0      0      0      0      0      0      0      0    268    728    717      0      0      0
     0      0      0      0      0      0      0      0      0      0    352   1075    670      0      0      0
     0      0      0      0      0      0      0      0      0      0    182    819    278      0      0      0
     0      0      0      0      0      0      0      0      0      0      0    437      0      0      0      0
     0      0      0      0      0     80      0      0      0      0    209    142      0      0      0      0
     0      0      0      0      0      0      0      0      0     88    129      0      0      0      0      0
     0      0      0      0      0      0    393      0      0     46      0      0      0      0      0      0
     0      0      0      0      0      0      0      0      0      0      0      0      0    218      0      0
     0      0      0      0      0    106      0      0      0      0      0      0    352    744      0      0
     0      0      0      0     32     90      0      0      0      0      0      0    190    245      0      0
