     0      0    125    643    201      0      0      6      0      0    617    308      0      0    302      0
     0    291    458    322      0      0      0      0      0      0    778    119      0      0    198      0
     0      0    296    298      0      0      0      0      0      0      0      0      0      0      0      0
     0      0      0      0      0    123   2181   1800      0      0      0      0      0      0      0    852
     0      0      0      0      0   1095   1988    612      0      0      0      0      0      0    270   1544
     0      0      0      0      0    267    298      0      0    106      0      0      0     24    119    368
     0      0      0      0      0      0      0      0      0      0      0    866   1407    593      0      0
     0      0      0      0      0      0      0      0    187      0      0   1242   1138    459      0      0
     0      0      0      0      0      0      0      0      0      0      0    391     88      0      0      0
     0      0      0      0      0      0      0      0      0     34    295    187     22      0      0      0
     0      0      0      0      0      0      0      0      0    890    380    176    332      0      0      0
     0      0      0      0      0      0      0      0      0    717      0      0     45      0     95      0
     0      0      0      0      0      0      0      0      0    173      0      0      0    448    912      0
     0      0      0      0      0      0     24      0      0      0      0      0      0   1089    409      0
     0      0      0      0      0      0    287      0      0      0      0      0      0   1164      0      0
     0      0      0      0     63      0     78      0      0      0      0     23      0    456      0      0
