     0      0      0      0      0      0      0      0      0      0      0      0      0      0      0      0
     0      0      0      0      0      0      0      0      0      0      0      0      0      0    147      0
     0      0    346    285      0      0      0      0      0      0      0      0    389      0      0    251
     0      0    546    225      0      0      0      0      0      0     72    166    629      0      0     39
     0      0      0     89      0      0     30      7      0      0      0    335      0      0      0      0
     0      0      0      0      0      0     46      0      0      0      0      0     79      0      0      0
     0      0      0      0    308      0      0      0      0      0      0      0      0      0      0      0
     0      0      0    198      0      0      0      0      0      0      0    345      0      0      0      0
     0      0      0    466      0      0      0      0      0      0    369    660    104      0      0      0
     0      0      0      0    888      0      0      0      0      0      0    202    644      0      0      0
     0      0    202     46    465    437      0      0      0      0      0     14    789      0      0      0
     0      0    236   1130    304    432      0      0      0      0      0      0    111    349    577      0
     0      0    292   1004    241      0      0      0      0      0      0      1      0    602    486      0
     0      0      0    587     59      0      0      0      0     76      0     31      0    499    585      0
     0      0      0     56      0      0      0      0      0      0      0      0      0    480      0      0
     0      0      0      0      0      0      0      0      0      0      0      0      0    551      0      0
