   677   1110    730    547    111      0      0      0     26    231      0    281    479      9      0      0
    45     38      0    492    261    252    967   1122    990      0      0      0      0      0      0      0
     0      0      0      0     70   1361   2743   2699   2298    663      0      0      0      0   1029    797
   653   1305      0      0      0    893    794    566    121      0      0      0      0      0   1655    621
     0      0      0      0      0      0      0      0      0      0      0      0    689    952    228      0
     0      0      0      0      0      0      0      0      0      0      0     59   1501    491      0      0
     0      0      0      0      0      0      0      0      0      0      0      0      0      0      0      0
     0      0      0      0      0      0      0      0      0      0      0      0      0      0      0      0
     0      0      0      0      0      0      0      0      0      0      0      0    289    679      0      0
   318    720    267      0      0      0      0      0      0      0      0      0      0     39      0      0
   151      0      0      0      0      0      0      0      0      0      0      0      0      0      0      0
     0      0      0      0      0      0      0      0      0      0      0      0      0      0      0      0
     0      0      0      0      0      0    249    150      0      0      0      0      0      0      0      0
    44      0      0      0      0      0    534      0      0      0      0      0      0      0      0      0
     0      0      0      0      0      0      0      0      0      0      0      0      0      0      0      0
     0      0      0      0      0      0      0      0      0      0      0      0      0      0      0      0
