     0      0      0      0      0      0      0      0      0      0      0      0      0      0      0      0
     0      0      0      0      0      0      0    279      0      0      0      0      0      0      0      0
     0      0      0      0      0      0      0      0      0      0      0    337      0      0      0      0
     0      0      0      0      0      0      0      0      0      0      0    456      0      0      0      0
     0      0      0      0      0      0      0      0      0      0    306    213      0      0      0      0
     0      0      0      0      0      0    559      0      0     74      0      0      0      0      0      0
     0      0      0      0      0      0      0      0      0     80      0      0      0      0      0      0
     0      0      0      0      0      0      0      0      0      0      0      0      0      0      0      0
     0      0      0      0      0      0      0      0      0      0      0      0      0      0      0      0
     0      0      0      0      0      0      0      0      0      0      0      0      0      0      0      0
     0      0      0      0      0      0     96    210      0      0      0      0      0      0      0      0
     0      0      0      0      0      0    416    379      9      0      0      0      0      0      0      0
     0      0      0      0      0      0      0      0      0      0      0      0      0      0      0      0
     0      0      0      0      0      0      0      0      0      0      0      0    104      0      0      0
     0      0      0      0      0      0      0      0      0      0      0      0    275      0      0      0
     0      0    138    262      0      0      0    349     43     38     28    155    558    121     72      0
