     0      0      0      0      0      0      0      0      0    144      0      0      0      0      0      0
     0      0    326    153    363    369    419      0      0      0      0      0      0      0      0      0
   119      0      0     80    901    978    212      0      0      0      0      0      0    597    481      0
     0      0      0     31    488      0     23      0      0      0      0      0      0    729      0      0
     0      0      0    272    661      0     16     99      0      0     18    894    882    268      0      0
     0      0      0    422    344      0      0      0      0      0      0   1051    369    481      0      0
     0      0      0    111    424      0      0      0      0     56      0    194     97    192      0      0
     0      0      0      0      0    507    637      0      0    746      0      0    544    309      0      0
     0      0      0      0      0    268    578      0      0    346      0      0    107    266      0      0
     0      0      0      0      0    663   1764   2032    500      0      0      0      0      0      0      0
     0      0      0      0    623    524   1442   1245    119      0      0     22    124    862      0    260
     0      0      0      0   1145   1619    724    188    120     80      0      0    176      0      0    229
     0      0      0      0      0   2007   1000      0      0      0      0      0      0      0      0     14
     0      0     84    295    971    395      0     19      0    208    189      0      0      0      0      0
     0     28    555      0    474    170      0      0      0      0      0      0      0      0      0      0
     0      0    207      0    249    252      0      0      0     81    525    144      0      0      0      0
