125 122 123 125 126 130 125 103 123 158 120 103 109 111 107 101  90  79  51  61 132 101  83 155 118 103 120 120 102  82 109  89
162 151 145 138 128 130 131 126 127 158 134 120 119 115 113 114 118 113  98  84 146 114 112 168 140  91 125 123  90  58 102  97
225 224 209 199 184 178 172 170 134 159 128 123 122 122 125 123 118 115 109  94 155 150 132 164 183 106 118 113 111  79  86  73
225 227 225 225 228 231 223 210 137 140 122 132 156 150 144 135 128 130 132 126 165 159 140 155 187 131 102  95  99  73  80  62
232 228 225 230 225 226 230 216 147 143 118 156 228 211 205 195 183 168 164 127 161 133 138 179 188 141  90  99  94  80  85  64
229 230 230 231 229 232 236 217 143 135 123 158 232 225 165 146 131 102  91  91  86  73  96 151 194 191 140  93  93  85  66  57
229 231 229 230 229 232 235 219 135 123 120 157 234 175  91  64  42  38  48  74  67  20  29  53 125 189 174  65  69  67  40  48
229 230 228 229 229 232 235 219 144 146 131 153 221 127 174 154  78  89  25  19  78  93 109  73  41  84 169  82  53  62  38  63
227 229 228 229 230 233 234 219 144 138 124 158 167 162 206 199 178 143  31  30  96 145 124  99  53  32 147 122  57  61  27  71
226 229 228 229 229 233 232 217 146 129 133 139 142 191 198 206 199 123  30  41  62  99  73  88  73  30  85 104  69  43  40  55
230 230 225 227 230 230 236 219 155 137 125 123 124  97 126 179 145  52  29  58  72  51  37  68  77  32  39  83  62  25  57  57
233 231 230 233 218 200 191 178 136 134 121 106 101  96  84 103  84  55  54  65  86  49  34  33  47  64  82  83  77  53  59  46
233 234 217 202 158 142 129 118 121 128 118 109 105 114 112 104 108  97 117  98  67  65  84  85  90 110 105  97  92  94  77  42
231 201 155 144 135 132 127 123 121 121 125 127 118 114 111 108 107 111 116 113 108  97 107 105 110 106  91  85  84  94  83  61
224 114  62  81  96 111 136 154 154 156 142 122 119 113 112 113 112 109 107 105 104 102  98  97  95  92  94  94  96  83  72  53
227 105  34  30  28  40  90 149 146 158 139 113 103 109 112 107 101 100  95  99  94  94  92  88  89  91  97 102  92  76  75  58
231 162  53  25  29  57  77 119 106 137 132 101  99 116  97  92  88  85  87  87  86  84  81  81  79  84  99  76  37  81  91  69
232 170  53  32  37  51 104 117 132 171 142 103 119  61  18  23  77  98  91  92  89  89  87  88  90  97 103  54  24  79 101 100
218 151  85  72  54  45  72  94 156 205 146 116 105  16  17   7  51 103 103 103 104 102 100 103 103 109  99  76  65  80 114  96
228 164 110  82  81  86  92 120 155 172 149 110  61  26  70  21  39 103 106 107 109 106 105 103 106 108  79  60  93 100 132 112
236 159 109 138  85  86 108 133 133 149 133 100  34  65 106  37  36 112 107 107 109 113 112 110 106 107  70  43  90 124 143 122
231 210 152 190  66  34  55 114 106 109 101  78  37  52  79  67  40 111 112 113 108 104 100 104 101 100  50  55  86 168 189 148
231 164 106 194 118  92  74  83  78  80  89  50  41  38  51  78  58 109 103 101  98  94  94  95 100  77  41  65 113 187 202 182
216 144  76 116  66  33  45  47  49  48  51  31  38  51  63  63  67 103  99  84  83  84  81  70  73  53  34  68 104 168 186 191
226 222 155  75  32  40  34  36  53  48  45  39  43  53  89  75  63  68  49  32  26  24  30  34  35  36  35  65  78  59 105 175
218 221 221 182  55  38  42  53  57  65  56  43  43  61  83  90  36  30  21  12  10  12  14  14  20  36  48  58  88 124 182 200
216 215 212 160  51  29  35  42  42  46  38  37  41  60  74  77  25  15  12  14  21  43  74  97 121 147 155 155 179 214 222 219
214 211 208 130  51  26  23  30  37  32  29  42  52  47  93  59  11  26  51  90 136 177 199 221 226 224 226 228 228 219 219 216
214 215 214 202 174 121  88  59  36  34  27  30  41  41  57  53  88 156 195 209 222 226 223 226 223 220 221 221 222 220 221 220
217 217 216 215 215 220 202 178 143 116 131 155 124  97 117 172 217 225 226 226 224 221 222 224 224 223 222 223 223 222 222 221
216 217 219 218 218 216 218 224 228 217 220 233 225 210 219 235 221 226 229 229 228 225 224 225 224 223 222 222 222 221 221 220
216 216 218 219 218 215 218 217 214 218 218 219 219 225 224 221 224 227 228 227 227 226 226 225 224 223 222 222 222 221 221 220
