125 122 123 125 124 123 121  93  98 118  96  95 101  98  99  92  77  63  33  35  95  79  81 160 103  62  57  62  57  46  75  53
161 151 145 138 126 123 127 115 102 118 113 113 113 103 106 107 108 100  76  54 109  89 108 174 131  59  74  74  51  27  68  61
222 221 207 197 181 171 168 160 109 120 108 119 118 111 120 117 110 104  91  66 120 122 124 170 182  86  80  75  78  48  54  38
222 223 222 222 224 224 219 200 112 101 104 129 153 140 139 130 121 121 118 102 132 129 131 162 193 124  79  70  74  45  49  27
228 223 221 226 221 219 226 205 122 104 100 154 226 202 200 191 177 162 155 110 133 105 127 187 199 144  79  83  74  55  55  29
225 227 226 227 225 225 232 207 118  96 106 156 230 215 159 141 126  98  86  81  66  47  86 159 207 202 139  83  77  62  39  24
224 226 224 225 225 226 231 209 110  84 102 154 230 163  83  57  36  36  48  72  57   6  23  61 139 202 176  58  55  47  16  18
223 224 222 223 224 226 231 208 119 107 112 148 215 113 163 143  70  88  30  25  77  82 107  79  52  95 172  76  39  43  16  36
218 220 219 221 224 226 230 208 119  99 104 151 158 145 192 186 168 143  40  44 104 139 124 104  62  41 149 115  42  41   7  46
217 220 219 220 223 227 228 207 121  90 111 130 131 171 183 190 187 124  42  58  76 100  76  93  78  35  85  95  52  23  24  31
221 221 216 217 223 222 228 205 130 100  99 106 106  74 106 160 133  55  42  73  82  52  37  68  77  31  34  72  42   3  37  34
225 221 220 221 207 187 175 158 109 101  91  78  74  69  58  79  72  60  63  66  78  40  26  25  38  56  71  67  52  27  34  23
225 225 208 191 143 123 106  90  89  94  84  76  75  85  84  75  89  93 115  85  47  50  70  71  75  96  90  77  67  66  50  20
223 191 146 133 118 108  99  90  83  82  88  92  85  84  82  73  76  91  99  85  77  78  89  87  92  88  72  64  59  68  58  40
216 104  53  69  79  87 108 120 116 116 102  84  85  83  83  74  73  78  75  65  64  77  74  73  70  68  72  72  72  59  49  33
219  95  24  18  13  22  67 119 112 120  98  74  68  79  84  71  62  64  56  54  50  62  62  58  58  61  71  79  71  54  52  39
223 152  43  13  19  48  62  98  80 105  92  64  66  87  71  63  56  50  48  44  44  48  45  45  43  49  71  56  24  60  66  46
224 160  43  21  33  51  99 105 115 147 106  67  88  43   3   9  55  70  57  55  51  51  49  50  52  60  77  38  12  59  72  71
210 142  76  61  53  52  73  88 143 186 113  84  80   5  10   5  41  80  72  72  72  65  62  65  65  71  75  62  51  59  80  60
220 154 100  70  79  90  90 111 139 151 120  83  43  13  61  22  35  81  73  76  79  70  69  66  69  73  60  51  83  78  91  68
228 149 100 127  79  82  99 116 110 123 106  77  19  56 101  41  32  85  70  73  78  79  79  76  72  74  55  38  82 101  97  71
223 201 142 178  55  25  37  88  73  75  76  59  25  46  78  71  32  80  68  73  74  71  68  72  69  70  39  53  80 144 139  92
221 153  96 182 105  79  56  61  53  54  71  37  33  34  50  73  40  78  64  65  68  71  71  72  77  56  35  65 108 167 164 139
203 131  63 102  55  24  35  36  38  36  40  23  32  47  62  49  43  78  73  58  61  70  68  57  60  41  32  67  99 154 165 168
211 206 140  60  20  31  25  27  45  39  34  30  38  50  87  64  46  52  33  16  11  11  17  22  23  24  33  63  72  46  87 153
200 203 203 164  41  27  31  42  47  54  44  33  36  56  80  85  29  23  14   6   3   0   1   2   7  23  42  51  77 107 159 176
194 194 191 139  34  16  22  28  29  33  25  26  33  54  70  75  24  13  10  13  16  32  60  84 108 134 144 143 163 193 196 194
190 186 184 105  31  10   7  15  21  16  14  29  42  40  87  54   8  22  47  87 129 162 183 205 210 209 211 212 209 196 192 191
188 189 187 176 154 105  72  43  20  17  11  15  29  32  50  44  76 144 184 197 209 210 206 209 206 204 204 203 201 196 195 196
192 192 191 190 195 204 187 162 128 100 113 139 110  87 109 156 196 204 205 205 204 204 205 206 207 206 204 203 201 198 197 198
195 195 197 196 200 200 203 209 212 201 201 216 210 198 210 213 193 198 201 201 203 206 206 206 205 204 202 201 201 200 199 200
197 198 199 200 202 199 203 202 199 202 199 201 203 211 212 199 196 199 200 200 202 206 206 206 205 203 202 202 202 202 203 202
