9.140214323997497559e-01
9.726945757865905762e-01
9.259184598922729492e-01
9.077801704406738281e-01
1.024077296257019043e+00
1.003982782363891602e+00
9.109138250350952148e-01
8.874665498733520508e-01
9.686246514320373535e-01
9.394757151603698730e-01
8.538784980773925781e-01
9.544511437416076660e-01
1.001165270805358887e+00
9.736318588256835938e-01
1.023690938949584961e+00
8.991626501083374023e-01
9.489048123359680176e-01
9.357993602752685547e-01
1.030641555786132812e+00
1.044079303741455078e+00
9.422579407691955566e-01
9.705494642257690430e-01
1.059655189514160156e+00
9.717046022415161133e-01
1.024485826492309570e+00
9.611310958862304688e-01
8.870055675506591797e-01
1.021845459938049316e+00
1.177032947540283203e+00
9.605524539947509766e-01
9.854154586791992188e-01
9.674494862556457520e-01
8.435353040695190430e-01
1.065212965011596680e+00
9.507382512092590332e-01
1.024928331375122070e+00
9.062208533287048340e-01
8.590455055236816406e-01
9.630480408668518066e-01
9.387046098709106445e-01
1.061496496200561523e+00
8.675271868705749512e-01
1.023451566696166992e+00
8.840819001197814941e-01
1.018488407135009766e+00
8.523753881454467773e-01
9.831701517105102539e-01
1.037338733673095703e+00
1.016589641571044922e+00
1.159810066223144531e+00
1.082982420921325684e+00
1.039625763893127441e+00
9.017452597618103027e-01
9.359605312347412109e-01
1.421426534652709961e+00
1.030514955520629883e+00
1.042845129966735840e+00
8.435107469558715820e-01
9.790028333663940430e-01
8.722078800201416016e-01
1.082367897033691406e+00
1.017431139945983887e+00
1.114856004714965820e+00
9.792355895042419434e-01
