1.834832280874252319e-01
8.383151888847351074e-02
1.070365533232688904e-01
1.640854477882385254e-01
6.127180531620979309e-02
1.091828122735023499e-01
1.405856013298034668e-01
6.211899220943450928e-02
6.992027163505554199e-02
5.494561418890953064e-02
3.510184586048126221e-02
8.996728807687759399e-02
7.375564426183700562e-02
3.620509058237075806e-02
1.997075974941253662e-01
1.104591935873031616e-01
2.820868492126464844e-01
6.138643994927406311e-02
4.203979298472404480e-02
1.209229156374931335e-01
8.942949026823043823e-02
1.508979946374893188e-01
1.136477962136268616e-01
1.442848443984985352e-01
1.573241949081420898e-01
2.407373636960983276e-01
9.336267411708831787e-02
2.185507863759994507e-01
8.424019813537597656e-02
1.025825589895248413e-01
1.099068596959114075e-01
1.098302528262138367e-01
9.919732064008712769e-02
8.944929391145706177e-02
1.727710962295532227e-01
1.420799046754837036e-01
2.361027151346206665e-02
1.472351551055908203e-01
1.318199038505554199e-01
1.924710124731063843e-01
1.453728526830673218e-01
7.943306863307952881e-02
1.129412576556205750e-01
1.775630116462707520e-01
1.009717732667922974e-01
1.693537086248397827e-01
1.140352264046669006e-01
1.418567448854446411e-01
1.296838968992233276e-01
8.251772820949554443e-02
1.590192914009094238e-01
-2.277323603630065918e-02
1.391503810882568359e-01
7.042540609836578369e-02
6.714786589145660400e-02
1.083171144127845764e-01
1.289680004119873047e-01
8.000792562961578369e-02
3.407098725438117981e-02
1.293216794729232788e-01
7.437804341316223145e-02
1.528764516115188599e-01
1.701247245073318481e-01
1.450420916080474854e-01
1.012880057096481323e-01
2.396047264337539673e-01
1.869636625051498413e-01
8.941224962472915649e-02
8.115215599536895752e-02
1.253327280282974243e-01
7.736240327358245850e-02
4.100959375500679016e-02
5.738296732306480408e-02
1.223834753036499023e-01
1.256182640790939331e-01
1.500468403100967407e-01
1.538700312376022339e-01
1.253059804439544678e-01
1.285786479711532593e-01
-3.125279676169157028e-03
1.141029298305511475e-01
8.985578268766403198e-02
1.623087078332901001e-01
1.334302723407745361e-01
7.894951850175857544e-02
1.122846007347106934e-01
2.165652364492416382e-01
1.050368472933769226e-01
1.037094295024871826e-01
1.013053879141807556e-01
1.990722864866256714e-01
1.050098091363906860e-01
-4.221789911389350891e-02
1.573029905557632446e-01
1.405320465564727783e-01
2.029717415571212769e-01
1.238828897476196289e-01
4.539467021822929382e-02
6.405077129602432251e-02
1.517591476440429688e-01
1.175632700324058533e-01
1.260433048009872437e-01
1.296431869268417358e-01
3.840509429574012756e-02
1.541838943958282471e-01
1.341263800859451294e-01
1.612433046102523804e-01
1.642373800277709961e-01
4.293810948729515076e-02
8.376189507544040680e-03
1.608730852603912354e-01
8.555990457534790039e-02
1.173801794648170471e-01
1.691065877676010132e-01
1.537156999111175537e-01
1.425736993551254272e-01
1.006150096654891968e-01
9.662117063999176025e-02
1.419509351253509521e-01
1.648264825344085693e-01
1.396553069353103638e-01
6.478905677795410156e-03
1.169952154159545898e-01
8.844182640314102173e-02
2.930072695016860962e-02
7.804920524358749390e-02
1.284438520669937134e-01
4.479368031024932861e-02
2.055229991674423218e-01
8.677300810813903809e-02
1.303822249174118042e-01
8.204931020736694336e-02
7.144051045179367065e-02
4.346934705972671509e-02
1.281387209892272949e-01
1.577452272176742554e-01
1.229298785328865051e-01
6.088601052761077881e-02
1.131828278303146362e-01
1.185485497117042542e-01
6.675343960523605347e-02
1.073983684182167053e-01
1.661974191665649414e-01
5.948252975940704346e-02
1.137422025203704834e-01
9.622029960155487061e-02
1.511263251304626465e-01
1.939770877361297607e-01
8.671215921640396118e-02
1.533688008785247803e-01
1.935479789972305298e-01
1.459246128797531128e-01
5.887802690267562866e-02
1.083305403590202332e-01
8.385934680700302124e-02
1.288765072822570801e-01
8.884632587432861328e-02
5.898822471499443054e-02
1.118099465966224670e-01
9.865455329418182373e-02
8.735070377588272095e-02
1.468571871519088745e-01
1.672829091548919678e-01
2.082536928355693817e-02
7.966439425945281982e-02
1.506174951791763306e-01
1.437309533357620239e-01
9.410995244979858398e-02
6.889152526855468750e-02
1.404190659523010254e-01
1.305703371763229370e-01
8.911252766847610474e-02
1.295465826988220215e-01
1.146207079291343689e-01
1.280472725629806519e-01
1.500755548477172852e-01
2.340875715017318726e-01
1.632876843214035034e-01
1.325242072343826294e-01
1.322048008441925049e-01
1.312061995267868042e-01
1.031938642263412476e-01
1.215654462575912476e-01
1.504627913236618042e-01
7.449775934219360352e-02
3.364725783467292786e-02
1.494480520486831665e-01
9.901428967714309692e-02
1.562178283929824829e-01
3.010308369994163513e-02
1.258732825517654419e-01
1.494236737489700317e-01
1.797052621841430664e-01
1.892406940460205078e-01
1.137993857264518738e-01
3.516549244523048401e-02
6.061022728681564331e-02
4.127728566527366638e-02
1.785456985235214233e-01
-1.228863466531038284e-02
1.330817192792892456e-01
1.129929497838020325e-01
5.985887721180915833e-02
1.427991539239883423e-01
1.211130917072296143e-01
1.076594218611717224e-01
6.945049762725830078e-02
4.828682169318199158e-02
6.662717461585998535e-02
3.308987244963645935e-02
1.074114516377449036e-01
1.264685541391372681e-01
1.547629088163375854e-01
7.238224893808364868e-02
5.828908085823059082e-02
1.730541288852691650e-01
1.536137610673904419e-01
1.340222060680389404e-01
1.527630388736724854e-01
1.574422568082809448e-01
5.379463732242584229e-02
1.376291662454605103e-01
9.136672317981719971e-02
1.124692112207412720e-01
8.050046861171722412e-02
6.706164777278900146e-02
7.927140593528747559e-02
1.326060295104980469e-01
9.122373163700103760e-02
7.395254820585250854e-02
1.150847896933555603e-01
1.471100747585296631e-01
1.600629836320877075e-01
7.112608850002288818e-02
9.267069399356842041e-02
1.010327562689781189e-01
5.406492203474044800e-02
8.459950983524322510e-02
1.230589523911476135e-01
1.044700592756271362e-01
9.794620797038078308e-03
1.344146728515625000e-01
2.079560421407222748e-02
7.612692564725875854e-02
1.222188472747802734e-01
1.456318646669387817e-01
1.176448091864585876e-01
4.185035079717636108e-02
1.302653998136520386e-01
1.171272024512290955e-01
8.891753107309341431e-02
7.138495892286300659e-02
1.373959779739379883e-01
1.705187708139419556e-01
1.713291108608245850e-01
1.486255228519439697e-01
1.550420671701431274e-01
1.951361447572708130e-02
1.453681616112589836e-03
2.944699488580226898e-02
2.467977814376354218e-02
8.587464690208435059e-02
6.934401392936706543e-02
2.928723394870758057e-02
1.723548173904418945e-01
5.860312655568122864e-02
1.253844201564788818e-01
-5.838100332766771317e-03
1.481284797191619873e-01
1.370615512132644653e-01
1.518801301717758179e-01
8.013514429330825806e-02
1.358796805143356323e-01
1.146626546978950500e-01
1.114400550723075867e-01
6.306632608175277710e-02
6.513067334890365601e-02
9.496331959962844849e-02
9.731274843215942383e-02
5.155117809772491455e-02
3.263919055461883545e-02
4.493616148829460144e-02
1.004898250102996826e-01
1.009933724999427795e-01
1.679770201444625854e-01
1.833795309066772461e-01
1.149796023964881897e-01
1.199298799037933350e-01
1.392662823200225830e-01
8.793439716100692749e-02
6.682285666465759277e-02
7.906521856784820557e-02
1.818294525146484375e-01
1.294238716363906860e-01
4.361494630575180054e-02
9.952111542224884033e-02
8.243061602115631104e-02
9.217805415391921997e-02
4.912400618195533752e-02
2.211970090866088867e-01
1.590261906385421753e-01
5.989694967865943909e-02
1.402143985033035278e-01
7.168114185333251953e-03
8.397475630044937134e-02
1.403059661388397217e-01
9.392428398132324219e-02
2.122834324836730957e-01
1.994648873805999756e-01
1.065048426389694214e-01
1.201592311263084412e-01
1.225667893886566162e-01
2.168009281158447266e-01
2.234705984592437744e-01
8.374192565679550171e-02
1.028347238898277283e-01
1.535808444023132324e-01
1.291795969009399414e-01
1.273548454046249390e-01
1.015417426824569702e-01
2.065863460302352905e-01
1.071539521217346191e-01
1.140838861465454102e-01
1.130582168698310852e-01
6.647406518459320068e-02
1.658398658037185669e-01
8.926863223314285278e-02
1.463785916566848755e-01
1.373582780361175537e-01
1.887398026883602142e-02
2.381327748298645020e-01
1.500745117664337158e-01
9.780224412679672241e-02
8.116352558135986328e-02
5.211622640490531921e-02
9.094344824552536011e-02
7.143768668174743652e-02
9.079883247613906860e-02
9.771674871444702148e-02
1.642712503671646118e-01
5.630561709403991699e-02
2.095101773738861084e-01
1.044163927435874939e-01
1.418674588203430176e-01
1.081311255693435669e-01
2.009908407926559448e-01
2.034354358911514282e-01
1.082826033234596252e-01
1.298990398645401001e-01
1.458470970392227173e-01
1.544170230627059937e-01
1.963362991809844971e-01
1.269677579402923584e-01
1.907806694507598877e-01
2.042509913444519043e-01
1.893370002508163452e-01
1.674111485481262207e-01
9.559863060712814331e-02
8.730687946081161499e-02
2.326269298791885376e-01
1.551846861839294434e-01
1.414128690958023071e-01
-4.075798671692609787e-03
1.405003517866134644e-01
6.768848001956939697e-02
2.226259708404541016e-01
6.848439574241638184e-02
6.573798507452011108e-02
5.314121022820472717e-02
1.598523706197738647e-01
1.318481862545013428e-01
1.162507310509681702e-01
7.811234146356582642e-02
9.160349518060684204e-02
1.784325540065765381e-01
1.518792212009429932e-01
5.698473751544952393e-02
1.546965390443801880e-01
1.235838383436203003e-01
1.238771080970764160e-01
8.249644190073013306e-02
1.930473297834396362e-01
1.259666532278060913e-01
1.553735584020614624e-01
6.449486315250396729e-02
8.267002552747726440e-02
1.496213525533676147e-01
9.481735527515411377e-02
1.672272086143493652e-01
5.530595779418945312e-02
5.677364394068717957e-02
1.670159399509429932e-01
1.060389280319213867e-01
1.470842361450195312e-01
1.155312880873680115e-01
1.270800083875656128e-01
3.781005740165710449e-02
9.543957561254501343e-02
9.474931657314300537e-02
2.410431392490863800e-02
7.822547852993011475e-02
1.370799541473388672e-01
4.779545217752456665e-02
1.646299511194229126e-01
2.392779141664505005e-01
7.694363594055175781e-02
1.156926974654197693e-01
1.271852850914001465e-01
1.575021892786026001e-01
1.374666988849639893e-01
8.652972429990768433e-02
1.756222546100616455e-01
-3.081132657825946808e-02
1.638704985380172729e-01
1.424248665571212769e-01
6.965865939855575562e-02
1.383978277444839478e-01
9.435772150754928589e-02
8.501683920621871948e-02
5.779648572206497192e-02
7.640900462865829468e-02
1.190952435135841370e-01
8.935969322919845581e-02
6.324578076601028442e-02
6.544291973114013672e-02
1.668171882629394531e-01
2.074621468782424927e-01
1.361917853355407715e-01
1.607944667339324951e-01
9.719274193048477173e-02
1.852518618106842041e-01
1.580307334661483765e-01
1.102120578289031982e-01
1.634677201509475708e-01
9.742899239063262939e-02
6.982933729887008667e-02
3.792165964841842651e-02
1.107624024152755737e-01
9.491065144538879395e-02
1.061561033129692078e-01
1.561386734247207642e-01
1.022135242819786072e-01
1.219042614102363586e-01
1.888530254364013672e-01
1.670674681663513184e-01
1.558111906051635742e-01
1.905530244112014771e-01
9.485509991645812988e-02
1.556656509637832642e-01
1.721732318401336670e-01
1.422146707773208618e-01
1.059741228818893433e-01
9.046562016010284424e-02
8.726792782545089722e-02
1.354783624410629272e-01
1.221758946776390076e-01
1.287209540605545044e-01
1.002218648791313171e-01
9.503491222858428955e-02
6.412699073553085327e-02
1.844127029180526733e-01
1.557134985923767090e-01
2.087316811084747314e-01
9.969098120927810669e-02
3.411338105797767639e-02
9.853177517652511597e-02
1.411014795303344727e-01
6.740138679742813110e-02
6.786598265171051025e-02
1.422807276248931885e-01
1.614698767662048340e-01
1.213992312550544739e-01
2.155042253434658051e-02
1.065333262085914612e-01
4.799580946564674377e-02
1.977452784776687622e-01
1.016738861799240112e-01
1.144513413310050964e-01
1.409104466438293457e-01
7.804130017757415771e-02
1.478972882032394409e-01
1.004074737429618835e-01
1.232985481619834900e-01
7.196964323520660400e-02
3.107050955295562744e-01
4.543656110763549805e-02
1.260379701852798462e-01
7.914494723081588745e-02
5.702440813183784485e-02
5.198445916175842285e-02
8.422157913446426392e-02
1.071688532829284668e-01
1.709844768047332764e-01
7.889523357152938843e-02
7.605039328336715698e-02
4.733998328447341919e-02
1.256015524268150330e-02
9.834066033363342285e-02
7.018775492906570435e-02
1.737416088581085205e-01
1.480920910835266113e-01
1.086549758911132812e-01
8.914853632450103760e-02
1.589290946722030640e-01
5.512388795614242554e-02
1.261975318193435669e-01
8.093249797821044922e-02
1.836538873612880707e-02
2.260095775127410889e-01
1.706033796072006226e-01
2.406203448772430420e-01
1.372443586587905884e-01
