-5.399467796087265015e-02
-2.943628653883934021e-02
-1.364452019333839417e-02
4.040446504950523376e-02
-1.123692616820335388e-01
-1.594329476356506348e-01
1.644410490989685059e-01
-2.478910237550735474e-01
-1.831333786249160767e-01
-4.636349529027938843e-02
-1.846860647201538086e-01
-9.178725630044937134e-02
-2.364998310804367065e-02
-9.332115203142166138e-02
-3.174273371696472168e-01
-6.084648147225379944e-02
-1.233234331011772156e-01
-6.933869421482086182e-02
-1.937806457281112671e-01
-1.850204765796661377e-01
-1.139589101076126099e-01
-5.522099137306213379e-02
-6.736146751791238785e-04
-2.551721036434173584e-01
-5.886731296777725220e-02
-9.516999870538711548e-02
-1.082445830106735229e-01
-5.056252330541610718e-02
-1.798886358737945557e-01
8.387774229049682617e-02
-2.454710379242897034e-02
-2.381020933389663696e-01
-5.847473442554473877e-02
-7.876436412334442139e-02
-1.311682071536779404e-02
-2.351150959730148315e-01
-1.058663427829742432e-01
-3.738209232687950134e-02
-1.858025938272476196e-01
3.031487390398979187e-02
-6.267600506544113159e-02
-1.095582097768783569e-01
-2.335309237241744995e-01
-1.072132661938667297e-01
2.458794973790645599e-02
-3.451275080442428589e-02
-2.022494822740554810e-01
-1.808568686246871948e-01
-8.527927100658416748e-02
-1.893569380044937134e-01
-9.467811137437820435e-02
-1.048877909779548645e-01
-5.635084211826324463e-02
-2.062909752130508423e-01
3.128134831786155701e-02
-1.575820297002792358e-01
-4.421779811382293701e-01
-4.136236011981964111e-02
1.184841915965080261e-01
-1.980865895748138428e-01
-1.763136982917785645e-01
-1.384248584508895874e-01
-1.504748910665512085e-01
-1.169866789132356644e-02
-1.203017905354499817e-01
-6.735349446535110474e-02
-2.266192436218261719e-01
-2.926438748836517334e-01
-1.552687287330627441e-01
-3.919172659516334534e-02
-9.936831146478652954e-02
-1.431022435426712036e-01
-2.296296879649162292e-02
6.832455843687057495e-02
-2.408254705369472504e-02
1.982462406158447266e-02
-4.461313039064407349e-02
-2.926288172602653503e-02
-1.276707500219345093e-01
-1.266032159328460693e-01
-1.854429543018341064e-01
-5.635282769799232483e-02
1.393154636025428772e-02
8.821908384561538696e-02
-1.404706761240959167e-02
-3.794696927070617676e-01
-1.175693050026893616e-01
6.472430378198623657e-02
-1.951452642679214478e-01
-7.782141864299774170e-02
-7.204630225896835327e-02
-2.833063602447509766e-01
-6.656935811042785645e-02
-7.533037662506103516e-02
-7.636713236570358276e-02
-1.398225128650665283e-01
-1.426098644733428955e-01
6.477444618940353394e-02
-6.019698083400726318e-02
-1.619406193494796753e-01
-2.069202065467834473e-01
-1.444568634033203125e-01
-1.990168690681457520e-01
-1.575279980897903442e-01
-2.124931961297988892e-01
-5.849912390112876892e-02
-2.047084830701351166e-02
-8.040543645620346069e-02
-1.106876581907272339e-01
-1.090138182044029236e-01
-2.333576232194900513e-01
-3.001930192112922668e-02
-6.701738387346267700e-02
-1.965420097112655640e-01
4.675339162349700928e-02
6.304242182523012161e-03
-5.997393652796745300e-02
-6.725673377513885498e-02
-1.237362772226333618e-01
-8.042582869529724121e-02
-3.671267628669738770e-02
-1.993366777896881104e-01
1.507307635620236397e-03
-2.452721148729324341e-01
-2.258004844188690186e-01
5.816350132226943970e-02
-1.039742976427078247e-01
-9.779355674982070923e-02
1.402668952941894531e-01
-9.011133015155792236e-02
-7.891331613063812256e-02
-9.701188653707504272e-02
-1.956024169921875000e-01
-1.272692531347274780e-01
-6.875485926866531372e-02
-2.082633376121520996e-01
-3.480674698948860168e-02
3.736882656812667847e-02
-2.740305662155151367e-01
-3.165424764156341553e-01
6.928364187479019165e-02
-1.276005059480667114e-01
-9.798433631658554077e-02
-1.817413978278636932e-02
-1.425288170576095581e-01
7.655923068523406982e-02
-7.165580242872238159e-02
-1.245069429278373718e-01
-7.208576798439025879e-02
2.524968050420284271e-02
-2.381670922040939331e-01
-2.063831090927124023e-01
-2.907116413116455078e-01
-8.182959258556365967e-02
-2.226413488388061523e-01
1.263148244470357895e-02
-1.294948458671569824e-01
-1.837051659822463989e-01
-2.498016133904457092e-02
-8.884525299072265625e-02
-1.331858038902282715e-01
-1.106592118740081787e-01
4.040286410599946976e-03
-2.206902354955673218e-01
-2.098184973001480103e-01
-1.671551354229450226e-02
-1.695491373538970947e-01
-3.413020670413970947e-01
-7.158346474170684814e-02
4.651730507612228394e-02
1.636139117181301117e-02
1.306034997105598450e-02
5.303249508142471313e-02
-2.767853140830993652e-01
-1.092535853385925293e-01
-4.304137825965881348e-02
3.288581222295761108e-02
3.294767066836357117e-02
-1.681237518787384033e-01
-1.013588756322860718e-01
-1.128420531749725342e-01
-5.741013213992118835e-02
-2.891937792301177979e-01
-1.688832938671112061e-01
-5.215271934866905212e-02
-3.306267410516738892e-02
-1.865527033805847168e-01
-1.749359816312789917e-02
-2.600196301937103271e-01
3.236889466643333435e-02
-1.244607269763946533e-01
-2.467208951711654663e-01
-7.241340726613998413e-02
-1.471084356307983398e-01
-1.610952466726303101e-01
-3.405663371086120605e-02
7.831216603517532349e-02
5.687210336327552795e-02
-2.125347703695297241e-01
-1.098124459385871887e-01
-1.273566931486129761e-01
-1.937808394432067871e-01
-5.817456170916557312e-02
-1.773484051227569580e-02
-2.879169285297393799e-01
-1.428243964910507202e-01
-1.604798734188079834e-01
-8.398014307022094727e-02
-3.345662727952003479e-02
-3.430431941524147987e-03
-8.250272274017333984e-02
-3.812495246529579163e-02
-8.650893718004226685e-02
-1.732011437416076660e-01
3.886964172124862671e-02
3.165734186768531799e-02
3.395866975188255310e-02
-1.027570385485887527e-02
-1.337662786245346069e-01
-6.972804665565490723e-02
1.802294515073299408e-02
-9.833616763353347778e-02
-5.602873116731643677e-02
-6.281466037034988403e-02
-2.179822772741317749e-01
-2.368716895580291748e-01
-2.074707001447677612e-01
-1.623399406671524048e-01
1.667616665363311768e-01
-1.291940957307815552e-01
-2.018932104110717773e-01
6.851727515459060669e-02
2.379972487688064575e-03
5.305544659495353699e-02
-6.644311547279357910e-02
-1.055328175425529480e-01
-6.003564596176147461e-02
-1.957815140485763550e-01
-3.442296385765075684e-01
-7.986672222614288330e-02
-1.003892719745635986e-01
-9.342760592699050903e-02
-1.216762289404869080e-01
-6.691689044237136841e-02
-1.586187779903411865e-01
-1.774317771196365356e-01
-1.483598947525024414e-01
3.182771801948547363e-02
-1.298861056566238403e-01
-1.610631942749023438e-01
-4.401142150163650513e-02
8.156061917543411255e-02
-1.762039959430694580e-01
-4.865215718746185303e-02
-5.410825088620185852e-02
-1.378468424081802368e-02
