-3.914324641227722168e-01
-4.083856344223022461e-01
-3.037636578083038330e-01
-1.885522007942199707e-01
-4.039118289947509766e-01
-3.807622492313385010e-01
-2.639001905918121338e-01
-2.747665047645568848e-01
-2.716711759567260742e-01
-4.423801302909851074e-01
-4.194859266281127930e-01
-3.715147078037261963e-01
-2.038135528564453125e-01
-2.150836139917373657e-01
-3.315392136573791504e-01
-3.132111132144927979e-01
-4.243339896202087402e-01
-3.795013725757598877e-01
-4.304152727127075195e-01
-2.567459642887115479e-01
-4.401537477970123291e-01
-1.877939105033874512e-01
-3.602236509323120117e-01
-2.795819640159606934e-01
-3.470953702926635742e-01
-4.815301597118377686e-01
-2.057681530714035034e-01
-4.060371816158294678e-01
-3.180631697177886963e-01
-2.699589729309082031e-01
-4.682430922985076904e-01
-4.029934406280517578e-01
-2.981052994728088379e-01
-3.056013882160186768e-01
-4.517309367656707764e-01
-3.619768619537353516e-01
-1.327298879623413086e-01
-3.483482003211975098e-01
-4.821012616157531738e-01
-2.353998273611068726e-01
-2.904201745986938477e-01
-2.929041087627410889e-01
-3.529602587223052979e-01
-4.027937948703765869e-01
-2.927713692188262939e-01
-4.263035058975219727e-01
-3.961032927036285400e-01
-4.236519038677215576e-01
-3.036615550518035889e-01
-3.862624168395996094e-01
-2.545674741268157959e-01
-3.818467855453491211e-01
-4.646085500717163086e-01
-3.497146964073181152e-01
-3.948229253292083740e-01
-2.903353869915008545e-01
-2.851643264293670654e-01
-3.657044768333435059e-01
-2.502982616424560547e-01
-2.800947725772857666e-01
-4.060299992561340332e-01
-2.976105809211730957e-01
-3.547960817813873291e-01
-3.345612287521362305e-01
-1.754066348075866699e-01
-2.288588732481002808e-01
-4.559948146343231201e-01
-4.719097018241882324e-01
-4.204851090908050537e-01
-3.181285262107849121e-01
-3.212620913982391357e-01
-3.090206980705261230e-01
-3.526705205440521240e-01
-2.373184561729431152e-01
-4.106221795082092285e-01
-3.909918665885925293e-01
-3.235087394714355469e-01
-2.686430513858795166e-01
-2.781118154525756836e-01
-2.222203910350799561e-01
-2.994393110275268555e-01
-3.160188198089599609e-01
-3.723440468311309814e-01
-3.373647332191467285e-01
-3.548666238784790039e-01
-1.872392296791076660e-01
-3.041182458400726318e-01
-3.060823380947113037e-01
-2.661698460578918457e-01
-2.314989119768142700e-01
-4.096779227256774902e-01
-1.683487594127655029e-01
-4.417611360549926758e-01
-4.447043836116790771e-01
-3.304369449615478516e-01
-2.632701098918914795e-01
-3.453574180603027344e-01
-2.500113546848297119e-01
-4.268499314785003662e-01
-3.991785347461700439e-01
-3.006885647773742676e-01
-3.236564099788665771e-01
-3.240562975406646729e-01
-3.500083386898040771e-01
-1.460592746734619141e-01
-1.282183676958084106e-01
-2.779507935047149658e-01
-3.384539484977722168e-01
-2.488369494676589966e-01
-2.304916977882385254e-01
-1.674068421125411987e-01
-3.970850408077239990e-01
-3.151476383209228516e-01
-3.895345330238342285e-01
-4.228494167327880859e-01
-3.321095705032348633e-01
-3.187049627304077148e-01
-4.088143706321716309e-01
-3.693999946117401123e-01
-4.017788767814636230e-01
-3.790830671787261963e-01
-2.591256499290466309e-01
-2.088652700185775757e-01
-4.347949922084808350e-01
-2.823294997215270996e-01
-2.252131849527359009e-01
-2.756620049476623535e-01
-3.048321008682250977e-01
-3.839166164398193359e-01
-3.548201918601989746e-01
-2.723452150821685791e-01
-4.515548646450042725e-01
-2.592095434665679932e-01
-3.318735361099243164e-01
-3.410971164703369141e-01
-3.700104057788848877e-01
-1.736437976360321045e-01
-2.951618731021881104e-01
-3.636762797832489014e-01
-3.185968101024627686e-01
-3.613858819007873535e-01
-1.884526014328002930e-01
-2.224460989236831665e-01
-2.300687283277511597e-01
-3.713843524456024170e-01
-3.813937306404113770e-01
-4.223968684673309326e-01
-4.225938320159912109e-01
-4.981738626956939697e-01
-2.182918190956115723e-01
-3.850062489509582520e-01
-3.628306090831756592e-01
-4.197121858596801758e-01
-3.643803000450134277e-01
-3.651686608791351318e-01
-2.232619225978851318e-01
-3.011565208435058594e-01
-4.212644100189208984e-01
-3.429332673549652100e-01
-2.947273254394531250e-01
-3.351520597934722900e-01
-3.128916323184967041e-01
-3.285640478134155273e-01
-3.014304935932159424e-01
-2.198135703802108765e-01
-3.579781651496887207e-01
-2.993902862071990967e-01
-3.874104619026184082e-01
-2.235369086265563965e-01
-4.422293603420257568e-01
-2.616994380950927734e-01
-3.541596531867980957e-01
-4.011546373367309570e-01
-3.873600959777832031e-01
-2.714369297027587891e-01
-2.779189646244049072e-01
-4.071665406227111816e-01
-4.402734935283660889e-01
-2.291405200958251953e-01
-4.011417925357818604e-01
-3.710955977439880371e-01
-3.119819462299346924e-01
-4.389457404613494873e-01
-4.240782856941223145e-01
-5.616852045059204102e-01
-1.773876100778579712e-01
-3.672526180744171143e-01
-3.852916359901428223e-01
-4.564409255981445312e-01
-4.283483922481536865e-01
-3.447511494159698486e-01
-4.329144358634948730e-01
-3.351138532161712646e-01
-1.306390166282653809e-01
-3.122255206108093262e-01
-4.450290501117706299e-01
-3.613955378532409668e-01
-2.625362575054168701e-01
-2.673625349998474121e-01
-4.270350039005279541e-01
-4.210977554321289062e-01
-3.806577026844024658e-01
-3.369938433170318604e-01
-2.492120116949081421e-01
-2.978300750255584717e-01
-2.987138032913208008e-01
-2.799952924251556396e-01
-2.488438040018081665e-01
-4.970970451831817627e-01
-2.843513190746307373e-01
-3.432717025279998779e-01
-3.845517039299011230e-01
-4.709811210632324219e-01
-4.376462996006011963e-01
-1.339862197637557983e-01
-3.306752443313598633e-01
-2.701905667781829834e-01
-2.133554220199584961e-01
-1.811361908912658691e-01
-2.450978010892868042e-01
-3.340570628643035889e-01
-3.266500532627105713e-01
-3.867281973361968994e-01
-2.625093758106231689e-01
-3.083449304103851318e-01
-2.415505945682525635e-01
-2.637970447540283203e-01
-3.285006284713745117e-01
-3.922010958194732666e-01
-2.675852179527282715e-01
-3.575479686260223389e-01
-3.837502598762512207e-01
-3.446586728096008301e-01
-3.296371102333068848e-01
-3.168923556804656982e-01
-1.205637976527214050e-01
-3.569096028804779053e-01
-3.218903541564941406e-01
-1.967996954917907715e-01
-2.729594111442565918e-01
-3.529012203216552734e-01
-3.495820462703704834e-01
-2.758820652961730957e-01
-3.598993718624114990e-01
-3.508951067924499512e-01
-3.609843850135803223e-01
-3.268482089042663574e-01
-3.946247100830078125e-01
-3.674072623252868652e-01
-3.292357027530670166e-01
-3.165358603000640869e-01
-2.207790911197662354e-01
-2.395179420709609985e-01
-4.067704379558563232e-01
-2.856797873973846436e-01
-3.383685648441314697e-01
