1.215941650390625000e+03
5.550559692382812500e+02
8.538328247070312500e+02
7.297531738281250000e+02
1.074169311523437500e+03
5.303762207031250000e+02
6.590451049804687500e+02
1.990947631835937500e+03
7.081057739257812500e+02
4.926528320312500000e+02
2.256327819824218750e+02
9.566249389648437500e+02
8.317014160156250000e+02
3.616450805664062500e+02
9.990377197265625000e+02
2.818194885253906250e+02
6.514043579101562500e+02
5.491302490234375000e+02
1.554066772460937500e+02
7.552207031250000000e+02
8.940114746093750000e+02
5.284033813476562500e+02
8.343034667968750000e+02
7.184564819335937500e+02
5.076197509765625000e+02
5.299080810546875000e+02
7.054758911132812500e+02
1.243397216796875000e+03
4.807569885253906250e+02
5.379556274414062500e+02
4.293447875976562500e+02
7.535908203125000000e+02
1.132557373046875000e+03
4.656096191406250000e+02
1.161514038085937500e+03
7.396877441406250000e+02
2.099322662353515625e+02
5.275460815429687500e+02
1.139311523437500000e+03
1.603315429687500000e+03
3.528115844726562500e+02
3.607929687500000000e+02
1.248674560546875000e+03
3.841414794921875000e+02
5.025895385742187500e+02
5.473454589843750000e+02
3.285947265625000000e+02
7.405527954101562500e+02
7.502787475585937500e+02
3.989241333007812500e+02
3.788089294433593750e+02
2.989846191406250000e+02
9.627684936523437500e+02
1.101496948242187500e+03
5.702935791015625000e+02
4.534176330566406250e+02
8.771367187500000000e+02
3.924002990722656250e+02
1.075555175781250000e+03
1.079625366210937500e+03
2.940770996093750000e+03
4.825976257324218750e+02
5.601453857421875000e+02
4.327327880859375000e+02
1.377087158203125000e+03
6.684520874023437500e+02
3.985997924804687500e+02
3.762487182617187500e+02
4.495070190429687500e+02
5.964014282226562500e+02
3.671472167968750000e+02
7.545954589843750000e+02
3.118680114746093750e+02
5.376270141601562500e+02
3.316316833496093750e+02
2.851658325195312500e+02
8.043489990234375000e+02
2.213362121582031250e+02
9.747765502929687500e+02
4.628721923828125000e+02
5.101332092285156250e+02
4.640538940429687500e+02
4.391444396972656250e+02
1.743380126953125000e+03
2.756973571777343750e+02
7.137751464843750000e+02
8.924155883789062500e+02
2.592259277343750000e+03
6.724592895507812500e+02
6.082390747070312500e+02
8.797807617187500000e+02
7.066550292968750000e+02
2.401394287109375000e+03
9.472908935546875000e+02
5.734526977539062500e+02
4.502159729003906250e+02
3.352233276367187500e+02
3.335425415039062500e+02
1.358261230468750000e+03
4.049246215820312500e+02
6.122828979492187500e+02
6.761920776367187500e+02
5.016034240722656250e+02
2.517788818359375000e+03
3.919658813476562500e+02
3.481001892089843750e+02
1.000830078125000000e+03
4.616051635742187500e+02
5.107490234375000000e+02
2.109147644042968750e+02
4.321499633789062500e+02
8.387068481445312500e+02
3.246176757812500000e+02
5.815692749023437500e+02
4.660614929199218750e+02
4.445485229492187500e+02
4.775087585449218750e+02
8.857373657226562500e+02
5.348818969726562500e+02
1.004463256835937500e+03
8.039440917968750000e+02
2.184053466796875000e+03
1.025608764648437500e+03
1.123610839843750000e+03
2.395117919921875000e+03
1.076943115234375000e+03
5.781491088867187500e+02
5.489946899414062500e+02
6.757553100585937500e+02
3.907698059082031250e+02
3.054502258300781250e+02
4.274760131835937500e+02
2.028931121826171875e+02
2.249707641601562500e+02
4.589718017578125000e+02
1.029650146484375000e+03
8.336224975585937500e+02
3.512712097167968750e+02
1.019069458007812500e+03
4.326394653320312500e+02
1.697724914550781250e+02
8.223317260742187500e+02
1.031312866210937500e+03
3.054638061523437500e+02
4.165479431152343750e+02
4.923164978027343750e+02
5.423937988281250000e+02
8.905978393554687500e+02
8.026647338867187500e+02
6.882029418945312500e+02
5.670850219726562500e+02
2.696073913574218750e+02
1.153760009765625000e+03
7.663796386718750000e+02
1.911494750976562500e+02
5.326602783203125000e+02
3.841237487792968750e+02
4.714035949707031250e+02
6.401962890625000000e+02
1.097102294921875000e+03
7.449664306640625000e+02
6.403674926757812500e+02
4.066797180175781250e+02
3.323930358886718750e+02
9.316760864257812500e+02
3.609137573242187500e+02
1.270694213867187500e+03
4.178402709960937500e+02
9.176835937500000000e+02
4.140037841796875000e+02
1.382034179687500000e+03
3.862613525390625000e+02
5.160134277343750000e+02
2.280138854980468750e+02
4.118444824218750000e+02
1.131778686523437500e+03
5.693296508789062500e+02
8.759373168945312500e+02
7.953428344726562500e+02
6.107408447265625000e+02
5.299553833007812500e+02
7.076196289062500000e+02
4.908466796875000000e+02
9.004127197265625000e+02
8.575382690429687500e+02
3.697828063964843750e+02
3.711759948730468750e+02
1.512671386718750000e+03
3.990100097656250000e+02
5.143547363281250000e+02
4.229039306640625000e+02
4.643740844726562500e+02
7.430923461914062500e+02
1.155636596679687500e+03
6.766904907226562500e+02
3.111036682128906250e+02
5.092480163574218750e+02
7.296905517578125000e+02
5.344603881835937500e+02
3.974954223632812500e+02
7.906699829101562500e+02
8.125760498046875000e+02
4.234600524902343750e+02
6.312807006835937500e+02
5.154752197265625000e+02
2.345307617187500000e+02
1.027314697265625000e+03
1.717633209228515625e+02
5.868008422851562500e+02
5.988039550781250000e+02
8.847098388671875000e+02
5.815823364257812500e+02
6.021762084960937500e+02
8.961014404296875000e+02
1.379913696289062500e+03
8.061720581054687500e+02
1.292807861328125000e+03
3.068368225097656250e+02
6.702639160156250000e+02
7.795407714843750000e+02
5.794136352539062500e+02
7.569266967773437500e+02
7.667380981445312500e+02
3.979566650390625000e+02
3.906817016601562500e+02
1.892685241699218750e+02
2.252911376953125000e+02
8.115906372070312500e+02
3.456006164550781250e+02
5.263010253906250000e+02
9.099288940429687500e+02
6.691964111328125000e+02
9.424833984375000000e+02
3.191959533691406250e+02
1.158693847656250000e+03
4.551220397949218750e+02
4.702686462402343750e+02
3.739213256835937500e+02
2.532499694824218750e+02
3.948046264648437500e+02
2.682878417968750000e+02
3.649136962890625000e+02
9.847162475585937500e+02
7.279480590820312500e+02
8.401520996093750000e+02
4.376278076171875000e+02
5.698138427734375000e+02
3.385447082519531250e+02
6.231181030273437500e+02
1.009890319824218750e+03
6.253562622070312500e+02
7.079390258789062500e+02
7.795802001953125000e+02
1.121363769531250000e+03
8.712142333984375000e+02
7.220139160156250000e+02
8.386724243164062500e+02
2.515565338134765625e+02
1.482268524169921875e+02
6.332628784179687500e+02
2.350049896240234375e+02
3.525629272460937500e+02
3.600892028808593750e+02
6.648496093750000000e+02
1.215243652343750000e+03
5.740597534179687500e+02
9.043066406250000000e+02
1.116561523437500000e+03
4.604129638671875000e+02
3.831581420898437500e+02
1.315945068359375000e+03
4.326208190917968750e+02
2.890260009765625000e+02
4.342882995605468750e+02
3.988454589843750000e+02
2.699269104003906250e+02
3.486683959960937500e+02
5.489180297851562500e+02
6.652682495117187500e+02
3.473514099121093750e+02
3.393882751464843750e+02
2.469801635742187500e+02
4.429688415527343750e+02
5.274006347656250000e+02
5.366549072265625000e+02
5.754217529296875000e+02
4.522190856933593750e+02
5.156574096679687500e+02
8.674816894531250000e+02
2.146529388427734375e+02
7.747549438476562500e+02
4.127561645507812500e+02
7.986696166992187500e+02
9.009987792968750000e+02
3.293770751953125000e+02
4.760667419433593750e+02
7.688189086914062500e+02
7.271299438476562500e+02
3.112071533203125000e+02
5.104630126953125000e+02
4.641598205566406250e+02
4.126637268066406250e+02
1.155134155273437500e+03
2.414728027343750000e+03
3.042335205078125000e+02
7.880731201171875000e+02
4.556250610351562500e+02
9.689069213867187500e+02
7.050347900390625000e+02
5.643588867187500000e+02
5.378515014648437500e+02
7.150032958984375000e+02
7.385792236328125000e+02
1.267295410156250000e+03
5.013397827148437500e+02
7.103225097656250000e+02
6.607575683593750000e+02
3.554437255859375000e+02
4.232255249023437500e+02
8.277783203125000000e+02
5.263031005859375000e+02
5.213964233398437500e+02
5.004562072753906250e+02
3.303035888671875000e+02
4.067898864746093750e+02
1.404284912109375000e+03
3.084537353515625000e+02
4.453847045898437500e+02
5.039700012207031250e+02
1.027310302734375000e+03
8.036486816406250000e+02
8.881888427734375000e+02
6.164908447265625000e+02
7.235004272460937500e+02
7.201646118164062500e+02
1.163341796875000000e+03
3.529289245605468750e+02
6.849862060546875000e+02
1.051022583007812500e+03
4.665187683105468750e+02
4.714617004394531250e+02
9.312508544921875000e+02
7.540123291015625000e+02
3.719468078613281250e+02
3.043218078613281250e+02
7.906758422851562500e+02
9.616099853515625000e+02
3.589620056152343750e+02
7.452384643554687500e+02
4.804505310058593750e+02
2.526612396240234375e+02
6.583959960937500000e+02
4.689303588867187500e+02
1.364235595703125000e+03
6.695174560546875000e+02
9.027089233398437500e+02
1.047740112304687500e+03
4.845502624511718750e+02
5.364740600585937500e+02
1.029753906250000000e+03
5.029682922363281250e+02
4.227711486816406250e+02
2.034214599609375000e+03
5.605159912109375000e+02
1.471324920654296875e+02
9.125382690429687500e+02
7.168276367187500000e+02
6.808270874023437500e+02
1.224023681640625000e+03
6.230043334960937500e+02
8.397357177734375000e+02
1.399537475585937500e+03
3.139908447265625000e+02
5.280293579101562500e+02
6.234552001953125000e+02
3.485279541015625000e+02
7.039367675781250000e+02
4.095210876464843750e+02
3.786025390625000000e+02
5.539100341796875000e+02
1.434981567382812500e+03
9.100377197265625000e+02
4.120418701171875000e+02
4.642018432617187500e+02
9.211460571289062500e+02
1.905721069335937500e+03
4.392952575683593750e+02
8.368090820312500000e+02
4.672550354003906250e+02
1.254662719726562500e+03
9.265896606445312500e+02
1.093751708984375000e+03
4.826605224609375000e+02
5.415708618164062500e+02
2.500005950927734375e+02
3.766389160156250000e+02
2.301642303466796875e+02
4.512713012695312500e+02
7.572202148437500000e+02
2.601433410644531250e+02
4.157749633789062500e+02
1.090904052734375000e+03
5.921870117187500000e+02
2.786485595703125000e+02
8.244490966796875000e+02
1.029459716796875000e+03
3.455982971191406250e+02
6.575604248046875000e+02
6.253918457031250000e+02
7.916102294921875000e+02
3.541426696777343750e+02
8.931969604492187500e+02
1.228645019531250000e+03
6.658465576171875000e+02
3.319411315917968750e+02
5.275874023437500000e+02
7.445827026367187500e+02
6.997689819335937500e+02
4.525914306640625000e+02
3.914222106933593750e+02
4.094290466308593750e+02
3.825854797363281250e+02
3.043497314453125000e+02
3.470708312988281250e+02
1.074839721679687500e+03
4.753734130859375000e+02
5.710607910156250000e+02
4.083212890625000000e+02
1.090674560546875000e+03
4.366719055175781250e+02
8.729122924804687500e+02
7.404227905273437500e+02
3.138667602539062500e+02
4.310447082519531250e+02
6.726608276367187500e+02
8.723350219726562500e+02
4.238219909667968750e+02
3.388299865722656250e+02
4.310926818847656250e+02
4.532750244140625000e+02
4.267659912109375000e+02
6.549692382812500000e+02
3.518424987792968750e+02
7.171840820312500000e+02
4.669934692382812500e+02
4.484988708496093750e+02
5.959737548828125000e+02
3.111964111328125000e+02
4.963916625976562500e+02
7.271968383789062500e+02
4.668384704589843750e+02
4.342525329589843750e+02
4.052775878906250000e+02
5.024183654785156250e+02
8.383684082031250000e+02
4.418215332031250000e+02
4.750645141601562500e+02
5.002198791503906250e+02
2.880667724609375000e+02
5.909231567382812500e+02
5.594516601562500000e+02
1.062165405273437500e+03
5.891829223632812500e+02
3.318298645019531250e+02
7.841072387695312500e+02
4.803772888183593750e+02
1.101924072265625000e+03
5.275420532226562500e+02
3.290325317382812500e+02
7.119786987304687500e+02
5.526035156250000000e+02
1.249653442382812500e+03
2.881398315429687500e+02
4.860081176757812500e+02
1.584217529296875000e+02
6.694749145507812500e+02
7.577747192382812500e+02
2.940658569335937500e+02
5.038118591308593750e+02
6.167061157226562500e+02
1.102638671875000000e+03
2.824440002441406250e+02
1.242782958984375000e+03
5.280946655273437500e+02
6.692764282226562500e+02
3.558828430175781250e+02
3.233471984863281250e+02
2.361593475341796875e+02
5.760134277343750000e+02
1.605480651855468750e+02
5.364711914062500000e+02
5.159882812500000000e+02
3.234673767089843750e+02
4.804484252929687500e+02
1.518499145507812500e+03
3.441543884277343750e+02
9.359233093261718750e+01
1.677090942382812500e+03
1.582859497070312500e+02
6.307987670898437500e+02
5.167220458984375000e+02
6.860108032226562500e+02
9.338984375000000000e+02
3.079874267578125000e+02
1.692291259765625000e+02
5.364900512695312500e+02
1.611409454345703125e+02
2.216728057861328125e+02
4.864475097656250000e+02
4.096262817382812500e+02
6.983325195312500000e+02
4.364956970214843750e+02
