1.134338378906250000e+00
9.139972925186157227e-01
8.672463297843933105e-01
8.151348233222961426e-01
9.391402602195739746e-01
1.048223137855529785e+00
6.563192009925842285e-01
8.849886059761047363e-01
9.151105284690856934e-01
1.125546693801879883e+00
1.162685275077819824e+00
1.098276138305664062e+00
1.090596437454223633e+00
7.692036628723144531e-01
9.188190698623657227e-01
6.573234200477600098e-01
1.044110655784606934e+00
8.649685978889465332e-01
9.199175834655761719e-01
9.654526114463806152e-01
1.011227488517761230e+00
1.036659717559814453e+00
8.609788417816162109e-01
9.408796429634094238e-01
1.186627030372619629e+00
9.320374131202697754e-01
1.165485501289367676e+00
9.226620793342590332e-01
1.102980375289916992e+00
8.595693707466125488e-01
8.469783067703247070e-01
9.208128452301025391e-01
1.236567497253417969e+00
7.731449604034423828e-01
1.041904449462890625e+00
9.231832623481750488e-01
8.922590613365173340e-01
1.063665628433227539e+00
7.843161225318908691e-01
1.240006804466247559e+00
1.040923357009887695e+00
1.150561809539794922e+00
9.309908151626586914e-01
1.006151914596557617e+00
1.044291734695434570e+00
7.045791745185852051e-01
1.133094429969787598e+00
1.079598903656005859e+00
9.180948138236999512e-01
1.064036369323730469e+00
7.204124331474304199e-01
9.364327788352966309e-01
1.162729620933532715e+00
9.445189833641052246e-01
9.376156330108642578e-01
1.024190902709960938e+00
1.084085345268249512e+00
1.013849973678588867e+00
9.614530205726623535e-01
8.463439345359802246e-01
1.212606072425842285e+00
1.109644293785095215e+00
9.103533625602722168e-01
8.186765909194946289e-01
8.547735214233398438e-01
9.370601177215576172e-01
1.073818564414978027e+00
9.630180597305297852e-01
1.055488705635070801e+00
1.075935840606689453e+00
1.084788084030151367e+00
1.120685338973999023e+00
8.594641685485839844e-01
1.222840666770935059e+00
9.436373710632324219e-01
9.183625578880310059e-01
7.882698774337768555e-01
1.248471617698669434e+00
1.029350161552429199e+00
9.904485940933227539e-01
9.176409244537353516e-01
1.077277779579162598e+00
1.178605437278747559e+00
1.065806031227111816e+00
1.135356545448303223e+00
1.134969592094421387e+00
8.554603457450866699e-01
9.357708096504211426e-01
1.157816171646118164e+00
1.170327544212341309e+00
1.051235675811767578e+00
1.086592674255371094e+00
8.936938047409057617e-01
1.112908720970153809e+00
9.922015070915222168e-01
9.736271500587463379e-01
1.051016926765441895e+00
1.184735178947448730e+00
9.824315905570983887e-01
1.089601874351501465e+00
9.549583196640014648e-01
8.729112744331359863e-01
1.022817969322204590e+00
9.199282526969909668e-01
9.132985472679138184e-01
9.411619901657104492e-01
9.309301376342773438e-01
1.010584712028503418e+00
1.241958379745483398e+00
6.313268542289733887e-01
9.831730723381042480e-01
1.229148149490356445e+00
1.108873009681701660e+00
1.209874749183654785e+00
1.082701921463012695e+00
1.099922180175781250e+00
1.259338140487670898e+00
9.011699557304382324e-01
1.010199069976806641e+00
1.049488186836242676e+00
1.102693557739257812e+00
6.468081474304199219e-01
9.613226056098937988e-01
9.395073652267456055e-01
1.107195377349853516e+00
9.189989566802978516e-01
8.673007488250732422e-01
8.054413795471191406e-01
1.048074007034301758e+00
1.106807112693786621e+00
1.101122498512268066e+00
1.121764779090881348e+00
1.147724509239196777e+00
1.221959948539733887e+00
9.867020249366760254e-01
1.060404539108276367e+00
1.070595979690551758e+00
9.172725081443786621e-01
7.534331083297729492e-01
9.951645135879516602e-01
1.045997738838195801e+00
1.347444176673889160e+00
9.737951755523681641e-01
9.352942109107971191e-01
1.222842931747436523e+00
7.746506929397583008e-01
1.149623394012451172e+00
1.034803152084350586e+00
1.096280574798583984e+00
8.095592260360717773e-01
9.552339911460876465e-01
1.010298371315002441e+00
1.157572746276855469e+00
9.952837228775024414e-01
8.921339511871337891e-01
8.867487907409667969e-01
7.854055166244506836e-01
9.055987000465393066e-01
9.296069741249084473e-01
1.083989262580871582e+00
1.126480340957641602e+00
1.104454636573791504e+00
1.006783604621887207e+00
9.686232805252075195e-01
7.881531715393066406e-01
9.365398883819580078e-01
9.812832474708557129e-01
9.818309545516967773e-01
8.082225918769836426e-01
9.945266842842102051e-01
9.541813731193542480e-01
1.029708623886108398e+00
7.460191845893859863e-01
1.073459029197692871e+00
8.537920713424682617e-01
1.014590501785278320e+00
9.225664734840393066e-01
8.646027445793151855e-01
8.347066044807434082e-01
8.076256513595581055e-01
8.393626809120178223e-01
1.120546817779541016e+00
8.554307222366333008e-01
1.039248466491699219e+00
9.568529725074768066e-01
1.165810585021972656e+00
6.907655596733093262e-01
7.839593291282653809e-01
1.108239173889160156e+00
8.437131643295288086e-01
9.103552699089050293e-01
1.086785674095153809e+00
1.044020175933837891e+00
7.246129512786865234e-01
1.110300660133361816e+00
1.075437903404235840e+00
9.548445343971252441e-01
1.027679324150085449e+00
8.201131224632263184e-01
9.959719777107238770e-01
1.233248591423034668e+00
9.724689722061157227e-01
1.087492465972900391e+00
1.058504581451416016e+00
9.475872516632080078e-01
1.135053396224975586e+00
8.875439167022705078e-01
1.003484129905700684e+00
1.141651391983032227e+00
1.113156557083129883e+00
1.119409322738647461e+00
8.405262827873229980e-01
1.025534033775329590e+00
9.115543365478515625e-01
1.162978053092956543e+00
1.119817376136779785e+00
1.004000544548034668e+00
1.003331542015075684e+00
1.024190425872802734e+00
1.159008860588073730e+00
8.975495100021362305e-01
1.090573787689208984e+00
1.079948544502258301e+00
8.675234317779541016e-01
8.960421085357666016e-01
9.316495060920715332e-01
9.829072952270507812e-01
1.028146386146545410e+00
8.467543125152587891e-01
9.940738081932067871e-01
1.054391026496887207e+00
6.600896716117858887e-01
1.026633620262145996e+00
9.989035129547119141e-01
1.018590211868286133e+00
8.065708279609680176e-01
9.243644475936889648e-01
6.286764740943908691e-01
1.270181417465209961e+00
1.069630980491638184e+00
1.014432191848754883e+00
8.460503220558166504e-01
6.326575875282287598e-01
9.755331873893737793e-01
9.603332877159118652e-01
1.169206976890563965e+00
9.166821241378784180e-01
1.042947292327880859e+00
7.536714076995849609e-01
9.620423913002014160e-01
1.022580265998840332e+00
1.022446751594543457e+00
9.588743448257446289e-01
8.340157270431518555e-01
1.205020189285278320e+00
1.081292986869812012e+00
