9.813030958175659180e-01
9.585177302360534668e-01
9.531210064888000488e-01
1.020094156265258789e+00
8.852425217628479004e-01
9.353296756744384766e-01
9.732142090797424316e-01
1.032713174819946289e+00
9.946439266204833984e-01
1.001346230506896973e+00
1.000586390495300293e+00
9.830678701400756836e-01
1.012002110481262207e+00
9.304525852203369141e-01
9.874509572982788086e-01
1.037912249565124512e+00
9.949764013290405273e-01
1.011727929115295410e+00
9.494518637657165527e-01
1.109250903129577637e+00
9.060218334197998047e-01
9.623047113418579102e-01
9.934484362602233887e-01
1.073128938674926758e+00
1.007973313331604004e+00
9.954645633697509766e-01
1.010062456130981445e+00
1.025630474090576172e+00
1.022001385688781738e+00
9.394007325172424316e-01
1.022528767585754395e+00
1.077918529510498047e+00
1.053644776344299316e+00
1.030014514923095703e+00
1.092397928237915039e+00
1.003751039505004883e+00
1.027991890907287598e+00
1.067782878875732422e+00
9.074093103408813477e-01
1.125860691070556641e+00
9.579994082450866699e-01
9.706896543502807617e-01
1.006987690925598145e+00
1.001443862915039062e+00
8.724924325942993164e-01
9.178606271743774414e-01
8.933996558189392090e-01
9.890835285186767578e-01
9.932905435562133789e-01
9.830798506736755371e-01
9.334306716918945312e-01
9.049461483955383301e-01
1.013377785682678223e+00
9.228533506393432617e-01
1.079787850379943848e+00
1.045463204383850098e+00
1.132552385330200195e+00
1.093454718589782715e+00
9.818486571311950684e-01
1.078656315803527832e+00
9.623771309852600098e-01
1.025546431541442871e+00
9.940438866615295410e-01
1.069627761840820312e+00
9.729840755462646484e-01
1.041311144828796387e+00
1.050153493881225586e+00
1.023424506187438965e+00
1.011076807975769043e+00
1.122330784797668457e+00
1.051143884658813477e+00
1.003428459167480469e+00
8.028411269187927246e-01
9.406684637069702148e-01
8.365924358367919922e-01
9.180744290351867676e-01
8.985781669616699219e-01
1.076550483703613281e+00
8.781917095184326172e-01
1.194627285003662109e+00
9.256469011306762695e-01
9.398322105407714844e-01
9.576807618141174316e-01
1.015036582946777344e+00
9.794015288352966309e-01
1.011083841323852539e+00
1.044005513191223145e+00
1.000438213348388672e+00
1.206193089485168457e+00
1.034268260002136230e+00
8.031719923019409180e-01
1.075210094451904297e+00
9.470164179801940918e-01
1.034483790397644043e+00
9.212507009506225586e-01
8.575202226638793945e-01
1.044382095336914062e+00
8.352835774421691895e-01
1.075355648994445801e+00
1.051483035087585449e+00
9.714891910552978516e-01
9.650951027870178223e-01
9.946829676628112793e-01
1.015308022499084473e+00
9.624931216239929199e-01
1.116882205009460449e+00
9.537286162376403809e-01
1.091002225875854492e+00
1.047651767730712891e+00
1.066042542457580566e+00
9.806094169616699219e-01
1.008458018302917480e+00
8.608348369598388672e-01
1.095472812652587891e+00
9.073927998542785645e-01
9.348310828208923340e-01
9.105715155601501465e-01
1.103504657745361328e+00
9.540467858314514160e-01
1.138596773147583008e+00
1.057811498641967773e+00
1.061013579368591309e+00
1.086523175239562988e+00
8.734660148620605469e-01
9.075123667716979980e-01
1.080993652343750000e+00
9.664368033409118652e-01
1.034125685691833496e+00
9.296121001243591309e-01
9.174751639366149902e-01
1.029079079627990723e+00
8.768002390861511230e-01
8.881816864013671875e-01
9.499296545982360840e-01
8.253123164176940918e-01
9.216387867927551270e-01
8.954313993453979492e-01
8.648458123207092285e-01
9.629511833190917969e-01
1.161159515380859375e+00
9.045100212097167969e-01
1.047225713729858398e+00
1.079453945159912109e+00
1.000102519989013672e+00
9.557837247848510742e-01
9.287407994270324707e-01
1.032404780387878418e+00
1.076830983161926270e+00
8.911216259002685547e-01
9.419642090797424316e-01
9.561994075775146484e-01
1.050029158592224121e+00
1.139362692832946777e+00
8.370244503021240234e-01
1.051817893981933594e+00
9.972345232963562012e-01
9.680360555648803711e-01
1.002159118652343750e+00
8.688675165176391602e-01
9.586259126663208008e-01
9.859243631362915039e-01
9.201627969741821289e-01
9.264262318611145020e-01
9.224879145622253418e-01
1.166324734687805176e+00
9.550223350524902344e-01
1.122453093528747559e+00
9.155712127685546875e-01
1.044187426567077637e+00
9.413477182388305664e-01
1.100827097892761230e+00
9.358220100402832031e-01
1.024386048316955566e+00
1.004232645034790039e+00
1.031103134155273438e+00
9.153685569763183594e-01
1.028515815734863281e+00
8.343883156776428223e-01
1.078403115272521973e+00
9.936293959617614746e-01
9.891501069068908691e-01
8.861631751060485840e-01
9.139177799224853516e-01
1.035202503204345703e+00
8.855553269386291504e-01
9.493960738182067871e-01
9.118133783340454102e-01
1.009882450103759766e+00
9.243271946907043457e-01
8.783612847328186035e-01
9.426977038383483887e-01
1.060528397560119629e+00
9.038957953453063965e-01
1.102531790733337402e+00
1.017243504524230957e+00
9.385492205619812012e-01
9.755187034606933594e-01
9.337401390075683594e-01
1.095461010932922363e+00
1.060614466667175293e+00
1.024706840515136719e+00
9.764537811279296875e-01
8.965960741043090820e-01
9.892860651016235352e-01
9.626234769821166992e-01
8.513154983520507812e-01
8.584339618682861328e-01
9.383338093757629395e-01
1.095134377479553223e+00
1.079593777656555176e+00
9.715164303779602051e-01
9.227840304374694824e-01
1.069803357124328613e+00
1.016926765441894531e+00
9.157689213752746582e-01
1.132326364517211914e+00
9.862078428268432617e-01
9.137679338455200195e-01
1.101256608963012695e+00
1.071459531784057617e+00
9.430603384971618652e-01
1.015973925590515137e+00
9.753134846687316895e-01
1.037128329277038574e+00
1.117797255516052246e+00
1.036924242973327637e+00
9.014818668365478516e-01
1.020569562911987305e+00
8.600829243659973145e-01
1.102589130401611328e+00
9.426827430725097656e-01
9.514001607894897461e-01
9.076640605926513672e-01
1.075271725654602051e+00
1.010926604270935059e+00
9.870715737342834473e-01
9.437986016273498535e-01
1.034221649169921875e+00
1.016566753387451172e+00
1.004148364067077637e+00
9.049803614616394043e-01
9.502814412117004395e-01
8.907371759414672852e-01
9.329037666320800781e-01
9.812415838241577148e-01
9.940845370292663574e-01
9.229531288146972656e-01
8.842598199844360352e-01
9.665485024452209473e-01
1.005014181137084961e+00
9.845555424690246582e-01
9.094552397727966309e-01
1.070692300796508789e+00
9.831517934799194336e-01
9.785459041595458984e-01
9.268857240676879883e-01
