-1.968620568513870239e-01
-3.389485180377960205e-02
6.512098759412765503e-02
-1.514480113983154297e-01
1.486364156007766724e-01
2.187889255583286285e-02
2.002635896205902100e-01
9.782735258340835571e-02
5.672088265419006348e-02
-2.374718189239501953e-01
-4.194172844290733337e-02
-4.886083304882049561e-02
6.222410127520561218e-02
3.056383132934570312e-01
-8.824818581342697144e-02
-1.257780641317367554e-01
-6.896910816431045532e-02
-2.896898388862609863e-01
1.300437897443771362e-01
-1.559108588844537735e-02
9.175790846347808838e-02
-7.052452117204666138e-02
-3.537890035659074783e-03
4.978570714592933655e-02
3.801812650635838509e-03
1.740551181137561798e-02
-9.413568675518035889e-02
5.611596256494522095e-02
6.554039567708969116e-02
6.304898858070373535e-02
-1.000095382332801819e-01
-2.664933502674102783e-01
7.994221523404121399e-03
3.961739316582679749e-02
2.255645394325256348e-02
-7.658323645591735840e-02
8.648245036602020264e-02
2.449237369000911713e-02
1.342376619577407837e-01
-2.894156612455844879e-02
-2.537995763123035431e-02
-1.368610858917236328e-01
-1.127518042922019958e-01
-5.128358304500579834e-02
1.769594699144363403e-01
-4.045108705759048462e-02
-2.310069948434829712e-01
-1.494665145874023438e-01
3.110856376588344574e-02
7.171154767274856567e-02
-8.394643664360046387e-03
-8.331991732120513916e-02
3.049407713115215302e-02
-1.163313984870910645e-01
-4.786251112818717957e-02
-3.346364013850688934e-03
-1.587623357772827148e-02
-1.116395294666290283e-01
2.222631685435771942e-02
-2.173435539007186890e-01
-1.960035413503646851e-02
9.220574051141738892e-03
-1.094649657607078552e-01
-3.885253891348838806e-02
-1.109056770801544189e-01
-1.008895114064216614e-01
1.492003072053194046e-02
-8.522517164237797260e-04
-2.111574448645114899e-02
1.066701766103506088e-02
-1.753517985343933105e-01
1.801834851503372192e-01
1.804383657872676849e-02
-3.243402540683746338e-01
1.410251297056674957e-02
-1.316249221563339233e-01
-5.128276720643043518e-02
2.431741803884506226e-01
-1.207980960607528687e-01
1.333077549934387207e-01
-5.627825856208801270e-02
-3.196577429771423340e-01
8.881947398185729980e-02
4.198165237903594971e-02
1.740416437387466431e-01
-2.699127793312072754e-02
-3.282634913921356201e-02
-1.398129016160964966e-01
-4.404473677277565002e-02
-1.196194142103195190e-01
-5.504166707396507263e-02
3.846409171819686890e-02
2.712915241718292236e-01
1.763911545276641846e-02
-1.015927270054817200e-02
-1.483974158763885498e-01
-3.875911608338356018e-02
9.007251262664794922e-02
-7.027865946292877197e-02
-3.210071474313735962e-02
3.550917655229568481e-02
1.618298888206481934e-01
-3.117833286523818970e-02
-1.116780713200569153e-01
3.110887855291366577e-02
1.860466301441192627e-01
-6.221748515963554382e-02
-1.396385021507740021e-02
1.507648974657058716e-01
2.126976475119590759e-02
-2.084084041416645050e-02
-1.291557103395462036e-01
1.230417843908071518e-02
6.160242110490798950e-02
-2.816025167703628540e-02
9.003560245037078857e-02
6.354057043790817261e-02
-1.474346816539764404e-01
-1.034651547670364380e-01
-1.894191354513168335e-01
1.013476029038429260e-02
-5.251750349998474121e-02
8.471553027629852295e-02
-8.026246912777423859e-03
8.243528753519058228e-02
1.101079359650611877e-01
-7.172269374132156372e-02
3.341636955738067627e-01
-1.177451200783252716e-02
-4.920411482453346252e-02
-8.588663302361965179e-03
-8.628927171230316162e-02
2.381188124418258667e-01
-7.916805148124694824e-02
-1.080360915511846542e-02
1.847086846828460693e-02
-2.210078015923500061e-02
-3.150998353958129883e-01
-1.179230809211730957e-01
2.171504646539688110e-01
-6.931299716234207153e-02
9.458050876855850220e-02
3.018321655690670013e-02
-2.111563682556152344e-01
9.839325211942195892e-03
-5.263354778289794922e-01
1.270041763782501221e-01
-2.043429017066955566e-02
9.362816065549850464e-02
-5.259519815444946289e-02
-4.681516438722610474e-02
-2.406182512640953064e-02
4.418066889047622681e-02
2.817770279943943024e-02
3.265586867928504944e-02
-2.348429709672927856e-02
7.369456440210342407e-02
-8.983277529478073120e-02
6.612749397754669189e-02
-2.285924553871154785e-01
1.412586718797683716e-01
-2.838314883410930634e-02
-1.185680702328681946e-01
-2.380385622382164001e-02
-2.243770658969879150e-01
9.703929722309112549e-02
-1.538241654634475708e-01
2.855011075735092163e-02
-7.252826541662216187e-02
-5.810819566249847412e-02
-2.878168970346450806e-02
1.288056932389736176e-02
1.360173225402832031e-01
-1.107509955763816833e-01
2.800617814064025879e-01
-1.330660432577133179e-01
-1.050131618976593018e-01
-6.217762827873229980e-02
3.809082508087158203e-02
-9.599066525697708130e-02
1.684374064207077026e-01
-1.533388346433639526e-01
-2.486707270145416260e-01
-1.444068364799022675e-02
-1.855309307575225830e-01
-2.211581543087959290e-02
-3.177097141742706299e-01
-1.328718215227127075e-01
1.415465325117111206e-01
4.295813292264938354e-02
4.870947450399398804e-02
1.338523477315902710e-01
-1.566979885101318359e-01
-1.353912502527236938e-01
1.046471372246742249e-01
-1.348391324281692505e-01
1.527226716279983521e-01
-1.099493056535720825e-01
1.356161236763000488e-01
-4.905308783054351807e-02
-1.273576617240905762e-01
-2.465192414820194244e-02
-3.998423740267753601e-02
-1.316083669662475586e-01
1.453834027051925659e-01
2.933464646339416504e-01
-9.964691102504730225e-02
-1.895789057016372681e-01
-9.852971136569976807e-02
-3.167872130870819092e-01
1.721831560134887695e-01
-2.517807483673095703e-02
-3.894899040460586548e-02
-8.672054111957550049e-02
-3.416881337761878967e-02
-5.770625919103622437e-02
-7.409138232469558716e-02
2.736432477831840515e-02
-3.034509159624576569e-02
2.355936914682388306e-01
-1.151460967957973480e-02
1.017099898308515549e-02
1.801869720220565796e-01
-1.243255585432052612e-01
1.722406595945358276e-02
2.468117773532867432e-01
-2.346086688339710236e-02
-5.779602006077766418e-02
-1.680008172988891602e-01
-1.104993000626564026e-01
-1.844372600317001343e-02
6.757921073585748672e-03
-7.270799577236175537e-02
1.412989497184753418e-01
1.200991123914718628e-01
-1.022761240601539612e-01
-2.342321425676345825e-01
4.750421270728111267e-03
-3.148445487022399902e-01
-1.755523681640625000e-01
-4.068855196237564087e-02
-8.536199480295181274e-02
-8.711369009688496590e-04
-9.077003924176096916e-04
-6.999988108873367310e-02
1.082943528890609741e-01
-1.350039541721343994e-01
-1.939134746789932251e-01
-1.136124208569526672e-01
-4.889409989118576050e-02
-4.428214952349662781e-02
-2.453891634941101074e-01
-7.064764201641082764e-02
-5.788572132587432861e-02
-2.897899746894836426e-01
-3.481724262237548828e-01
-8.097308129072189331e-02
-1.440952420234680176e-01
-5.043103173375129700e-02
-4.760224744677543640e-02
-1.090597733855247498e-01
-1.011251062154769897e-01
-7.978976517915725708e-02
-9.250280261039733887e-02
-5.694775283336639404e-02
-1.252157539129257202e-01
-8.648820221424102783e-02
-7.821432501077651978e-02
-4.022142663598060608e-02
2.683972120285034180e-01
-1.260209977626800537e-01
4.403498768806457520e-02
5.348422098904848099e-03
-2.730679512023925781e-01
5.915374681353569031e-02
-1.454250067472457886e-01
2.620848119258880615e-01
-2.877656929194927216e-02
-7.734498381614685059e-02
-8.489855378866195679e-02
-5.397302657365798950e-02
4.329056665301322937e-02
-1.607391051948070526e-02
1.886362433433532715e-01
3.511263430118560791e-01
-5.599579587578773499e-02
1.416716277599334717e-01
2.863683998584747314e-01
-2.165365070104598999e-01
3.534588515758514404e-01
-9.951352328062057495e-02
-8.082190901041030884e-02
-8.836006373167037964e-02
-1.405636668205261230e-01
-1.535717695951461792e-01
-6.844926625490188599e-02
2.851747348904609680e-02
1.218206621706485748e-02
5.980152636766433716e-02
3.357243910431861877e-02
-1.840723603963851929e-01
-1.220491304993629456e-01
-2.440918423235416412e-02
-9.227197617292404175e-02
8.056588470935821533e-02
5.440826714038848877e-02
7.335444446653127670e-03
-9.710501134395599365e-02
9.674546122550964355e-02
-1.086329445242881775e-01
-2.277071475982666016e-01
-2.366987243294715881e-02
-1.461225450038909912e-01
-1.010677590966224670e-01
-3.846037387847900391e-02
4.777544736862182617e-02
1.204317715018987656e-02
-1.769549846649169922e-01
-1.948300562798976898e-02
8.477396331727504730e-03
-5.993648897856473923e-03
-1.173159480094909668e-01
-3.604094684123992920e-02
-3.721820563077926636e-02
1.496173292398452759e-01
5.793897435069084167e-02
-1.078244075179100037e-01
-2.019847631454467773e-01
-4.702375084161758423e-02
8.152498863637447357e-03
1.786764152348041534e-02
4.753984510898590088e-02
-1.322472691535949707e-01
7.229306269437074661e-03
1.530194878578186035e-01
-2.047221958637237549e-01
5.021731555461883545e-02
-3.988060355186462402e-01
-1.626921631395816803e-02
-6.643343716859817505e-02
1.969548314809799194e-01
-1.888888627290725708e-01
-6.914168596267700195e-02
4.428512975573539734e-02
-2.917902776971459389e-03
-5.994899943470954895e-02
1.279270648956298828e-02
1.594828665256500244e-01
1.130955517292022705e-01
-5.513276904821395874e-02
-2.330434508621692657e-02
6.045952066779136658e-02
-1.872720383107662201e-02
2.842800617218017578e-01
-1.749608851969242096e-02
4.626204073429107666e-02
-1.093655079603195190e-01
-8.020614087581634521e-02
-1.005992814898490906e-01
-5.433541908860206604e-02
1.052720174193382263e-01
-2.699345052242279053e-01
1.102512404322624207e-01
-9.166202694177627563e-02
-2.100161314010620117e-01
1.889161183498799801e-03
1.374566256999969482e-01
-9.559731930494308472e-02
-7.423194497823715210e-02
-3.315474092960357666e-02
-1.535593569278717041e-01
4.247067123651504517e-02
1.911689341068267822e-01
-8.919674903154373169e-02
-1.764867454767227173e-01
9.964907914400100708e-02
-4.944643937051296234e-03
-8.917267620563507080e-02
-1.333139687776565552e-01
-9.359294921159744263e-02
1.941170841455459595e-01
-1.534499526023864746e-01
1.093423292040824890e-01
-3.145487979054450989e-02
-1.546001434326171875e-01
-5.370325222611427307e-02
8.392925560474395752e-02
-6.344792246818542480e-02
1.116213202476501465e-01
-7.077605277299880981e-02
-1.903994679450988770e-01
-3.200606107711791992e-01
-5.438799038529396057e-02
3.180597722530364990e-02
1.912941597402095795e-02
1.026335358619689941e-01
5.461455509066581726e-02
-2.991764061152935028e-02
-6.031331419944763184e-02
-2.938378416001796722e-02
-2.159218937158584595e-01
-3.307734429836273193e-01
2.408132553100585938e-01
-8.909830451011657715e-02
7.973140478134155273e-02
-9.423229843378067017e-02
-1.271382868289947510e-01
1.630289107561111450e-02
-2.163873054087162018e-02
-7.777093350887298584e-02
2.438067272305488586e-02
-6.921604741364717484e-03
-2.373850047588348389e-01
4.159951210021972656e-02
1.333766132593154907e-01
2.203370071947574615e-02
1.295471340417861938e-01
3.382326290011405945e-02
-5.090404674410820007e-02
2.747839025687426329e-04
-1.281553953886032104e-01
1.272053271532058716e-01
6.817165017127990723e-02
-8.049109578132629395e-02
-1.621839702129364014e-01
2.861329615116119385e-01
-1.691508144140243530e-01
-2.804276533424854279e-02
1.951808668673038483e-02
-1.146177947521209717e-01
1.259697508066892624e-02
1.860939115285873413e-01
-8.257859200239181519e-02
-2.604868821799755096e-02
-8.720269799232482910e-02
-3.236981108784675598e-02
-9.471467882394790649e-02
2.126943916082382202e-01
1.529218405485153198e-01
-1.664476543664932251e-01
-6.009420379996299744e-02
4.129875451326370239e-02
-1.067362958565354347e-03
-1.954914033412933350e-01
-2.189307510852813721e-01
-2.293947488069534302e-01
-1.587592214345932007e-01
-2.329030483961105347e-01
-3.929587826132774353e-02
-7.561258971691131592e-02
-5.263045430183410645e-03
-1.347469985485076904e-01
-5.195134505629539490e-02
-7.274731248617172241e-02
1.020313203334808350e-01
-2.403733879327774048e-01
-1.042248830199241638e-01
-1.738282442092895508e-01
-1.145285740494728088e-01
5.032112449407577515e-02
-1.274779788218438625e-03
1.137400642037391663e-01
-9.502483159303665161e-02
1.666646301746368408e-01
-1.792080998420715332e-01
-2.623330950736999512e-01
1.126359179615974426e-01
-3.890625759959220886e-02
2.583335638046264648e-01
-2.091843932867050171e-01
2.843421697616577148e-02
-4.647991806268692017e-02
-5.434982851147651672e-02
4.591183736920356750e-02
-9.405878186225891113e-02
-1.861247420310974121e-01
7.036250084638595581e-02
9.148113429546356201e-02
-8.204177767038345337e-02
3.520580828189849854e-01
-1.295396685600280762e-01
1.043923869729042053e-01
-2.509874477982521057e-02
-8.876484632492065430e-02
-5.427230894565582275e-02
5.718911811709403992e-02
-2.412863075733184814e-01
-2.455274760723114014e-02
-1.184118390083312988e-01
2.212544530630111694e-02
-2.775842249393463135e-01
-8.946293592453002930e-02
2.381081692874431610e-03
-5.074592679738998413e-02
8.875885605812072754e-02
2.208218425512313843e-01
4.039125144481658936e-02
-5.286102369427680969e-02
4.249873757362365723e-02
-6.032780557870864868e-02
6.379149109125137329e-02
9.477343410253524780e-03
-1.390379667282104492e-01
-7.571700215339660645e-02
-3.407622501254081726e-02
-8.175487816333770752e-02
-1.630573570728302002e-01
6.337829679250717163e-02
-1.583769917488098145e-01
-2.538099884986877441e-01
-1.988698542118072510e-02
1.390727609395980835e-01
-8.694472908973693848e-02
1.181818395853042603e-01
-1.227611899375915527e-01
-2.661402150988578796e-02
2.340884357690811157e-01
-1.149249449372291565e-01
-1.048550531268119812e-01
-3.197863101959228516e-01
-1.327031850814819336e-01
-7.188136875629425049e-02
-1.440329384058713913e-02
1.491067558526992798e-01
6.414988636970520020e-02
1.384107302874326706e-02
5.798012018203735352e-02
-2.111861482262611389e-03
-5.890212953090667725e-02
-4.592988491058349609e-01
1.103354021906852722e-01
5.175260826945304871e-02
1.989428251981735229e-01
-1.399642229080200195e-01
5.654102191329002380e-02
-1.170160323381423950e-01
-6.503611057996749878e-02
2.493454515933990479e-02
-5.680169910192489624e-02
-1.873246133327484131e-01
-1.720505952835083008e-01
3.476662933826446533e-02
4.689796268939971924e-02
7.803176064044237137e-03
-3.251084685325622559e-02
2.737734317779541016e-01
-6.026949360966682434e-02
2.304531401023268700e-03
-1.369573175907135010e-01
-6.936106830835342407e-02
-1.135136187076568604e-01
4.708854481577873230e-02
-1.250430494546890259e-01
-3.060560524463653564e-01
-1.167346760630607605e-01
4.813155904412269592e-02
-1.002122089266777039e-02
-8.952166140079498291e-02
-5.118725076317787170e-02
1.852399557828903198e-01
-8.327558636665344238e-02
8.856046944856643677e-02
-1.124048307538032532e-01
-1.639364846050739288e-02
-1.282048504799604416e-02
-2.647924236953258514e-02
1.584094949066638947e-02
-2.154782647266983986e-03
-9.042028337717056274e-02
1.319536287337541580e-02
-1.455692797899246216e-01
1.374745815992355347e-01
6.905467808246612549e-02
-1.558232903480529785e-01
-1.052135527133941650e-01
-8.841999620199203491e-02
-1.281011253595352173e-01
-8.058321475982666016e-02
1.602101624011993408e-01
-9.243811480700969696e-03
1.029292941093444824e-01
-9.202092140913009644e-02
3.403838723897933960e-02
1.413624584674835205e-01
-1.650278866291046143e-01
-1.673289239406585693e-01
-7.116381078958511353e-02
-1.859513670206069946e-01
2.682793140411376953e-01
-1.241284832358360291e-01
9.752278774976730347e-02
-1.570613384246826172e-01
3.781094402074813843e-02
-5.189246730878949165e-04
7.627672050148248672e-03
-1.112072095274925232e-01
-2.690115869045257568e-01
1.841095983982086182e-01
1.622308418154716492e-02
-7.192024588584899902e-02
-7.751595973968505859e-02
-1.379522588104009628e-02
-6.976398080587387085e-02
1.329737156629562378e-02
-3.095779418945312500e-01
4.828520864248275757e-02
1.558063551783561707e-02
1.517051756381988525e-01
2.948309667408466339e-02
2.670126594603061676e-02
3.224232047796249390e-02
-6.368900835514068604e-02
-1.544263809919357300e-01
1.781404614448547363e-01
2.239441722631454468e-01
5.885045044124126434e-03
7.573327515274286270e-03
-2.270081937313079834e-01
-5.380462482571601868e-02
-1.052510663866996765e-01
2.110719531774520874e-01
-3.055080771446228027e-02
-7.770811766386032104e-02
-2.488464564085006714e-01
-3.757461160421371460e-02
2.716448903083801270e-01
2.025427483022212982e-02
-5.501734837889671326e-02
-1.215096190571784973e-01
-2.151400446891784668e-01
-3.882720693945884705e-02
-4.759532585740089417e-02
-1.952514052391052246e-01
9.681270457804203033e-03
-2.339193969964981079e-02
-5.759193375706672668e-02
9.632955491542816162e-02
1.295216530561447144e-01
-2.234739214181900024e-01
-7.197292894124984741e-02
-1.469076871871948242e-01
-2.868541516363620758e-02
3.584027290344238281e-01
-1.064332798123359680e-01
-2.100078165531158447e-01
-5.504101142287254333e-02
-1.864042729139328003e-01
9.467531926929950714e-03
1.510728895664215088e-02
-7.407017052173614502e-02
8.311314880847930908e-02
-1.015328317880630493e-01
-1.141884177923202515e-01
-2.333937883377075195e-01
-9.527058899402618408e-02
3.229691982269287109e-01
5.381606519222259521e-02
-3.266172111034393311e-02
-2.672851458191871643e-02
3.904201835393905640e-02
-3.214834257960319519e-02
-1.190098561346530914e-02
-3.164246305823326111e-02
1.348510384559631348e-02
-4.040501266717910767e-02
-1.347918212413787842e-01
5.695325136184692383e-02
-2.080143801867961884e-02
-3.135759234428405762e-01
-1.190843759104609489e-03
-2.241327613592147827e-02
5.632703006267547607e-02
-7.144807279109954834e-02
7.620724290609359741e-02
-2.804842777550220490e-02
-4.439256712794303894e-02
-1.055233180522918701e-01
6.324794143438339233e-02
-3.079769015312194824e-02
-5.770413950085639954e-02
-8.909498155117034912e-02
9.637108445167541504e-02
-1.411891579627990723e-01
-7.304187119007110596e-02
2.847078144550323486e-01
-2.362693659961223602e-02
-8.876170217990875244e-02
-2.169901281595230103e-01
-2.720301598310470581e-02
2.226633280515670776e-01
-5.681688338518142700e-02
1.067744661122560501e-02
1.360981166362762451e-01
-1.696572154760360718e-01
1.435972899198532104e-01
-2.047106623649597168e-01
-1.031193733215332031e-01
-9.242463111877441406e-02
-1.552752964198589325e-02
-1.051539927721023560e-01
1.716497987508773804e-01
7.717439532279968262e-02
-5.295286327600479126e-02
2.637226134538650513e-02
4.917329922318458557e-02
-9.342430531978607178e-02
2.671719491481781006e-01
-1.759231090545654297e-02
3.637162968516349792e-02
-1.115959510207176208e-01
-2.281227409839630127e-01
1.745346039533615112e-01
-1.249827817082405090e-02
-2.756120264530181885e-01
4.744135309010744095e-03
1.923210360109806061e-02
-9.697476774454116821e-02
-1.703697890043258667e-01
2.379598170518875122e-01
2.327576652169227600e-02
-1.466587930917739868e-01
-1.262283325195312500e-01
-2.325872927904129028e-01
-9.049472957849502563e-02
-8.299522101879119873e-02
-1.107012853026390076e-01
-1.094136610627174377e-01
8.007963001728057861e-02
2.086584083735942841e-02
-1.927120052278041840e-02
-1.265730410814285278e-01
-3.235226124525070190e-02
-2.343969196081161499e-01
4.890945274382829666e-03
-2.295250296592712402e-01
-4.786757752299308777e-02
1.476165354251861572e-01
-5.839512124657630920e-02
-1.319331023842096329e-02
-8.231647312641143799e-02
-2.333612740039825439e-01
1.190618723630905151e-01
5.203412845730781555e-03
7.122111320495605469e-02
-9.069200605154037476e-02
1.276579648256301880e-01
-1.095928698778152466e-01
-7.343579083681106567e-02
1.590746492147445679e-01
-3.756203129887580872e-02
2.748462855815887451e-01
-1.633402854204177856e-01
-9.767553955316543579e-02
-4.937851428985595703e-02
-3.348024329170584679e-03
-1.009860560297966003e-01
1.197055205702781677e-01
-2.606147825717926025e-01
4.257230088114738464e-02
-2.747544273734092712e-02
1.513918042182922363e-01
4.890975728631019592e-02
-2.806349694728851318e-01
-4.350299015641212463e-02
7.648064941167831421e-02
2.240051329135894775e-02
1.304594278335571289e-01
-8.417540043592453003e-02
-6.919753551483154297e-02
-1.240884140133857727e-01
-1.584521681070327759e-01
-9.712051600217819214e-02
1.350164860486984253e-01
-1.365117430686950684e-01
1.341219395399093628e-01
-9.234197437763214111e-02
-4.979554191231727600e-02
8.397103101015090942e-02
5.047001689672470093e-02
-2.095651477575302124e-01
3.134894371032714844e-01
-1.552936583757400513e-01
6.828860193490982056e-02
-1.431071311235427856e-01
6.889943778514862061e-02
7.463371753692626953e-02
-1.327725350856781006e-01
5.129990354180335999e-02
-2.571385502815246582e-01
4.761113226413726807e-02
9.426366537809371948e-03
5.791158881038427353e-03
2.354668080806732178e-02
-1.221481189131736755e-01
6.611029617488384247e-03
-3.088743425905704498e-02
-6.342247128486633301e-02
-1.745977066457271576e-02
1.316914409399032593e-01
1.175118610262870789e-02
-6.897639483213424683e-02
4.301451891660690308e-02
-8.722748607397079468e-02
-4.506586492061614990e-02
-8.569698780775070190e-03
-2.034595459699630737e-01
-3.821830824017524719e-02
-7.101105153560638428e-02
2.229613810777664185e-02
5.729427933692932129e-02
3.512328565120697021e-01
-4.288994148373603821e-02
-1.724066287279129028e-01
-3.684930503368377686e-02
4.543418064713478088e-02
1.525474935770034790e-01
-1.005541533231735229e-01
-3.937714397907257080e-01
1.762006990611553192e-02
-6.488351523876190186e-02
-1.044765785336494446e-01
-1.990993320941925049e-01
2.385704219341278076e-02
1.169743016362190247e-01
-4.881574213504791260e-02
3.040227666497230530e-02
2.416086047887802124e-01
-1.237918622791767120e-03
-1.942804455757141113e-01
-1.107155308127403259e-01
-2.626922428607940674e-01
8.106179535388946533e-02
-1.354514360427856445e-01
-1.543914675712585449e-01
-2.797972857952117920e-01
-3.993640840053558350e-02
-1.889331191778182983e-01
-1.282345652580261230e-01
9.097187966108322144e-02
-3.780762106180191040e-02
-1.117634251713752747e-01
9.263537824153900146e-03
-9.073499590158462524e-02
-2.031365931034088135e-01
-9.739178419113159180e-02
-1.269224733114242554e-01
-1.491829305887222290e-01
3.336071968078613281e-01
-6.669087707996368408e-02
4.989946261048316956e-02
-2.925678193569183350e-01
-1.671326905488967896e-01
5.910415202379226685e-02
-1.611824333667755127e-01
-1.129108741879463196e-01
-7.869661599397659302e-02
-3.871853649616241455e-02
-1.808566600084304810e-02
-8.916047215461730957e-02
-4.386858083307743073e-03
-1.697898060083389282e-01
-7.179783284664154053e-02
3.545472398400306702e-02
4.673619696404784918e-04
-3.644523918628692627e-01
1.891181021928787231e-01
-7.465389370918273926e-02
-7.602517027407884598e-03
2.247403562068939209e-02
-2.542431056499481201e-01
7.900219410657882690e-02
-3.152883797883987427e-02
5.439693480730056763e-02
7.682364434003829956e-02
1.871607452630996704e-02
-1.082574203610420227e-01
-2.765171527862548828e-01
4.689398221671581268e-03
9.861166775226593018e-02
6.624360382556915283e-02
-9.869735687971115112e-02
-4.268211126327514648e-01
-1.375973224639892578e-01
2.885329071432352066e-03
-1.104245334863662720e-01
-9.081042557954788208e-02
3.244983777403831482e-02
5.340627208352088928e-02
-1.168901026248931885e-01
2.909972891211509705e-02
1.712113171815872192e-01
9.918443858623504639e-02
-2.464614063501358032e-01
-2.215192653238773346e-02
-3.404322778806090355e-03
-1.020302847027778625e-01
-6.403010338544845581e-02
3.899068397004157305e-04
-2.015095800161361694e-01
-8.681073039770126343e-02
4.399105533957481384e-02
3.894258290529251099e-02
1.238456889986991882e-01
-1.282703727483749390e-01
-2.173992618918418884e-02
-1.847011223435401917e-02
-6.571489572525024414e-02
-2.029636353254318237e-01
-1.274497359991073608e-01
-5.273291468620300293e-02
3.177830874919891357e-01
-7.111801952123641968e-02
-5.559696257114410400e-02
-7.354895770549774170e-02
-2.726146280765533447e-01
3.992911428213119507e-02
-1.102176010608673096e-01
-2.028987407684326172e-01
4.786672443151473999e-02
-9.244509786367416382e-02
-6.373651325702667236e-02
-1.316214352846145630e-01
2.982365898787975311e-02
4.520961642265319824e-02
-4.237573966383934021e-02
-8.856787532567977905e-02
-2.377656698226928711e-01
8.310069143772125244e-02
-1.427136361598968506e-01
1.435734927654266357e-01
6.796294450759887695e-02
-4.408463463187217712e-02
-7.013870775699615479e-02
-7.989308238029479980e-02
1.242865845561027527e-01
-6.667073071002960205e-02
1.164207383990287781e-01
1.203745305538177490e-01
2.372361719608306885e-01
-4.885655269026756287e-02
-7.651770859956741333e-02
-7.816622406244277954e-02
7.608927786350250244e-02
3.311902284622192383e-02
-8.633985370397567749e-02
-2.344850599765777588e-01
-9.375484287738800049e-02
-1.082522869110107422e-01
-3.652007505297660828e-02
3.087427932769060135e-03
-8.998466283082962036e-02
1.513055711984634399e-01
3.823687089607119560e-03
4.624291136860847473e-02
5.766909196972846985e-02
1.750805377960205078e-01
-1.794971972703933716e-01
1.914038881659507751e-02
1.479639559984207153e-01
3.637252608314156532e-03
-2.292497903108596802e-01
-1.283779442310333252e-01
1.014531776309013367e-01
6.376992911100387573e-02
1.080506071448326111e-01
-1.729874610900878906e-01
-6.496907025575637817e-02
-1.856447309255599976e-01
-4.289358854293823242e-03
-2.992258779704570770e-02
-5.465152487158775330e-02
-5.212818458676338196e-02
1.622065603733062744e-01
-8.961093425750732422e-02
1.296563148498535156e-01
4.612734541296958923e-02
-6.440144497901201248e-03
1.710102409124374390e-01
-2.072325162589550018e-02
3.835849091410636902e-02
-1.013371795415878296e-01
8.743301779031753540e-02
-5.091188848018646240e-02
4.288215562701225281e-02
5.673686414957046509e-02
-2.150938380509614944e-03
-9.687557816505432129e-02
-1.858557909727096558e-01
1.156520023941993713e-01
5.497775226831436157e-02
1.291613280773162842e-01
-2.063822895288467407e-01
2.552210167050361633e-02
1.408824920654296875e-01
-4.284129664301872253e-02
-7.798955589532852173e-02
-1.568500138819217682e-02
-2.668340131640434265e-02
-6.440488994121551514e-02
-3.514110296964645386e-02
-1.221198365092277527e-01
1.670559048652648926e-01
7.644222676753997803e-02
-3.895077109336853027e-02
-4.411201924085617065e-02
-6.141432374715805054e-02
1.035170480608940125e-01
2.857137620449066162e-01
4.426330700516700745e-02
1.250863820314407349e-01
-1.278799772262573242e-01
3.937773406505584717e-02
-5.472081899642944336e-02
-2.888607233762741089e-02
-4.282169509679079056e-03
-2.276805192232131958e-01
-1.366510987281799316e-01
-5.178201198577880859e-02
2.941321767866611481e-02
8.401182293891906738e-02
-2.382890135049819946e-01
-3.666271641850471497e-02
-2.831548154354095459e-01
1.585319191217422485e-01
-6.413101404905319214e-02
-1.486949175596237183e-01
-1.351132839918136597e-01
3.530581295490264893e-02
-3.049852848052978516e-01
5.078032985329627991e-02
2.994611561298370361e-01
-6.134000793099403381e-02
-6.922707706689834595e-02
5.658084526658058167e-02
-1.249418705701828003e-01
-1.173621788620948792e-02
-5.970638245344161987e-02
-1.714643090963363647e-01
-1.715766489505767822e-01
8.230941742658615112e-02
-3.828452527523040771e-02
-6.818778347223997116e-03
-3.303908929228782654e-02
-1.598167568445205688e-01
5.464272946119308472e-02
-1.699694693088531494e-01
-1.090141162276268005e-01
-4.951332136988639832e-02
-2.645886875689029694e-02
-2.054822072386741638e-02
-4.606749489903450012e-02
-2.034425735473632812e-01
6.066786870360374451e-02
-4.919431731104850769e-02
-3.318276256322860718e-02
5.521433055400848389e-02
-2.193450480699539185e-01
-6.026680115610361099e-03
-2.637290023267269135e-02
-2.434982359409332275e-02
-4.695686697959899902e-02
-1.367145329713821411e-01
-1.023398488759994507e-01
5.531235132366418839e-03
-1.454085111618041992e-01
-1.059890761971473694e-01
2.645035739988088608e-03
-4.944842681288719177e-02
7.842038571834564209e-02
-5.893803015351295471e-02
4.989769682288169861e-02
2.475148290395736694e-01
-3.695837780833244324e-02
1.322814673185348511e-01
3.664794936776161194e-02
-3.851401060819625854e-02
-2.948775514960289001e-02
-1.269978880882263184e-01
-1.414411514997482300e-01
-2.811677753925323486e-02
-6.526378449052572250e-03
-6.984250992536544800e-02
-1.840225011110305786e-01
1.370802074670791626e-01
-2.427454739809036255e-01
-1.234477311372756958e-01
-1.269454210996627808e-01
2.549778856337070465e-02
-7.099625468254089355e-02
1.988767087459564209e-02
-4.674916714429855347e-02
1.339895371347665787e-02
3.146799746900796890e-03
2.984250895678997040e-02
2.410495579242706299e-01
-2.180772572755813599e-01
-8.192295581102371216e-02
-1.964059621095657349e-01
-4.870812594890594482e-02
-8.937606215476989746e-02
-2.056109718978404999e-02
-1.561436057090759277e-01
2.457223385572433472e-01
-4.934518784284591675e-02
-2.622634358704090118e-02
-6.059201061725616455e-02
-1.503183841705322266e-01
2.478708280250430107e-03
-1.046268269419670105e-01
-1.380992680788040161e-01
-2.900973334908485413e-02
-5.318883061408996582e-02
-3.589033707976341248e-02
-5.108197405934333801e-02
6.575513165444135666e-03
-6.887974590063095093e-02
3.009385615587234497e-02
-1.485453546047210693e-01
-2.318989783525466919e-01
-1.155291274189949036e-01
7.242058054544031620e-04
1.662080883979797363e-01
-3.711092844605445862e-02
3.933576866984367371e-02
-3.550728037953376770e-02
9.470189362764358521e-02
-2.864803932607173920e-02
-1.073773577809333801e-01
7.629305589944124222e-03
-1.060499697923660278e-01
1.544083058834075928e-01
2.856676466763019562e-02
9.213213622570037842e-02
-1.307034213095903397e-02
-2.849304378032684326e-01
1.585165262222290039e-01
2.262104302644729614e-02
3.297632336616516113e-01
2.043714001774787903e-02
-3.974365442991256714e-02
1.491770297288894653e-01
1.110763847827911377e-01
-2.107972204685211182e-01
-1.380744129419326782e-01
1.761746853590011597e-01
-2.567702671512961388e-03
4.451381415128707886e-02
2.663454115390777588e-01
-3.036913275718688965e-02
-2.190463840961456299e-01
-9.521520882844924927e-02
2.097325921058654785e-01
-6.982474029064178467e-02
-6.651252508163452148e-02
8.990903943777084351e-02
-1.223915442824363708e-01
1.122010052204132080e-01
-5.074314400553703308e-02
1.666450500488281250e-01
2.245665900409221649e-02
-1.006513312458992004e-01
6.721964478492736816e-02
-1.152684614062309265e-01
1.247732043266296387e-01
1.664312928915023804e-01
-1.644692867994308472e-01
-8.072184771299362183e-02
6.482725590467453003e-02
-3.546664863824844360e-02
9.721775352954864502e-02
2.551224641501903534e-02
-1.537253428250551224e-02
-1.439309269189834595e-01
1.497477889060974121e-01
-3.497107326984405518e-02
-1.098690405488014221e-01
3.335154056549072266e-02
-3.988003730773925781e-02
4.442048817873001099e-02
-1.723491996526718140e-01
1.914313286542892456e-01
1.875268220901489258e-01
-2.254341393709182739e-01
2.997398972511291504e-01
2.197559922933578491e-01
8.216796070337295532e-02
-7.253289967775344849e-02
3.050332330167293549e-02
2.315483391284942627e-01
1.208546459674835205e-01
7.470305263996124268e-02
-3.296640887856483459e-02
-5.603595823049545288e-02
-2.436286062002182007e-01
-1.873017847537994385e-02
-5.463852360844612122e-02
-3.220954909920692444e-02
7.225045002996921539e-03
8.331563323736190796e-02
-7.881426066160202026e-02
-1.073160469532012939e-01
1.079293712973594666e-01
-1.287607997655868530e-01
2.327431179583072662e-02
-1.867691874504089355e-01
2.307521365582942963e-02
1.766811013221740723e-01
-7.471836358308792114e-02
-1.305121034383773804e-01
-1.254005134105682373e-01
-2.008670419454574585e-01
-1.523730009794235229e-01
1.211765855550765991e-01
-1.124200373888015747e-01
1.669655553996562958e-02
2.134801596403121948e-01
-9.410312026739120483e-02
-6.770747713744640350e-03
2.479897588491439819e-01
-9.324670583009719849e-02
-1.194269657135009766e-01
-1.165481284260749817e-01
1.017695218324661255e-01
9.824502468109130859e-02
-1.250040531158447266e-01
-1.157951280474662781e-01
6.825406104326248169e-02
1.452745199203491211e-01
-2.336245477199554443e-01
-1.945486217737197876e-01
-1.868769824504852295e-01
3.396828770637512207e-01
-9.911841899156570435e-02
2.733122929930686951e-02
6.229712814092636108e-02
-3.632338345050811768e-02
-1.124751046299934387e-01
-3.751955181360244751e-02
-4.785892553627490997e-03
2.386216074228286743e-02
-5.973108485341072083e-02
-6.718026008456945419e-03
-1.192093044519424438e-01
-2.360002994537353516e-01
-4.486269131302833557e-02
1.658499687910079956e-01
-2.320851385593414307e-01
-1.775312423706054688e-01
7.538335770368576050e-02
1.151934862136840820e-01
-1.263010203838348389e-01
2.441756427288055420e-02
2.005544751882553101e-01
6.490755081176757812e-02
-4.427879676222801208e-02
-8.168592303991317749e-02
-4.899176210165023804e-02
8.702368289232254028e-02
-1.058158800005912781e-01
7.360865920782089233e-02
-7.747396826744079590e-02
1.316306460648775101e-02
-1.274732202291488647e-01
-1.059778332710266113e-01
-8.429403416812419891e-03
3.191960230469703674e-02
-7.013535499572753906e-02
1.382459304295480251e-03
-2.514579594135284424e-01
1.879008263349533081e-01
2.283305376768112183e-01
6.200515199452638626e-03
-1.993618719279766083e-02
-7.400913536548614502e-02
-5.989199504256248474e-02
-1.610841006040573120e-01
7.814708352088928223e-02
-1.317670941352844238e-01
1.015991568565368652e-01
-1.328210532665252686e-01
-1.826357692480087280e-01
-5.195985734462738037e-02
9.222017973661422729e-02
1.670064590871334076e-02
7.988537847995758057e-02
-4.745747148990631104e-02
7.677221298217773438e-02
2.076196223497390747e-01
-3.822730109095573425e-02
-6.855233758687973022e-02
5.094571970403194427e-03
-2.366894041188061237e-04
-2.311787456274032593e-01
7.120995968580245972e-02
1.547475904226303101e-01
5.759474262595176697e-02
3.550466895103454590e-02
-8.610396832227706909e-02
-1.410645991563796997e-01
-4.139813035726547241e-02
-9.058330208063125610e-02
2.901785820722579956e-02
-5.260712001472711563e-03
-5.619740113615989685e-02
1.004602387547492981e-02
3.035597316920757294e-02
-7.558509707450866699e-02
-5.800202861428260803e-02
2.363358289003372192e-01
1.053710654377937317e-01
-2.638988494873046875e-01
1.631345152854919434e-01
2.419319897890090942e-01
-3.669029846787452698e-02
4.233682528138160706e-02
-8.625389635562896729e-02
2.694389522075653076e-01
5.141297727823257446e-02
-3.995897993445396423e-02
-6.341220438480377197e-02
-7.720708847045898438e-02
2.240217775106430054e-01
5.927591770887374878e-02
-6.064195185899734497e-02
-1.623446941375732422e-01
6.730516999959945679e-02
5.719241872429847717e-02
4.436696693301200867e-02
-5.953842401504516602e-02
-4.005004093050956726e-02
2.270467393100261688e-02
-1.091474816203117371e-01
-2.180166542530059814e-01
6.966195255517959595e-02
5.958635732531547546e-02
-1.803686320781707764e-01
-3.241110220551490784e-02
-1.242396421730518341e-02
-6.274609267711639404e-02
-2.598975598812103271e-01
-2.149799279868602753e-02
1.406451314687728882e-02
1.965040415525436401e-01
-1.696910709142684937e-01
-1.368412077426910400e-01
2.314227866008877754e-03
-2.916026115417480469e-01
-1.324786432087421417e-02
-9.325595945119857788e-02
-1.122919321060180664e-01
-2.630152702331542969e-01
7.178085297346115112e-02
-7.371301949024200439e-02
2.390934526920318604e-01
-3.337219095556065440e-05
1.097317785024642944e-01
2.897253632545471191e-01
-4.425500333309173584e-02
-4.838592186570167542e-02
-4.636160284280776978e-02
-5.740463733673095703e-02
1.337024569511413574e-01
-1.875402629375457764e-01
5.226405337452888489e-02
-1.548795402050018311e-01
1.553064584732055664e-01
-3.469438478350639343e-02
-2.088300511240959167e-02
-5.006559938192367554e-02
2.253468334674835205e-02
4.021116718649864197e-02
-1.301762014627456665e-01
1.027751937508583069e-01
-6.228581443428993225e-02
-1.624914705753326416e-01
5.671666190028190613e-02
2.579188048839569092e-01
3.325857967138290405e-02
-2.235611900687217712e-02
-5.405822303146123886e-03
8.175523579120635986e-02
-1.522088795900344849e-01
-7.754070684313774109e-03
4.435405880212783813e-02
3.693535923957824707e-02
-2.499059289693832397e-01
-3.482104837894439697e-02
2.448395080864429474e-02
1.782935857772827148e-01
1.315067801624536514e-02
1.366616487503051758e-01
7.121694833040237427e-02
3.915596753358840942e-02
-7.495583593845367432e-02
3.112240321934223175e-02
-1.991393230855464935e-02
-3.288719356060028076e-01
1.232623830437660217e-01
7.688844949007034302e-02
1.559879779815673828e-01
-1.270936876535415649e-01
-3.922978416085243225e-02
-2.177381217479705811e-01
-1.298172473907470703e-01
-1.503554452210664749e-02
-1.807894110679626465e-01
-2.249897457659244537e-02
2.806412875652313232e-01
-1.215066313743591309e-01
-6.836581975221633911e-02
-1.682910323143005371e-01
5.468067154288291931e-02
-2.880155742168426514e-01
3.708834294229745865e-03
-2.187571525573730469e-01
2.578804194927215576e-01
-1.338169164955615997e-02
2.870162427425384521e-01
-2.590283006429672241e-02
1.667027175426483154e-01
-1.590206101536750793e-02
-1.641461998224258423e-02
-2.567947506904602051e-01
1.635130494832992554e-01
4.815675318241119385e-02
-2.014076896011829376e-02
-1.911382228136062622e-01
-1.699075847864151001e-01
2.676388435065746307e-02
-1.804724037647247314e-01
5.000983364880084991e-03
-1.292537301778793335e-01
3.407536074519157410e-02
-2.895988523960113525e-02
-4.765887558460235596e-02
1.544388011097908020e-02
-4.737283661961555481e-02
-9.078616276383399963e-03
-1.147348210215568542e-01
-1.590625196695327759e-01
-8.633659780025482178e-02
-1.814938634634017944e-01
-1.058907881379127502e-01
3.450329601764678955e-02
1.127914413809776306e-01
-1.860057115554809570e-01
2.982741594314575195e-02
1.134646870195865631e-02
1.169223934412002563e-01
-2.277420461177825928e-01
-1.390912532806396484e-01
3.228366002440452576e-02
6.297878175973892212e-02
1.849172287620604038e-03
-7.749731838703155518e-02
-1.431705802679061890e-01
4.402501881122589111e-02
-5.204914137721061707e-02
2.399742370471358299e-04
-5.996275227516889572e-03
-3.080301284790039062e-01
2.984696328639984131e-01
1.051767393946647644e-01
2.064260393381118774e-01
-1.529652774333953857e-01
-1.287411600351333618e-01
-2.439947724342346191e-01
-1.238305047154426575e-01
-1.166752576828002930e-01
-1.906712651252746582e-01
1.009088605642318726e-01
-2.167180329561233521e-01
-1.794196814298629761e-01
-1.057130843400955200e-01
4.173992946743965149e-02
3.611556440591812134e-02
-1.270052641630172729e-01
-5.885286256670951843e-02
-1.380149722099304199e-01
2.200718224048614502e-01
-5.588837713003158569e-02
1.359949111938476562e-01
-6.355720758438110352e-02
-2.982415258884429932e-02
-6.102243065834045410e-02
6.069584935903549194e-02
1.378509849309921265e-01
-9.740823507308959961e-02
-1.318753957748413086e-01
2.563497284427285194e-03
-3.866097331047058105e-01
-1.227416545152664185e-01
-1.904084682464599609e-01
-1.071844175457954407e-01
-1.258345134556293488e-02
6.238464266061782837e-02
-5.290279909968376160e-02
-2.172608859837055206e-02
3.529499736032448709e-05
-1.379281654953956604e-02
6.632534414529800415e-02
-1.435010135173797607e-02
-1.366343051195144653e-01
4.802083224058151245e-02
1.982586979866027832e-01
-2.164020091295242310e-01
-8.302372694015502930e-02
-8.067526668310165405e-02
3.160304725170135498e-01
-1.250475645065307617e-01
-4.477655142545700073e-02
-3.776173666119575500e-02
-1.091424096375703812e-02
1.937262862920761108e-01
-1.344878077507019043e-01
2.952306717634201050e-02
8.972451835870742798e-02
-1.261202394962310791e-01
-2.860857546329498291e-01
-5.438920110464096069e-02
-6.851041316986083984e-02
-9.731468558311462402e-02
8.895521983504295349e-03
-8.795286715030670166e-02
-3.085483610630035400e-01
2.134425640106201172e-01
-3.330301865935325623e-02
3.498659282922744751e-02
1.248667463660240173e-01
-9.419867396354675293e-02
-1.154502257704734802e-01
3.468563547357916832e-03
-5.180014297366142273e-02
-1.720305979251861572e-01
2.257406860589981079e-01
5.849990993738174438e-03
-1.303796023130416870e-01
1.792279444634914398e-02
-1.086019948124885559e-01
1.582439988851547241e-02
-7.674637436866760254e-02
-1.404974758625030518e-01
-1.555621027946472168e-01
8.843142539262771606e-02
-1.048522442579269409e-01
1.653271615505218506e-01
-7.808109372854232788e-02
-1.691800802946090698e-01
4.511344805359840393e-02
8.346625417470932007e-02
-3.954185917973518372e-02
-6.460407376289367676e-02
-3.368485718965530396e-02
9.272311627864837646e-02
1.072727665305137634e-01
-8.881959319114685059e-02
3.537274524569511414e-02
2.634610980749130249e-02
-8.496933430433273315e-02
-3.921842575073242188e-02
-1.413218444213271141e-03
-7.144125550985336304e-02
-2.484866045415401459e-02
-1.426185816526412964e-01
1.588680148124694824e-01
-1.998183131217956543e-01
1.133619472384452820e-01
2.054736949503421783e-02
2.337472327053546906e-02
-1.203747689723968506e-01
-6.842899322509765625e-02
5.469525977969169617e-02
3.552050888538360596e-02
-1.174624338746070862e-01
-1.385148465633392334e-01
-5.647016316652297974e-02
-4.950734600424766541e-02
2.149052321910858154e-01
9.554374217987060547e-02
-3.844103962182998657e-02
-8.605290204286575317e-02
-6.559737771749496460e-02
2.468585371971130371e-01
1.243882346898317337e-02
-4.914311692118644714e-03
-4.011387471109628677e-03
-4.332251474261283875e-02
-8.035923540592193604e-02
2.174379676580429077e-02
1.177413463592529297e-01
-8.237969875335693359e-02
1.761960610747337341e-02
-1.147339567542076111e-01
-5.429022014141082764e-02
-8.966171741485595703e-02
-6.022774055600166321e-02
2.367613166570663452e-01
-5.095848813652992249e-03
-1.540165096521377563e-01
3.069807216525077820e-02
-5.104977265000343323e-02
5.676690954715013504e-03
-3.151543810963630676e-02
-1.059021204710006714e-01
-1.815756857395172119e-01
-1.099430844187736511e-01
1.080125495791435242e-01
1.646465212106704712e-01
-3.533021733164787292e-02
1.326573789119720459e-01
3.618589788675308228e-02
-7.959890365600585938e-02
-1.314254477620124817e-03
7.936289906501770020e-02
4.261768423020839691e-03
-1.091611981391906738e-01
-3.310633450746536255e-02
5.825836211442947388e-02
-4.379238933324813843e-02
-3.694863989949226379e-02
1.549744755029678345e-01
-1.398322880268096924e-01
-1.022921726107597351e-01
1.522278320044279099e-02
3.175593167543411255e-02
-1.297321319580078125e-01
-3.805595636367797852e-02
-1.537573635578155518e-01
-1.650728285312652588e-01
-1.978751718997955322e-01
-3.695160523056983948e-02
-1.903932690620422363e-01
-1.616411954164505005e-01
-2.471665441989898682e-01
-1.879263203591108322e-03
-7.287264615297317505e-02
1.182345952838659286e-02
-2.521063685417175293e-01
-7.268832623958587646e-02
-6.619111448526382446e-02
-5.469829216599464417e-02
-1.340923011302947998e-01
-1.748208850622177124e-01
-7.732398062944412231e-02
-6.996937096118927002e-02
-3.656709194183349609e-02
1.352319419384002686e-01
5.158548802137374878e-02
-9.519381076097488403e-02
8.723320066928863525e-02
-1.076595559716224670e-01
-1.071689575910568237e-01
-5.662241205573081970e-02
1.897040009498596191e-01
-2.086477428674697876e-01
1.060485467314720154e-01
-1.129181459546089172e-01
3.787166997790336609e-02
-1.341485977172851562e-01
-1.316561996936798096e-01
-9.779940545558929443e-02
-1.035866439342498779e-01
1.349530182778835297e-03
-2.051327377557754517e-01
-1.770227998495101929e-01
-7.201380282640457153e-02
2.139464020729064941e-02
-1.812822557985782623e-02
1.112778391689062119e-02
-7.188106328248977661e-02
1.258941888809204102e-01
9.653145819902420044e-02
-8.801457285881042480e-02
-2.747596427798271179e-02
-4.867074638605117798e-02
-1.934193968772888184e-01
-1.213042512536048889e-01
1.344759911298751831e-01
1.554698646068572998e-01
-1.526515334844589233e-01
-9.039588272571563721e-02
1.403257343918085098e-02
-1.287172734737396240e-01
-5.906867329031229019e-03
-1.403446197509765625e-01
-5.824125558137893677e-02
2.261285297572612762e-02
-2.925710566341876984e-02
-1.719409227371215820e-02
5.166804790496826172e-02
-8.580149710178375244e-02
-2.898779213428497314e-01
-3.084096871316432953e-02
-2.399706095457077026e-01
1.038527563214302063e-01
-4.216818884015083313e-02
4.925034567713737488e-02
-2.075469307601451874e-02
4.027121141552925110e-02
-1.690441556274890900e-02
2.580494284629821777e-01
-2.981012873351573944e-02
7.790400087833404541e-02
-1.225112974643707275e-01
-2.052998840808868408e-01
8.901455253362655640e-02
-1.448389291763305664e-01
-1.451577804982662201e-02
1.627437584102153778e-02
1.021345332264900208e-02
-2.252683937549591064e-01
7.988699525594711304e-02
1.330634113401174545e-02
9.710792452096939087e-02
4.672161489725112915e-02
4.815935716032981873e-02
1.323874294757843018e-01
1.050263717770576477e-01
-2.939206659793853760e-01
-1.403269618749618530e-01
1.399330794811248779e-01
-5.649753287434577942e-02
3.750542551279067993e-02
-9.713798016309738159e-02
4.378408193588256836e-02
-6.982430815696716309e-02
-4.552808776497840881e-02
7.080353051424026489e-02
