2.515961074829101562e+01
1.279360961914062500e+01
2.184375190734863281e+01
2.090573692321777344e+01
2.208225059509277344e+01
1.514779567718505859e+01
1.717658233642578125e+01
3.455500030517578125e+01
1.757649803161621094e+01
1.279025459289550781e+01
7.201573371887207031e+00
1.939781761169433594e+01
1.526010036468505859e+01
9.857189178466796875e+00
2.420859909057617188e+01
8.596909523010253906e+00
1.881860542297363281e+01
1.394530677795410156e+01
6.355411529541015625e+00
2.112353324890136719e+01
2.069411468505859375e+01
1.405031681060791016e+01
1.848621368408203125e+01
1.936586761474609375e+01
1.344167804718017578e+01
1.577536487579345703e+01
1.794906616210937500e+01
3.149254608154296875e+01
1.150456523895263672e+01
1.367537498474121094e+01
1.090606975555419922e+01
1.820944976806640625e+01
2.665606880187988281e+01
1.313317966461181641e+01
3.093281936645507812e+01
1.784586715698242188e+01
8.342392921447753906e+00
1.337229442596435547e+01
2.421379661560058594e+01
2.900220489501953125e+01
1.185723495483398438e+01
8.887181282043457031e+00
2.498193359375000000e+01
1.281621074676513672e+01
1.319170284271240234e+01
1.476380157470703125e+01
9.959009170532226562e+00
1.995993995666503906e+01
2.070859527587890625e+01
1.080232715606689453e+01
1.163016223907470703e+01
8.039968490600585938e+00
1.998740005493164062e+01
2.502306556701660156e+01
1.377516841888427734e+01
1.175786972045898438e+01
2.070919799804687500e+01
1.015643501281738281e+01
2.536109352111816406e+01
2.535363960266113281e+01
3.805598068237304688e+01
1.368378829956054688e+01
1.739839744567871094e+01
1.228349781036376953e+01
3.079938888549804688e+01
1.944412803649902344e+01
1.229937076568603516e+01
1.239151573181152344e+01
1.234326362609863281e+01
1.731030082702636719e+01
1.053581619262695312e+01
1.606460571289062500e+01
9.144584655761718750e+00
1.472089576721191406e+01
9.898631095886230469e+00
8.915460586547851562e+00
2.294728660583496094e+01
8.855573654174804688e+00
2.098861312866210938e+01
9.629067420959472656e+00
1.549763679504394531e+01
1.411493968963623047e+01
1.349716949462890625e+01
2.287484550476074219e+01
9.083411216735839844e+00
1.965999794006347656e+01
2.276667404174804688e+01
3.679074859619140625e+01
1.777818489074707031e+01
1.407463169097900391e+01
2.002655982971191406e+01
1.743010330200195312e+01
3.241873550415039062e+01
2.216956520080566406e+01
1.460789775848388672e+01
1.429093933105468750e+01
1.115272521972656250e+01
9.271188735961914062e+00
2.489685058593750000e+01
1.216920852661132812e+01
1.650998497009277344e+01
1.587426757812500000e+01
1.423780155181884766e+01
3.438037490844726562e+01
1.197878837585449219e+01
1.022995471954345703e+01
2.343126487731933594e+01
1.235856342315673828e+01
1.395471096038818359e+01
7.245258808135986328e+00
1.355982780456542969e+01
2.105048751831054688e+01
9.482927322387695312e+00
1.738801765441894531e+01
1.317525196075439453e+01
1.141775417327880859e+01
1.136661720275878906e+01
2.096743392944335938e+01
1.729145812988281250e+01
2.515557289123535156e+01
2.074474334716796875e+01
3.328966903686523438e+01
2.119707679748535156e+01
2.332498168945312500e+01
3.413663864135742188e+01
2.296112823486328125e+01
1.587507057189941406e+01
1.333205413818359375e+01
1.931694412231445312e+01
1.039221763610839844e+01
1.076026248931884766e+01
1.248681449890136719e+01
6.682465076446533203e+00
6.807788848876953125e+00
1.362491703033447266e+01
1.939496231079101562e+01
1.961632537841796875e+01
1.026659488677978516e+01
2.200294494628906250e+01
1.255570888519287109e+01
6.053288459777832031e+00
2.110519409179687500e+01
2.359597778320312500e+01
8.585173606872558594e+00
1.147967910766601562e+01
1.407744503021240234e+01
1.482692050933837891e+01
2.116562080383300781e+01
1.730676841735839844e+01
1.932237625122070312e+01
1.617253875732421875e+01
1.063379955291748047e+01
2.725651359558105469e+01
1.942121696472167969e+01
6.760941505432128906e+00
1.540298271179199219e+01
1.169418334960937500e+01
1.251033878326416016e+01
1.842646026611328125e+01
2.318837165832519531e+01
1.889215087890625000e+01
1.699834251403808594e+01
1.187372016906738281e+01
9.071062088012695312e+00
1.702963256835937500e+01
9.349433898925781250e+00
2.451018714904785156e+01
1.004133605957031250e+01
2.261758422851562500e+01
1.136866283416748047e+01
2.677867317199707031e+01
9.973121643066406250e+00
1.636859130859375000e+01
7.954006195068359375e+00
1.270920753479003906e+01
2.315044593811035156e+01
1.798666763305664062e+01
2.179712295532226562e+01
2.023830413818359375e+01
1.484827995300292969e+01
1.481831455230712891e+01
1.613392639160156250e+01
1.295338726043701172e+01
1.965143585205078125e+01
1.759606361389160156e+01
1.181112766265869141e+01
1.166116333007812500e+01
2.946031761169433594e+01
1.206094837188720703e+01
1.489146900177001953e+01
1.324909019470214844e+01
1.489457702636718750e+01
1.793719863891601562e+01
2.299211883544921875e+01
1.644027519226074219e+01
1.079977703094482422e+01
1.467032909393310547e+01
1.599466514587402344e+01
1.449482822418212891e+01
9.464199066162109375e+00
1.847648048400878906e+01
2.079638862609863281e+01
1.232126426696777344e+01
1.654309654235839844e+01
1.456218719482421875e+01
7.328840732574462891e+00
2.253408622741699219e+01
5.117628097534179688e+00
1.533944129943847656e+01
1.564607334136962891e+01
2.116716194152832031e+01
1.431977844238281250e+01
1.665084457397460938e+01
1.984693336486816406e+01
2.579295921325683594e+01
1.613710975646972656e+01
3.047380256652832031e+01
9.721220016479492188e+00
1.947016334533691406e+01
2.130954551696777344e+01
1.483346748352050781e+01
1.550029563903808594e+01
1.950569725036621094e+01
1.168036556243896484e+01
1.122987651824951172e+01
6.586375236511230469e+00
6.318332672119140625e+00
2.178221702575683594e+01
9.928821563720703125e+00
1.201198005676269531e+01
1.961645889282226562e+01
1.536497879028320312e+01
2.273658561706542969e+01
9.890789985656738281e+00
2.359443664550781250e+01
1.136965656280517578e+01
1.177618122100830078e+01
1.097622776031494141e+01
8.859667778015136719e+00
1.211510562896728516e+01
9.587398529052734375e+00
1.087392330169677734e+01
2.500284004211425781e+01
1.968958282470703125e+01
2.021689224243164062e+01
1.172785472869873047e+01
1.440289497375488281e+01
8.608797073364257812e+00
1.373785686492919922e+01
2.375526809692382812e+01
1.613935661315917969e+01
1.629900741577148438e+01
2.094698524475097656e+01
2.247022628784179688e+01
2.105496406555175781e+01
2.070036506652832031e+01
1.895521163940429688e+01
8.438506126403808594e+00
5.524354457855224609e+00
1.357608318328857422e+01
7.146904468536376953e+00
8.556256294250488281e+00
9.199959754943847656e+00
1.726428985595703125e+01
2.886757850646972656e+01
1.358021831512451172e+01
2.221817588806152344e+01
2.591147041320800781e+01
1.317443561553955078e+01
1.006075191497802734e+01
3.071588134765625000e+01
1.184772682189941406e+01
1.055914974212646484e+01
1.255929470062255859e+01
1.267609596252441406e+01
7.379599571228027344e+00
1.167188167572021484e+01
1.387530803680419922e+01
1.892617607116699219e+01
9.088284492492675781e+00
9.810211181640625000e+00
7.177004814147949219e+00
1.360025882720947266e+01
1.126007366180419922e+01
1.355950164794921875e+01
1.487489604949951172e+01
1.281025505065917969e+01
1.351728630065917969e+01
2.112023162841796875e+01
7.240118026733398438e+00
1.698176765441894531e+01
1.083462810516357422e+01
2.292996025085449219e+01
2.254446029663085938e+01
9.277191162109375000e+00
1.194265174865722656e+01
1.941049385070800781e+01
1.727090835571289062e+01
8.482419013977050781e+00
1.483278942108154297e+01
1.343033981323242188e+01
1.088025951385498047e+01
2.707898902893066406e+01
3.161433029174804688e+01
8.419574737548828125e+00
1.665677452087402344e+01
1.246166324615478516e+01
2.185183525085449219e+01
2.007842254638671875e+01
1.682391357421875000e+01
1.300624084472656250e+01
1.633507347106933594e+01
2.039441680908203125e+01
3.017359352111816406e+01
1.432779502868652344e+01
1.711201667785644531e+01
1.666260910034179688e+01
1.052111244201660156e+01
1.216526794433593750e+01
2.102112770080566406e+01
1.470138359069824219e+01
1.470461940765380859e+01
1.551724147796630859e+01
9.863109588623046875e+00
9.704837799072265625e+00
2.744771575927734375e+01
7.977103710174560547e+00
1.323872566223144531e+01
1.281651210784912109e+01
2.116342926025390625e+01
1.987007331848144531e+01
2.209852600097656250e+01
1.499075222015380859e+01
1.856349563598632812e+01
1.801393699645996094e+01
2.533691215515136719e+01
1.073777961730957031e+01
1.597267627716064453e+01
2.014989471435546875e+01
1.553634643554687500e+01
1.308079814910888672e+01
2.198149681091308594e+01
2.049946212768554688e+01
1.127671432495117188e+01
8.673594474792480469e+00
1.748263549804687500e+01
2.359471702575683594e+01
1.139114475250244141e+01
1.920737075805664062e+01
1.001791477203369141e+01
7.070570945739746094e+00
1.752978515625000000e+01
1.552114105224609375e+01
2.884496116638183594e+01
1.723345947265625000e+01
2.117959785461425781e+01
2.165448570251464844e+01
1.329576778411865234e+01
1.289976215362548828e+01
2.464171409606933594e+01
1.321602535247802734e+01
1.217556571960449219e+01
3.363498687744140625e+01
1.503349590301513672e+01
4.514993190765380859e+00
2.263490104675292969e+01
2.049758529663085938e+01
1.521283054351806641e+01
2.303190422058105469e+01
1.534925842285156250e+01
2.285458755493164062e+01
3.108748817443847656e+01
1.161477947235107422e+01
1.543462085723876953e+01
1.848309707641601562e+01
1.050215053558349609e+01
1.738947296142578125e+01
1.118502235412597656e+01
1.161977100372314453e+01
1.367804241180419922e+01
2.815280914306640625e+01
1.905159759521484375e+01
1.191126346588134766e+01
1.488790416717529297e+01
1.993936920166015625e+01
3.327126693725585938e+01
1.324312114715576172e+01
2.070309257507324219e+01
1.274719142913818359e+01
2.369680595397949219e+01
2.210830307006835938e+01
2.191129684448242188e+01
1.381152725219726562e+01
1.708551216125488281e+01
8.816059112548828125e+00
1.121507263183593750e+01
6.572447776794433594e+00
1.235952758789062500e+01
1.710553169250488281e+01
7.121727943420410156e+00
1.155205249786376953e+01
2.614960289001464844e+01
1.576901912689208984e+01
7.768029212951660156e+00
2.018632698059082031e+01
2.330591773986816406e+01
1.135144519805908203e+01
1.305249214172363281e+01
1.905485725402832031e+01
2.016587066650390625e+01
1.173525333404541016e+01
2.443244934082031250e+01
2.002272033691406250e+01
1.978314971923828125e+01
1.033572006225585938e+01
1.414534759521484375e+01
1.719036674499511719e+01
1.755768394470214844e+01
1.330680179595947266e+01
1.023223114013671875e+01
1.069268417358398438e+01
1.258273220062255859e+01
8.951003074645996094e+00
1.029136180877685547e+01
2.489216613769531250e+01
1.338388252258300781e+01
1.610005187988281250e+01
1.243519020080566406e+01
2.644054031372070312e+01
1.237636470794677734e+01
2.049399757385253906e+01
2.037633895874023438e+01
9.610451698303222656e+00
1.305450725555419922e+01
1.667772865295410156e+01
2.302522850036621094e+01
1.083874034881591797e+01
9.718518257141113281e+00
1.252301692962646484e+01
1.285153198242187500e+01
1.243387603759765625e+01
1.775102615356445312e+01
9.857309341430664062e+00
1.930855560302734375e+01
1.281908798217773438e+01
1.165949916839599609e+01
1.351286602020263672e+01
8.530205726623535156e+00
1.424195480346679688e+01
1.741170883178710938e+01
1.371686363220214844e+01
1.169189739227294922e+01
1.230681896209716797e+01
1.355796337127685547e+01
1.977842140197753906e+01
1.277167129516601562e+01
1.405035018920898438e+01
1.339558029174804688e+01
8.028477668762207031e+00
1.651960372924804688e+01
1.572821998596191406e+01
2.409809112548828125e+01
1.861076927185058594e+01
1.113945388793945312e+01
1.890504837036132812e+01
1.363167095184326172e+01
2.385148620605468750e+01
1.254857063293457031e+01
9.915488243103027344e+00
1.695283699035644531e+01
1.534144496917724609e+01
2.789543914794921875e+01
7.945308685302734375e+00
1.459149837493896484e+01
4.689409255981445312e+00
1.762118911743164062e+01
1.699886512756347656e+01
8.404931068420410156e+00
1.552813720703125000e+01
1.563520431518554688e+01
2.511716651916503906e+01
8.454373359680175781e+00
2.473620796203613281e+01
1.299713706970214844e+01
2.029294586181640625e+01
1.182679080963134766e+01
9.437091827392578125e+00
7.285645008087158203e+00
1.479650211334228516e+01
5.379111289978027344e+00
1.462657165527343750e+01
1.517718410491943359e+01
9.852180480957031250e+00
1.298110294342041016e+01
2.958905029296875000e+01
9.878634452819824219e+00
3.347472429275512695e+00
2.933269309997558594e+01
5.029623508453369141e+00
1.702495193481445312e+01
1.370321750640869141e+01
1.649562644958496094e+01
2.287583541870117188e+01
1.108758258819580078e+01
6.061143398284912109e+00
1.429500961303710938e+01
5.502783298492431641e+00
7.034300804138183594e+00
1.477219200134277344e+01
1.180315017700195312e+01
1.765782546997070312e+01
1.338679409027099609e+01
