-1.516187787055969238e-01
-1.116548776626586914e-01
-2.510792203247547150e-02
-2.316153608262538910e-03
-1.876193471252918243e-02
-2.865417897701263428e-01
-7.636424154043197632e-02
8.966211229562759399e-03
-1.280154287815093994e-01
-5.943759158253669739e-02
1.945262774825096130e-02
-1.496042907238006592e-01
2.690668916329741478e-03
-1.355835646390914917e-01
-1.794839650392532349e-02
-1.405499726533889771e-01
3.707802668213844299e-02
7.539276964962482452e-03
-1.366104185581207275e-01
-1.851202696561813354e-01
-6.122962385416030884e-02
-1.169761717319488525e-01
-1.480589359998703003e-01
-2.769524231553077698e-02
-1.461283713579177856e-01
-9.934868663549423218e-02
-1.798944026231765747e-01
-1.067657247185707092e-01
-7.607544958591461182e-02
-1.261283177882432938e-02
-1.389142423868179321e-01
-3.722531497478485107e-01
-4.336432814598083496e-01
-1.356090139597654343e-02
-2.259043902158737183e-01
-6.471231579780578613e-02
-1.049750223755836487e-01
-4.835583269596099854e-02
-1.426905393600463867e-01
-4.103289544582366943e-02
-4.842369630932807922e-02
-2.297151274979114532e-02
-8.353983610868453979e-02
-7.439956814050674438e-02
-4.489015787839889526e-02
-1.250048130750656128e-01
3.851887583732604980e-02
-1.199770867824554443e-01
-2.942468598484992981e-02
-2.332931756973266602e-01
-1.449324935674667358e-01
-4.747467935085296631e-01
-1.118978187441825867e-01
-4.018219187855720520e-02
-1.072169318795204163e-01
-9.506388753652572632e-02
-1.526202112436294556e-01
-5.494701489806175232e-02
-2.864535152912139893e-01
-8.026673644781112671e-02
-1.534366235136985779e-02
-1.299099475145339966e-01
1.270482037216424942e-02
-1.251401156187057495e-01
