9.300100326538085938e+00
1.105916500091552734e+01
9.753831863403320312e+00
7.384062290191650391e+00
4.956114292144775391e+00
1.096378231048583984e+01
1.824421501159667969e+01
2.460232734680175781e+00
5.204524517059326172e+00
1.173062324523925781e+01
6.996380805969238281e+00
3.291424751281738281e+00
1.554316902160644531e+01
5.990957736968994141e+00
4.171949386596679688e+00
1.307627868652343750e+01
5.662530899047851562e+00
5.867513656616210938e+00
8.997468948364257812e+00
4.269907474517822266e+00
6.867173194885253906e+00
5.939779281616210938e+00
5.761734485626220703e+00
5.377738952636718750e+00
1.107219982147216797e+01
1.250074958801269531e+01
1.345987415313720703e+01
7.661700725555419922e+00
5.834579944610595703e+00
1.194738674163818359e+01
7.810252666473388672e+00
4.245431423187255859e+00
1.179049587249755859e+01
6.719625949859619141e+00
6.606678485870361328e+00
1.070094203948974609e+01
9.636992454528808594e+00
6.426847457885742188e+00
1.146455764770507812e+01
1.175751781463623047e+01
2.642953872680664062e+00
8.644889831542968750e+00
3.503099918365478516e+00
6.188455104827880859e+00
3.035643100738525391e+00
7.151901721954345703e+00
3.341305255889892578e+00
8.287666320800781250e+00
1.458257293701171875e+01
7.799217700958251953e+00
7.732695102691650391e+00
7.427514076232910156e+00
7.547514915466308594e+00
6.171127796173095703e+00
1.226265525817871094e+01
5.509954929351806641e+00
4.135520458221435547e+00
1.121571636199951172e+01
4.924827098846435547e+00
5.380311012268066406e+00
7.756134033203125000e+00
7.348625183105468750e+00
4.792502880096435547e+00
1.189186096191406250e+01
8.135396003723144531e+00
2.024155044555664062e+01
4.781128406524658203e+00
4.368137836456298828e+00
8.632045745849609375e+00
9.700382232666015625e+00
9.512630462646484375e+00
3.474066972732543945e+00
6.727014541625976562e+00
4.065562725067138672e+00
6.255275726318359375e+00
7.042366981506347656e+00
7.810591220855712891e+00
8.907676696777343750e+00
8.998167991638183594e+00
1.568961524963378906e+01
1.689765548706054688e+01
3.316051006317138672e+00
5.248315811157226562e+00
1.034562778472900391e+01
5.524294853210449219e+00
3.989118576049804688e+00
7.636613845825195312e+00
8.240530967712402344e+00
7.843976497650146484e+00
9.328190803527832031e+00
6.565143108367919922e+00
6.371661663055419922e+00
2.078141593933105469e+01
1.676550483703613281e+01
4.864167213439941406e+00
2.980361461639404297e+00
9.968252182006835938e+00
6.106041908264160156e+00
7.665144920349121094e+00
8.446497917175292969e+00
2.409192085266113281e+00
7.470363616943359375e+00
8.654583930969238281e+00
6.126344680786132812e+00
2.419393539428710938e+00
9.908061027526855469e+00
4.959599494934082031e+00
1.078288078308105469e+01
1.958444976806640625e+01
7.146957874298095703e+00
3.485257863998413086e+00
7.352274417877197266e+00
5.386452198028564453e+00
5.703251361846923828e+00
4.906624317169189453e+00
8.516545295715332031e+00
7.267587184906005859e+00
9.077742576599121094e+00
8.544265747070312500e+00
8.735258102416992188e+00
2.343220138549804688e+01
7.532004356384277344e+00
1.738845443725585938e+01
4.778693675994873047e+00
4.406023025512695312e+00
8.077298164367675781e+00
7.279652595520019531e+00
1.798454475402832031e+01
1.364315891265869141e+01
9.778919219970703125e+00
3.710806131362915039e+00
7.362280368804931641e+00
5.745263099670410156e+00
6.182965278625488281e+00
5.696362018585205078e+00
4.495108604431152344e+00
9.545771598815917969e+00
4.384557247161865234e+00
3.994391202926635742e+00
5.425210952758789062e+00
1.220419502258300781e+01
8.779791831970214844e+00
5.889735221862792969e+00
8.637892723083496094e+00
8.059908866882324219e+00
5.328794002532958984e+00
8.850043296813964844e+00
3.944898366928100586e+00
5.369606971740722656e+00
8.789840698242187500e+00
9.194895744323730469e+00
7.670874118804931641e+00
6.374544620513916016e+00
3.852726221084594727e+00
9.038547515869140625e+00
3.601863145828247070e+00
4.058933258056640625e+00
3.496139907836914062e+01
5.573698043823242188e+00
3.931142568588256836e+00
7.870362281799316406e+00
8.099877357482910156e+00
9.781627655029296875e+00
7.864185810089111328e+00
5.732570648193359375e+00
8.694709777832031250e+00
3.317584991455078125e+00
1.427923679351806641e+00
1.166149520874023438e+01
7.478722572326660156e+00
1.105859184265136719e+01
6.759250164031982422e+00
1.084736061096191406e+01
2.070226669311523438e+00
6.845391750335693359e+00
6.769307136535644531e+00
1.042969799041748047e+01
4.865977287292480469e+00
3.822314262390136719e+00
1.008857917785644531e+01
6.217602252960205078e+00
4.988644123077392578e+00
1.318749237060546875e+01
1.684246063232421875e+01
1.166682910919189453e+01
7.085126876831054688e+00
5.155297756195068359e+00
4.260848045349121094e+00
4.703668117523193359e+00
9.806435585021972656e+00
7.964095115661621094e+00
2.906059503555297852e+00
5.456191539764404297e+00
7.155105590820312500e+00
5.437987327575683594e+00
5.978217124938964844e+00
2.076336860656738281e+01
6.559778690338134766e+00
4.929403781890869141e+00
5.073801994323730469e+00
6.922552108764648438e+00
9.178990364074707031e+00
6.744716644287109375e+00
9.481060981750488281e+00
1.485210514068603516e+01
6.470134735107421875e+00
3.362138986587524414e+00
9.972869873046875000e+00
1.718910980224609375e+01
7.453425407409667969e+00
7.121983051300048828e+00
8.740070343017578125e+00
1.629099845886230469e+01
9.265498161315917969e+00
4.161519050598144531e+00
6.206402301788330078e+00
1.825008010864257812e+01
1.110450839996337891e+01
7.288692951202392578e+00
1.445849990844726562e+01
6.231020450592041016e+00
1.462068939208984375e+01
1.213333797454833984e+01
1.011686992645263672e+01
5.238295078277587891e+00
7.997416019439697266e+00
6.887565135955810547e+00
7.168323040008544922e+00
4.774276256561279297e+00
1.808410072326660156e+01
9.491221427917480469e+00
9.552426338195800781e+00
9.742766380310058594e+00
1.617296028137207031e+01
1.549186801910400391e+01
9.159429550170898438e+00
6.643134117126464844e+00
3.498768806457519531e+00
4.194796085357666016e+00
1.126795005798339844e+01
5.960580825805664062e+00
4.428534507751464844e+00
4.787304878234863281e+00
1.036633586883544922e+01
5.353382587432861328e+00
1.252270412445068359e+01
6.974123001098632812e+00
4.927772045135498047e+00
6.493551731109619141e+00
1.225254154205322266e+01
1.143450164794921875e+01
1.793382644653320312e+01
5.592249393463134766e+00
9.359872817993164062e+00
1.161720275878906250e+01
5.993887901306152344e+00
