1.055399656295776367e+00
9.978408813476562500e-01
1.387040257453918457e+00
9.745402336120605469e-01
4.922592341899871826e-01
9.396403431892395020e-01
1.404068708419799805e+00
8.527499437332153320e-01
8.964415788650512695e-01
8.843973278999328613e-01
9.804651141166687012e-01
9.710109233856201172e-01
4.905716776847839355e-01
1.345696687698364258e+00
4.462806582450866699e-01
5.959159731864929199e-01
1.010720252990722656e+00
5.246838927268981934e-01
6.630920767784118652e-01
8.156491518020629883e-01
7.448505163192749023e-01
9.586536884307861328e-01
9.751480817794799805e-01
9.418136477470397949e-01
9.874843358993530273e-01
9.620962738990783691e-01
9.834682941436767578e-01
7.552107572555541992e-01
1.845308542251586914e+00
4.803411662578582764e-01
3.615713417530059814e-01
1.243768692016601562e+00
8.220481872558593750e-01
5.965725779533386230e-01
9.799566268920898438e-01
9.461395740509033203e-01
8.987916707992553711e-01
9.111740589141845703e-01
6.835341453552246094e-01
9.473791122436523438e-01
7.459253668785095215e-01
1.907882094383239746e+00
6.668873429298400879e-01
9.731223583221435547e-01
6.721799969673156738e-01
9.112186431884765625e-01
1.630023002624511719e+00
9.382888078689575195e-01
9.774076342582702637e-01
2.097765207290649414e+00
9.426029324531555176e-01
9.839128255844116211e-01
8.529985547065734863e-01
7.045153379440307617e-01
6.200386285781860352e-01
6.788450479507446289e-01
1.112029790878295898e+00
9.307202100753784180e-01
7.557426691055297852e-01
7.824558615684509277e-01
5.819167494773864746e-01
9.688453078269958496e-01
5.400220155715942383e-01
1.516088604927062988e+00
