-1.567913144826889038e-01
1.982961595058441162e-01
-1.550244092941284180e-01
-3.354543447494506836e-01
-2.877863356843590736e-03
-1.589005291461944580e-01
-2.820241749286651611e-01
-7.371247559785842896e-02
-4.721472971141338348e-03
-2.992613315582275391e-01
-1.456154286861419678e-01
-6.924434006214141846e-02
-3.251588046550750732e-01
-3.220721185207366943e-01
-1.219581961631774902e-01
-2.304092049598693848e-01
-7.789768744260072708e-03
-2.136923223733901978e-01
-2.061120271682739258e-01
-2.616023719310760498e-01
-1.806000471115112305e-01
-1.884092837572097778e-01
-9.967117011547088623e-02
-1.673549115657806396e-01
-1.024246811866760254e-01
-1.328863650560379028e-01
-1.440414637327194214e-01
-3.522614240646362305e-01
-7.413513213396072388e-02
-1.119587495923042297e-01
-1.961115151643753052e-01
-1.983775384724140167e-02
-2.625888288021087646e-01
-1.321294531226158142e-02
-8.293482661247253418e-02
-3.878912329673767090e-01
-1.976446062326431274e-01
7.159987092018127441e-02
-2.086054682731628418e-01
-1.912022083997726440e-01
-2.760201990604400635e-01
-8.950130641460418701e-02
-1.470485180616378784e-01
-1.613821387290954590e-01
-2.493494898080825806e-01
-1.301563531160354614e-01
-1.646928638219833374e-01
-4.507217705249786377e-01
-1.603330522775650024e-01
-2.392515689134597778e-01
-5.892975255846977234e-03
1.269335746765136719e-01
-3.285760283470153809e-01
-1.877890825271606445e-01
-2.578527927398681641e-01
-2.329272180795669556e-01
2.528740651905536652e-02
-2.241940945386886597e-01
-1.123377904295921326e-01
-1.976034790277481079e-01
-4.985526949167251587e-02
-5.059405788779258728e-02
4.035307466983795166e-02
-3.456203043460845947e-01
-4.414796829223632812e-02
-1.706510968506336212e-02
1.830624192953109741e-01
-8.391495048999786377e-02
-3.008642233908176422e-02
1.580946296453475952e-01
-3.912369608879089355e-01
-1.619319468736648560e-01
-2.055763006210327148e-01
2.129202149808406830e-02
-2.208005040884017944e-01
6.023170053958892822e-02
-2.043632417917251587e-01
6.942869722843170166e-02
-9.273678064346313477e-02
-2.835771143436431885e-01
-1.263947337865829468e-01
-2.538729012012481689e-01
-5.735852941870689392e-02
-1.579160988330841064e-01
-6.929548829793930054e-02
-1.469858437776565552e-01
-4.226114600896835327e-02
-9.117765724658966064e-02
7.149001117795705795e-03
-7.175737619400024414e-02
-2.261433899402618408e-01
-1.326216608285903931e-01
7.537749595940113068e-03
3.625684976577758789e-02
-3.129241764545440674e-01
-2.832187712192535400e-01
-1.581267118453979492e-01
-2.747528851032257080e-01
-5.114629492163658142e-02
1.593107134103775024e-01
-5.429257750511169434e-01
-3.174349665641784668e-01
-1.352183669805526733e-01
-2.218927890062332153e-01
-3.679005205631256104e-01
-4.211868643760681152e-01
-8.662597090005874634e-02
-8.903421461582183838e-02
-1.600400209426879883e-01
6.337574869394302368e-02
3.117738291621208191e-02
-1.287864148616790771e-01
-1.713056713342666626e-01
-1.680708527565002441e-01
-6.664779782295227051e-02
4.376785457134246826e-02
-2.682548165321350098e-01
-2.937427461147308350e-01
-2.273156195878982544e-01
1.619062721729278564e-01
-1.725829541683197021e-01
-1.153347864747047424e-01
7.297109067440032959e-02
-2.306272983551025391e-01
-3.976686671376228333e-02
-4.339336231350898743e-02
-1.323929615318775177e-02
-5.633048713207244873e-02
