-1.519028246402740479e-01
-1.640639156103134155e-01
-2.042088061571121216e-01
-8.898291736841201782e-03
-1.754504255950450897e-02
-5.981409549713134766e-02
9.356172382831573486e-02
4.340235516428947449e-02
-1.448324769735336304e-01
-5.464246030896902084e-03
-1.858676783740520477e-02
1.300490181893110275e-02
-5.368898436427116394e-02
2.943574637174606323e-02
-4.978687167167663574e-01
-1.039807498455047607e-01
-4.271532595157623291e-01
-1.129297763109207153e-01
9.589847177267074585e-02
-3.514228388667106628e-02
1.104329079389572144e-01
3.064037859439849854e-01
7.892904430627822876e-02
-1.780105233192443848e-01
2.772811353206634521e-01
-2.682953774929046631e-01
-7.595297694206237793e-02
-1.296756863594055176e-01
-6.971757113933563232e-02
-6.229431927204132080e-02
-2.410450875759124756e-01
2.942579090595245361e-01
4.363486766815185547e-01
8.491614460945129395e-02
-1.375662088394165039e-01
1.816342473030090332e-01
1.304974257946014404e-01
3.908662125468254089e-02
5.554348975419998169e-02
1.279408186674118042e-01
-1.288636326789855957e-01
-1.697161197662353516e-01
6.247759237885475159e-02
6.014391034841537476e-02
5.408456549048423767e-02
-1.902940124273300171e-01
-1.085908338427543640e-01
-3.426856547594070435e-02
-1.095911189913749695e-01
-3.135048970580101013e-02
-7.147904485464096069e-02
3.890082538127899170e-01
-2.220637053251266479e-01
4.342975839972496033e-02
1.536935865879058838e-01
-8.676391839981079102e-02
6.726013869047164917e-02
-6.405524164438247681e-02
3.217979148030281067e-02
-3.578078448772430420e-01
2.260645627975463867e-01
-2.310715913772583008e-01
-5.876586586236953735e-02
-2.757625579833984375e-01
