3.541731536388397217e-01
3.087792396545410156e-01
-7.749142497777938843e-02
2.766639925539493561e-02
3.555590808391571045e-01
7.652100920677185059e-02
-9.626898914575576782e-03
2.133304029703140259e-01
3.155987560749053955e-01
2.927910983562469482e-01
3.340131342411041260e-01
3.956556022167205811e-01
2.799809575080871582e-01
3.393546640872955322e-01
-3.597179800271987915e-02
2.676919996738433838e-01
1.289339959621429443e-01
-3.099001385271549225e-02
5.490295961499214172e-02
2.100309878587722778e-01
7.186612486839294434e-02
2.493917644023895264e-01
2.813731431961059570e-01
3.878538012504577637e-01
3.593539893627166748e-01
3.669635951519012451e-01
2.078034728765487671e-01
1.926117986440658569e-01
4.544048309326171875e-01
3.196790218353271484e-01
3.225002586841583252e-01
1.245490759611129761e-01
2.918747365474700928e-01
3.512766659259796143e-01
3.025359213352203369e-01
3.479237556457519531e-01
1.384887844324111938e-01
-1.973298937082290649e-02
2.886379063129425049e-01
4.198266863822937012e-01
-2.425482571125030518e-01
3.708792626857757568e-01
-1.061331033706665039e-01
-1.747208274900913239e-02
1.613760292530059814e-01
1.603539437055587769e-01
4.652357101440429688e-01
1.379699353128671646e-02
2.127306610345840454e-01
3.353546559810638428e-02
1.976905912160873413e-01
2.237254083156585693e-01
1.589240580797195435e-01
2.047125101089477539e-01
2.226704806089401245e-01
1.519126296043395996e-01
-2.579638957977294922e-01
1.712346673011779785e-01
1.956926286220550537e-01
2.738811671733856201e-01
2.085840255022048950e-01
2.796843945980072021e-01
3.979612886905670166e-01
5.253886431455612183e-02
4.401834905147552490e-01
1.682045012712478638e-01
1.064021065831184387e-01
1.923850625753402710e-01
-1.018389910459518433e-01
-3.308307006955146790e-02
3.893868029117584229e-01
2.953801155090332031e-01
4.246056675910949707e-01
1.849525272846221924e-01
1.311375349760055542e-01
7.901117205619812012e-02
7.942782342433929443e-02
2.782672941684722900e-01
2.554469704627990723e-01
2.112804651260375977e-01
5.431880801916122437e-02
1.384572219103574753e-02
4.506211280822753906e-01
1.736753284931182861e-01
2.563955783843994141e-01
-5.327738821506500244e-02
4.058143496513366699e-01
3.341442644596099854e-01
2.052028030157089233e-01
1.215856745839118958e-01
1.214450225234031677e-01
7.632769644260406494e-02
4.452353417873382568e-01
5.922760367393493652e-01
3.760654032230377197e-01
-1.694295089691877365e-03
3.178051412105560303e-01
2.144090533256530762e-01
2.679530978202819824e-01
2.912027537822723389e-01
3.967726528644561768e-01
2.022550106048583984e-01
1.197839528322219849e-01
1.396089494228363037e-01
3.189417421817779541e-01
-2.094757929444313049e-02
8.663544803857803345e-02
2.863748669624328613e-01
1.692140698432922363e-01
3.102809488773345947e-01
2.537104189395904541e-01
-9.852420538663864136e-02
3.366374075412750244e-01
-6.870587170124053955e-02
1.334139704704284668e-01
4.592413604259490967e-01
2.876524627208709717e-01
2.200822085142135620e-01
8.801198005676269531e-02
1.998028904199600220e-01
1.204739063978195190e-01
6.808871775865554810e-02
1.156591437757015228e-02
3.508839905261993408e-01
9.286671131849288940e-02
4.354080259799957275e-01
1.044707745313644409e-01
4.547242224216461182e-01
