   -33    -33    -33    -33    -33    -33    -32    -31    -31    -31    -31    -31    -32    -33    -33    -34    -32    -29    -30    -34    -34    -35    -36    -35    -34    -33    -33    -33    -33    -33    -33    -33
   -31    -32    -33    -33    -34    -34    -32    -31    -30    -30    -31    -31    -33    -33    -33    -33    -32    -29    -31    -35    -35    -36    -35    -35    -35    -34    -33    -33    -33    -33    -33    -33
   -31    -31    -32    -34    -34    -34    -33    -31    -31    -31    -31    -31    -32    -33    -33    -33    -32    -29    -32    -36    -37    -36    -36    -35    -35    -34    -33    -33    -34    -33    -33    -33
   -32    -32    -32    -33    -34    -34    -33    -33    -32    -32    -32    -32    -32    -33    -33    -33    -32    -30    -32    -36    -39    -37    -36    -35    -35    -34    -32    -33    -34    -33    -33    -33
   -32    -32    -33    -34    -35    -35    -34    -34    -34    -35    -32    -31    -32    -33    -33    -34    -33    -30    -32    -37    -39    -38    -36    -35    -35    -35    -33    -33    -34    -33    -33    -33
   -32    -31    -32    -34    -36    -35    -36    -36    -36    -36    -33    -32    -32    -33    -32    -32    -32    -30    -31    -35    -38    -37    -36    -35    -35    -36    -34    -33    -33    -33    -33    -33
   -32    -32    -33    -34    -35    -35    -35    -36    -36    -36    -35    -33    -32    -30    -29    -27    -27    -28    -29    -32    -36    -37    -36    -36    -36    -35    -34    -33    -33    -33    -33    -33
   -30    -31    -33    -34    -35    -35    -35    -36    -36    -37    -36    -33    -30    -28    -27    -26    -26    -27    -28    -31    -34    -36    -36    -36    -37    -36    -34    -33    -33    -33    -32    -30
   -28    -30    -32    -33    -33    -35    -36    -36    -37    -36    -35    -31    -28    -29    -29    -28    -28    -29    -29    -31    -33    -34    -35    -36    -37    -36    -34    -33    -33    -31    -28    -27
   -24    -28    -31    -31    -32    -35    -36    -37    -36    -36    -34    -29    -27    -29    -30    -29    -29    -29    -31    -31    -31    -32    -34    -35    -36    -35    -34    -33    -32    -28    -25    -27
   -23    -25    -27    -29    -31    -33    -35    -37    -36    -35    -32    -28    -29    -30    -30    -30    -29    -30    -32    -32    -31    -32    -34    -35    -34    -33    -33    -32    -30    -26    -25    -27
   -25    -25    -26    -29    -31    -32    -34    -36    -35    -33    -31    -30    -29    -30    -30    -30    -30    -32    -32    -32    -32    -33    -34    -35    -33    -30    -29    -28    -26    -25    -25    -27
   -26    -26    -26    -27    -30    -32    -33    -35    -34    -32    -31    -30    -29    -28    -29    -30    -30    -31    -31    -32    -32    -33    -34    -34    -30    -27    -26    -25    -25    -25    -25    -27
   -26    -27    -27    -27    -28    -30    -32    -34    -34    -33    -31    -30    -30    -29    -29    -29    -29    -30    -31    -32    -32    -33    -34    -32    -28    -26    -25    -25    -25    -25    -25    -26
   -27    -27    -27    -28    -28    -29    -32    -33    -33    -33    -32    -31    -30    -30    -30    -28    -28    -31    -31    -32    -32    -33    -33    -31    -26    -26    -26    -25    -25    -25    -25    -26
   -27    -28    -28    -28    -28    -29    -31    -32    -32    -32    -32    -31    -31    -31    -28    -27    -28    -30    -32    -32    -32    -32    -33    -31    -26    -26    -26    -25    -25    -25    -25    -27
   -28    -28    -28    -28    -28    -28    -30    -31    -31    -30    -31    -32    -31    -31    -30    -31    -30    -30    -31    -32    -32    -32    -34    -32    -27    -26    -25    -25    -25    -25    -25    -27
   -28    -28    -29    -29    -29    -29    -29    -30    -30    -30    -29    -32    -31    -30    -31    -32    -31    -31    -31    -32    -31    -31    -34    -32    -28    -26    -25    -25    -25    -25    -25    -26
   -29    -29    -29    -29    -29    -29    -29    -30    -30    -30    -28    -29    -30    -29    -30    -31    -32    -32    -32    -33    -32    -31    -34    -32    -28    -26    -26    -27    -28    -28    -28    -28
   -29    -29    -29    -30    -30    -29    -29    -29    -31    -31    -30    -29    -29    -29    -29    -31    -31    -31    -31    -32    -31    -31    -33    -32    -29    -26    -26    -28    -28    -28    -29    -29
   -29    -29    -29    -29    -28    -29    -29    -29    -31    -33    -31    -29    -30    -30    -30    -30    -30    -31    -31    -31    -30    -31    -33    -32    -29    -25    -25    -26    -25    -25    -27    -28
   -29    -29    -29    -28    -28    -29    -29    -28    -30    -32    -32    -31    -30    -31    -31    -31    -32    -32    -32    -32    -31    -31    -32    -32    -29    -25    -25    -25    -24    -25    -27    -28
   -28    -29    -29    -29    -30    -29    -29    -29    -30    -33    -33    -33    -32    -32    -32    -33    -33    -33    -33    -33    -32    -32    -33    -32    -30    -26    -26    -26    -25    -25    -26    -28
   -29    -29    -29    -30    -31    -31    -31    -31    -30    -31    -33    -33    -33    -33    -33    -33    -33    -33    -33    -33    -32    -32    -33    -33    -31    -27    -28    -27    -25    -25    -27    -27
   -29    -29    -29    -30    -32    -33    -32    -33    -31    -30    -32    -32    -33    -33    -33    -33    -32    -33    -34    -33    -33    -32    -33    -33    -32    -29    -31    -29    -25    -25    -26    -27
   -29    -29    -29    -30    -33    -34    -33    -34    -33    -30    -31    -32    -32    -33    -34    -33    -32    -32    -33    -33    -33    -33    -33    -33    -33    -32    -33    -29    -25    -25    -26    -27
   -29    -30    -30    -30    -32    -33    -34    -34    -32    -30    -31    -32    -34    -34    -33    -31    -30    -32    -32    -33    -33    -33    -33    -34    -33    -33    -33    -29    -26    -25    -25    -27
   -29    -30    -30    -31    -32    -32    -34    -33    -30    -30    -31    -34    -35    -34    -32    -29    -29    -31    -33    -33    -33    -32    -33    -34    -33    -32    -32    -28    -26    -25    -25    -26
   -29    -29    -29    -30    -30    -32    -34    -32    -29    -30    -32    -34    -34    -33    -31    -29    -29    -31    -32    -33    -33    -32    -33    -34    -33    -32    -31    -28    -25    -25    -25    -26
   -29    -29    -29    -29    -29    -32    -34    -32    -29    -30    -32    -33    -32    -32    -31    -29    -29    -31    -32    -33    -34    -33    -33    -33    -32    -31    -30    -27    -25    -25    -25    -26
   -28    -29    -29    -29    -30    -33    -34    -31    -28    -30    -31    -31    -31    -32    -31    -30    -31    -32    -32    -33    -34    -33    -33    -32    -30    -29    -29    -27    -25    -25    -25    -26
   -28    -29    -29    -29    -31    -33    -33    -30    -28    -29    -29    -29    -31    -31    -32    -32    -32    -33    -33    -33    -34    -34    -33    -31    -28    -27    -29    -28    -25    -25    -25    -26
