   -58    -58    -58    -58    -57    -57    -60    -64    -64    -64    -64    -64    -59    -56    -57    -56    -58    -64    -63    -57    -62    -66    -63    -61    -61    -61    -57    -57    -56    -56    -56    -56
   -63    -61    -59    -58    -56    -57    -60    -64    -65    -64    -64    -64    -59    -57    -57    -57    -58    -64    -63    -60    -65    -64    -63    -61    -61    -62    -60    -59    -56    -56    -56    -56
   -63    -62    -60    -59    -57    -57    -60    -64    -64    -63    -63    -64    -60    -57    -57    -57    -58    -63    -64    -64    -63    -61    -61    -59    -60    -64    -65    -59    -55    -56    -56    -56
   -57    -56    -58    -63    -63    -63    -63    -65    -64    -63    -63    -64    -60    -57    -58    -58    -59    -63    -65    -64    -60    -58    -59    -59    -59    -66    -70    -60    -56    -56    -56    -57
   -55    -55    -56    -60    -60    -62    -64    -66    -66    -63    -63    -63    -60    -58    -58    -57    -57    -62    -66    -63    -58    -58    -58    -58    -59    -66    -71    -62    -56    -56    -57    -57
   -56    -56    -58    -61    -59    -60    -61    -61    -63    -64    -65    -64    -60    -57    -59    -61    -62    -66    -70    -66    -58    -58    -58    -58    -59    -65    -68    -63    -58    -57    -57    -57
   -58    -58    -60    -62    -60    -60    -61    -60    -59    -60    -63    -64    -62    -66    -74    -80    -82    -82    -81    -73    -61    -57    -57    -57    -59    -65    -68    -64    -60    -58    -57    -58
   -62    -60    -60    -63    -63    -59    -59    -59    -58    -58    -60    -67    -74    -81    -86    -89    -88    -86    -86    -77    -64    -58    -57    -56    -57    -64    -68    -66    -61    -59    -61    -70
   -70    -62    -60    -69    -70    -59    -58    -58    -58    -58    -60    -73    -84    -82    -83    -87    -85    -82    -82    -76    -66    -62    -58    -56    -57    -63    -68    -67    -63    -67    -78    -83
   -83    -69    -65    -76    -75    -63    -57    -57    -58    -58    -62    -79    -85    -81    -81    -83    -82    -80    -72    -71    -69    -64    -61    -58    -60    -65    -67    -67    -65    -81    -89    -82
   -85    -81    -76    -74    -75    -72    -61    -56    -57    -58    -65    -75    -71    -69    -72    -75    -76    -71    -63    -62    -65    -65    -62    -60    -63    -68    -64    -65    -72    -86    -89    -83
   -78    -80    -79    -71    -72    -73    -68    -59    -58    -61    -62    -61    -60    -59    -61    -64    -64    -59    -56    -56    -57    -62    -63    -61    -69    -75    -75    -77    -85    -90    -90    -82
   -74    -73    -73    -72    -70    -69    -70    -64    -60    -62    -59    -58    -60    -60    -60    -62    -61    -58    -56    -56    -55    -58    -63    -64    -75    -84    -87    -89    -89    -90    -90    -82
   -72    -70    -70    -71    -69    -69    -71    -69    -63    -61    -58    -57    -58    -59    -59    -67    -67    -58    -57    -56    -55    -57    -62    -69    -80    -86    -88    -89    -89    -90    -91    -83
   -71    -70    -70    -70    -68    -67    -69    -71    -67    -63    -59    -58    -60    -60    -62    -72    -70    -58    -57    -56    -55    -58    -66    -77    -86    -86    -87    -88    -89    -90    -91    -82
   -71    -70    -69    -69    -68    -67    -67    -69    -72    -69    -61    -60    -60    -60    -73    -77    -73    -63    -57    -57    -57    -60    -65    -77    -85    -86    -86    -87    -89    -90    -91    -82
   -70    -71    -70    -70    -68    -69    -68    -67    -72    -73    -66    -58    -60    -64    -65    -62    -65    -67    -61    -60    -60    -61    -62    -72    -81    -85    -88    -89    -90    -90    -91    -82
   -71    -71    -69    -69    -69    -69    -68    -65    -69    -71    -72    -59    -61    -66    -60    -57    -60    -66    -65    -63    -61    -64    -62    -69    -78    -85    -88    -89    -88    -87    -88    -82
   -70    -69    -68    -68    -69    -68    -68    -65    -64    -66    -75    -68    -64    -68    -63    -59    -59    -63    -65    -60    -61    -66    -63    -68    -77    -85    -85    -82    -79    -77    -75    -76
   -69    -70    -69    -68    -68    -69    -68    -66    -60    -59    -70    -73    -68    -68    -65    -62    -63    -67    -64    -59    -64    -67    -64    -69    -77    -86    -83    -76    -76    -77    -71    -71
   -69    -70    -69    -71    -73    -68    -68    -67    -60    -57    -66    -73    -68    -66    -65    -65    -67    -66    -62    -63    -66    -66    -65    -69    -77    -88    -88    -84    -86    -85    -74    -71
   -69    -69    -69    -73    -74    -69    -68    -71    -68    -62    -64    -70    -70    -66    -64    -64    -62    -60    -61    -62    -64    -66    -66    -69    -78    -88    -88    -88    -90    -87    -77    -72
   -70    -69    -70    -68    -68    -70    -69    -70    -72    -63    -61    -61    -63    -63    -62    -61    -59    -62    -61    -61    -64    -63    -65    -66    -75    -88    -87    -87    -90    -88    -81    -77
   -68    -69    -69    -66    -63    -67    -67    -63    -71    -68    -61    -61    -61    -61    -62    -61    -60    -61    -60    -61    -65    -64    -63    -63    -72    -86    -82    -84    -90    -89    -81    -82
   -67    -67    -68    -65    -58    -62    -64    -58    -65    -73    -65    -63    -62    -62    -62    -61    -60    -57    -56    -58    -61    -64    -62    -62    -68    -78    -70    -79    -90    -89    -82    -82
   -69    -67    -67    -65    -56    -60    -63    -57    -57    -70    -68    -63    -64    -62    -61    -60    -60    -58    -57    -58    -59    -60    -62    -60    -63    -66    -62    -78    -90    -88    -84    -80
   -69    -66    -66    -63    -55    -58    -63    -57    -55    -63    -71    -68    -65    -63    -62    -62    -63    -60    -59    -60    -60    -61    -62    -58    -60    -62    -62    -78    -89    -88    -87    -81
   -67    -65    -65    -59    -55    -59    -62    -60    -64    -65    -72    -68    -63    -62    -63    -67    -66    -61    -58    -60    -62    -63    -62    -57    -60    -63    -64    -80    -89    -88    -87    -82
   -69    -67    -67    -65    -64    -62    -61    -64    -66    -64    -69    -67    -67    -64    -65    -68    -66    -62    -60    -58    -58    -62    -62    -57    -60    -63    -68    -83    -89    -88    -87    -83
   -70    -69    -68    -69    -68    -62    -61    -63    -64    -65    -69    -72    -74    -67    -66    -68    -65    -62    -62    -59    -56    -61    -61    -59    -62    -64    -70    -85    -89    -89    -88    -83
   -72    -70    -69    -68    -66    -62    -62    -65    -67    -67    -73    -79    -76    -69    -67    -67    -64    -62    -62    -59    -57    -61    -61    -61    -65    -67    -71    -83    -89    -89    -88    -83
   -72    -71    -70    -68    -64    -62    -62    -67    -69    -68    -77    -83    -76    -70    -66    -63    -62    -62    -63    -59    -59    -61    -60    -62    -68    -70    -71    -81    -89    -89    -88    -82
