   -41    -41    -42    -42    -41    -40    -41    -43    -44    -44    -44    -44    -42    -40    -41    -40    -41    -44    -44    -40    -40    -39    -37    -37    -38    -41    -39    -39    -39    -40    -40    -40
   -43    -43    -42    -41    -40    -40    -42    -44    -45    -45    -44    -44    -42    -41    -41    -41    -42    -45    -43    -39    -39    -37    -37    -36    -38    -41    -41    -40    -39    -40    -40    -40
   -43    -43    -42    -40    -39    -39    -41    -44    -45    -45    -44    -44    -42    -41    -41    -42    -43    -44    -43    -39    -36    -34    -35    -35    -37    -41    -43    -40    -39    -40    -40    -41
   -40    -40    -40    -41    -40    -39    -41    -43    -43    -43    -44    -44    -42    -41    -41    -42    -42    -43    -42    -38    -32    -31    -33    -35    -36    -41    -45    -41    -39    -40    -40    -40
   -39    -40    -39    -39    -37    -37    -38    -40    -41    -40    -43    -44    -42    -41    -41    -41    -41    -42    -41    -36    -30    -30    -32    -34    -36    -40    -45    -43    -39    -40    -40    -40
   -39    -40    -40    -39    -36    -35    -35    -35    -37    -39    -42    -44    -42    -41    -42    -42    -42    -43    -43    -38    -31    -30    -32    -34    -36    -40    -43    -43    -41    -40    -41    -40
   -39    -40    -40    -40    -37    -35    -34    -34    -35    -37    -39    -41    -42    -45    -49    -51    -51    -50    -49    -44    -36    -31    -32    -34    -36    -40    -44    -42    -41    -41    -41    -41
   -42    -41    -40    -40    -39    -35    -34    -33    -33    -34    -37    -42    -47    -51    -53    -55    -54    -52    -52    -47    -39    -34    -33    -34    -35    -40    -44    -44    -41    -41    -43    -49
   -47    -43    -41    -43    -42    -37    -33    -32    -32    -33    -37    -45    -51    -50    -50    -52    -52    -50    -49    -46    -41    -37    -35    -34    -35    -40    -44    -45    -43    -45    -51    -56
   -54    -47    -43    -46    -45    -39    -34    -32    -31    -33    -39    -49    -52    -49    -48    -50    -50    -49    -45    -43    -43    -41    -38    -36    -37    -41    -44    -45    -44    -52    -56    -56
   -56    -53    -49    -47    -46    -44    -37    -33    -33    -34    -41    -48    -47    -45    -45    -47    -48    -45    -41    -41    -42    -42    -39    -37    -40    -44    -44    -44    -48    -55    -57    -56
   -53    -53    -52    -47    -46    -46    -42    -36    -36    -38    -42    -43    -43    -42    -43    -44    -43    -41    -40    -40    -40    -41    -40    -39    -43    -49    -49    -49    -53    -56    -57    -55
   -50    -50    -49    -48    -46    -45    -44    -39    -38    -40    -41    -42    -44    -44    -44    -43    -42    -41    -40    -40    -40    -40    -40    -40    -48    -54    -55    -55    -55    -56    -56    -53
   -48    -47    -48    -47    -47    -46    -44    -42    -39    -39    -41    -42    -43    -44    -42    -45    -45    -41    -40    -40    -40    -40    -40    -45    -53    -56    -56    -56    -55    -55    -56    -53
   -47    -47    -47    -47    -47    -46    -44    -43    -41    -41    -40    -42    -43    -43    -43    -47    -46    -41    -40    -40    -40    -40    -42    -49    -56    -56    -57    -58    -56    -56    -56    -53
   -47    -47    -47    -47    -46    -45    -44    -43    -44    -44    -41    -41    -42    -42    -47    -49    -48    -42    -40    -40    -41    -41    -42    -48    -56    -56    -57    -58    -56    -55    -56    -51
   -47    -47    -47    -47    -46    -46    -45    -43    -46    -47    -43    -40    -42    -43    -42    -41    -44    -45    -42    -42    -42    -42    -40    -47    -54    -55    -56    -56    -55    -55    -56    -51
   -47    -47    -46    -46    -46    -46    -45    -44    -45    -46    -46    -41    -43    -45    -40    -39    -41    -44    -44    -43    -42    -43    -40    -45    -52    -55    -57    -56    -55    -55    -56    -54
   -46    -46    -46    -46    -46    -46    -46    -44    -43    -43    -48    -46    -44    -46    -42    -40    -40    -43    -44    -41    -42    -44    -41    -45    -51    -55    -57    -57    -55    -56    -58    -58
   -46    -46    -46    -46    -45    -46    -46    -45    -42    -41    -46    -48    -46    -46    -44    -42    -43    -45    -43    -41    -43    -44    -42    -45    -51    -56    -57    -55    -55    -57    -58    -57
   -45    -46    -46    -47    -47    -45    -46    -47    -43    -40    -44    -48    -46    -45    -45    -45    -45    -45    -43    -43    -44    -44    -43    -45    -50    -56    -58    -56    -57    -57    -55    -55
   -45    -45    -46    -48    -48    -45    -46    -49    -48    -45    -44    -47    -47    -46    -46    -45    -44    -43    -43    -44    -45    -44    -44    -45    -50    -56    -57    -57    -57    -58    -56    -54
   -46    -46    -46    -46    -45    -46    -47    -48    -51    -47    -45    -44    -45    -45    -45    -44    -44    -45    -45    -44    -45    -45    -44    -44    -48    -54    -54    -54    -57    -58    -57    -55
   -45    -46    -46    -44    -43    -44    -45    -44    -50    -50    -46    -45    -45    -45    -45    -45    -45    -45    -44    -45    -47    -47    -44    -42    -46    -53    -50    -51    -56    -57    -56    -56
   -44    -45    -45    -44    -40    -40    -41    -39    -45    -52    -48    -47    -46    -46    -45    -45    -45    -43    -43    -44    -46    -48    -45    -42    -44    -48    -42    -47    -55    -57    -56    -56
   -45    -45    -45    -44    -38    -38    -39    -37    -39    -49    -49    -47    -47    -46    -45    -44    -44    -43    -43    -44    -45    -47    -45    -41    -40    -42    -37    -45    -55    -57    -57    -54
   -46    -44    -44    -43    -39    -38    -38    -36    -38    -44    -48    -47    -46    -46    -45    -44    -45    -43    -43    -44    -46    -47    -45    -40    -39    -40    -38    -46    -54    -57    -58    -55
   -45    -44    -44    -41    -39    -39    -37    -38    -43    -43    -46    -45    -44    -44    -45    -46    -44    -42    -41    -43    -46    -47    -44    -39    -39    -40    -40    -49    -55    -56    -58    -57
   -46    -45    -45    -44    -43    -40    -37    -41    -44    -43    -45    -45    -46    -45    -45    -46    -45    -42    -40    -40    -41    -44    -43    -39    -39    -41    -43    -51    -55    -56    -58    -57
   -46    -46    -45    -46    -45    -39    -37    -41    -44    -44    -45    -46    -48    -45    -44    -46    -45    -41    -39    -38    -38    -41    -41    -40    -41    -43    -45    -52    -55    -56    -58    -57
   -47    -46    -46    -45    -43    -38    -38    -42    -46    -45    -47    -50    -49    -45    -43    -44    -43    -39    -38    -37    -36    -38    -40    -41    -44    -45    -46    -52    -55    -56    -57    -57
   -47    -47    -46    -46    -42    -38    -38    -44    -47    -46    -49    -51    -48    -45    -42    -41    -40    -38    -38    -37    -37    -37    -38    -41    -46    -47    -47    -51    -55    -56    -57    -56
