   -34    -34    -33    -32    -27    -30    -40    -55    -58    -57    -58    -56    -37    -26    -29    -28    -31    -54    -49    -29    -57    -73    -62    -55    -51    -48    -30    -30    -26    -25    -25    -26
   -52    -47    -37    -32    -28    -31    -42    -55    -58    -57    -57    -58    -38    -28    -30    -29    -31    -53    -52    -45    -70    -69    -63    -53    -51    -54    -42    -38    -25    -26    -26    -25
   -54    -46    -40    -38    -34    -33    -45    -56    -56    -52    -55    -56    -39    -28    -30    -28    -30    -50    -58    -66    -69    -60    -56    -48    -48    -65    -65    -38    -24    -25    -26    -25
   -29    -22    -32    -56    -59    -58    -59    -65    -61    -52    -55    -56    -39    -29    -32    -31    -33    -52    -66    -71    -58    -49    -49    -45    -43    -76    -89    -43    -25    -26    -26    -26
   -18    -15    -22    -47    -48    -57    -66    -72    -74    -62    -56    -55    -40    -32    -33    -28    -30    -49    -69    -67    -51    -47    -46    -42    -44    -75    -93    -53    -27    -26    -27    -26
   -23    -22    -32    -49    -46    -52    -55    -55    -64    -70    -64    -57    -43    -30    -38    -45    -51    -65    -84    -77    -51    -47    -45    -40    -47    -74    -81    -58    -37    -27    -28    -29
   -34    -30    -42    -55    -49    -49    -54    -51    -48    -53    -62    -61    -51    -65    -97   -123   -132   -131   -132   -102    -56    -42    -41    -36    -44    -73    -81    -60    -43    -32    -28    -31
   -50    -39    -43    -61    -62    -45    -48    -49    -46    -43    -52    -78   -103   -128   -148   -160   -157   -150   -152   -117    -64    -44    -38    -33    -37    -66    -82    -69    -47    -35    -43    -82
   -78    -46    -44    -84    -91    -45    -41    -43    -46    -46    -50   -101   -145   -136   -141   -154   -145   -136   -134   -113    -74    -54    -41    -35    -38    -64    -82    -73    -55    -68   -112   -135
  -127    -73    -61   -111   -110    -60    -38    -38    -44    -44    -56   -121   -146   -130   -133   -139   -134   -125    -94    -89    -81    -62    -51    -42    -50    -71    -75    -72    -62   -125   -159   -130
  -136   -120   -102   -101   -108    -97    -55    -36    -38    -41    -62   -103    -86    -77    -92   -104   -108    -87    -54    -50    -63    -63    -55    -47    -62    -77    -61    -63    -92   -148   -158   -131
  -109   -114   -113    -84    -92   -103    -82    -45    -38    -48    -50    -40    -34    -31    -40    -56    -58    -36    -24    -22    -30    -52    -59    -54    -82   -103   -102   -111   -144   -160   -162   -130
   -93    -87    -87    -87    -82    -82    -89    -64    -45    -50    -34    -26    -31    -32    -34    -44    -41    -29    -24    -21    -18    -37    -58    -62   -105   -137   -150   -160   -160   -161   -164   -129
   -84    -76    -78    -80    -73    -76    -89    -86    -60    -49    -28    -23    -26    -32    -33    -65    -65    -29    -26    -21    -18    -29    -55    -84   -124   -147   -153   -157   -159   -161   -165   -133
   -83    -77    -76    -76    -69    -69    -80    -94    -78    -56    -36    -31    -35    -36    -47    -86    -79    -31    -26    -22    -20    -34    -70   -116   -144   -147   -150   -150   -158   -161   -165   -131
   -80    -79    -76    -75    -68    -67    -73    -83    -94    -80    -47    -38    -38    -37    -92   -111    -94    -50    -27    -27    -28    -42    -69   -113   -144   -146   -146   -150   -159   -162   -165   -129
   -79    -82    -79    -80    -72    -73    -75    -72    -94    -99    -66    -32    -38    -55    -62    -48    -61    -70    -45    -42    -40    -46    -53    -96   -127   -143   -153   -156   -163   -164   -165   -131
   -83    -81    -74    -74    -76    -75    -71    -63    -79    -88    -92    -38    -43    -65    -38    -26    -42    -64    -62    -54    -46    -59    -57    -83   -112   -140   -154   -157   -155   -151   -153   -130
   -78    -78    -74    -74    -75    -72    -70    -59    -56    -64   -100    -73    -54    -71    -51    -35    -39    -56    -63    -42    -47    -66    -60    -78   -108   -141   -141   -125   -116   -107    -98   -101
   -77    -79    -76    -72    -72    -76    -71    -60    -39    -38    -83    -95    -70    -69    -59    -46    -53    -69    -57    -38    -56    -69    -64    -81   -110   -145   -132   -100   -103   -104    -78    -79
   -75    -78    -75    -86    -92    -73    -68    -65    -38    -28    -68    -96    -74    -63    -60    -60    -67    -64    -48    -50    -64    -67    -66    -81   -111   -152   -150   -136   -145   -138    -91    -80
   -74    -76    -77    -91    -96    -75    -70    -84    -73    -48    -58    -84    -81    -63    -58    -55    -48    -41    -43    -50    -58    -65    -69    -83   -115   -155   -153   -151   -161   -149   -106    -86
   -79    -77    -79    -73    -72    -80    -75    -78    -90    -54    -44    -46    -55    -52    -49    -44    -39    -52    -46    -46    -56    -56    -62    -70   -105   -154   -151   -151   -160   -152   -122   -105
   -71    -74    -77    -64    -54    -72    -71    -54    -85    -73    -45    -46    -44    -47    -49    -45    -42    -47    -40    -47    -63    -59    -54    -56    -91   -148   -135   -140   -161   -155   -123   -128
   -67    -69    -72    -60    -35    -54    -59    -33    -60    -94    -60    -54    -51    -48    -50    -47    -41    -30    -24    -33    -47    -55    -52    -51    -76   -116    -88   -121   -162   -156   -128   -130
   -75    -67    -68    -59    -24    -44    -57    -32    -27    -79    -72    -52    -57    -52    -47    -40    -39    -32    -27    -32    -35    -40    -48    -45    -57    -70    -57   -118   -162   -155   -138   -122
   -76    -64    -62    -50    -17    -38    -59    -32    -21    -51    -86    -78    -63    -54    -48    -49    -52    -41    -36    -41    -41    -44    -49    -36    -47    -55    -53   -117   -161   -155   -147   -122
   -67    -60    -59    -36    -18    -38    -55    -47    -57    -57    -93    -78    -58    -51    -54    -64    -61    -45    -35    -42    -49    -53    -51    -32    -45    -56    -61   -127   -160   -153   -147   -129
   -74    -70    -67    -60    -54    -52    -52    -60    -62    -57    -83    -74    -77    -60    -62    -71    -60    -47    -43    -37    -35    -51    -50    -33    -44    -57    -75   -140   -161   -155   -150   -131
   -81    -74    -70    -74    -74    -53    -50    -57    -53    -59    -84    -94   -103    -72    -68    -72    -59    -49    -51    -39    -29    -45    -46    -39    -49    -58    -85   -144   -160   -157   -154   -131
   -86    -79    -74    -71    -64    -52    -53    -63    -66    -68    -99   -122   -112    -82    -71    -67    -55    -50    -54    -41    -35    -47    -46    -47    -59    -66    -87   -137   -160   -157   -155   -129
   -86    -82    -78    -72    -56    -55    -56    -69    -72    -73   -114   -139   -110    -87    -68    -56    -51    -52    -58    -43    -41    -51    -43    -47    -69    -76    -86   -128   -158   -157   -155   -126
