   -12    -13    -13    -13    -14    -14    -11     -6     -5     -6     -6     -6    -11    -15    -14    -15    -13     -4     -6    -15    -11     -9    -13    -15    -13    -11    -15    -15    -16    -15    -15    -15
    -7     -9    -12    -14    -16    -15    -11     -6     -4     -4     -5     -5    -11    -14    -14    -14    -11     -4     -7    -14    -11    -12    -14    -16    -14    -10    -12    -13    -16    -15    -15    -15
    -7     -8    -11    -13    -16    -16    -11     -6     -4     -5     -6     -6    -11    -14    -14    -13    -11     -5     -7    -11    -15    -17    -16    -17    -15     -9     -6    -13    -17    -15    -15    -15
   -13    -15    -13     -9    -11    -11     -9     -6     -6     -8     -6     -6    -11    -14    -13    -13    -11     -6     -6    -12    -20    -21    -19    -18    -17     -7      0    -11    -17    -15    -15    -14
   -17    -16    -16    -13    -16    -13    -11     -8     -8    -10     -8     -6    -11    -13    -13    -15    -14     -8     -6    -14    -23    -23    -20    -19    -17     -9      0     -9    -16    -15    -14    -15
   -16    -15    -14    -13    -17    -16    -16    -16    -14    -11     -7     -6    -10    -13    -11    -10     -9     -4     -2    -10    -22    -23    -21    -19    -16     -9     -4     -8    -13    -15    -14    -14
   -14    -14    -12    -11    -16    -17    -17    -18    -18    -16    -11     -9     -9     -3      6     13     15     13     12      0    -15    -22    -22    -20    -17     -9     -4     -8    -12    -13    -14    -13
    -8    -11    -12    -10    -11    -17    -18    -19    -20    -19    -15     -5      4     13     19     23     22     18     18      6    -11    -19    -21    -21    -20    -11     -4     -5    -10    -12     -9      2
     2     -7    -11     -3     -3    -16    -20    -21    -21    -20    -15      1     16     13     14     19     17     13     12      5     -7    -13    -18    -20    -20    -11     -3     -4     -8     -2     11     19
    19      1     -5      5      3    -11    -20    -22    -21    -20    -11      9     18     11     10     13     13     10      1      0     -3     -8    -13    -18    -15     -8     -5     -3     -5     14     25     18
    22     16      8      4      4      0    -14    -22    -21    -18     -7      7      2      0      1      5      7      0     -8     -9     -6     -7    -11    -15    -10     -3     -7     -5      3     21     25     19
    14     16     13      2      1      1     -5    -17    -18    -13     -8     -8     -8    -10     -8     -5     -5    -12    -15    -15    -14    -10    -10    -13     -3      6      7      9     19     25     26     17
     9      7      6      5      1     -2     -2    -11    -15    -11    -11    -11     -7     -7     -8     -7     -9    -13    -14    -15    -16    -14    -11    -10      6     18     22     24     24     25     26     16
     5      3      3      3      1      0      0     -5    -11    -12    -13    -12    -10     -8     -9     -1     -2    -12    -13    -15    -16    -15    -11     -1     14     21     23     24     24     24     26     17
     4      2      2      2      0      0     -2     -1     -6    -10    -12    -11     -9     -9     -7      3      1    -12    -14    -15    -16    -13     -7      8     21     22     24     24     24     25     26     16
     3      2      1      1      0     -1     -3     -3      0     -2    -10    -11    -10    -10      4      9      5     -7    -14    -14    -14    -11     -7      7     21     22     23     24     25     25     26     15
     2      2      2      2      0      0     -1     -4      1      3     -5    -13    -11     -6     -5     -9     -4     -1     -9    -10    -10    -10    -12      2     16     21     24     24     25     25     26     15
     3      2      0      0      0      0     -1     -4      0      1      3    -11     -9     -2    -12    -15    -10     -4     -5     -7     -9     -6    -11     -1     11     20     24     25     23     22     24     17
     1      0      0      0      0      0      0     -4     -6     -4      6      0     -5      0     -7    -12    -12     -7     -5    -11     -9     -4    -10     -3     10     20     22     18     15     14     14     14
     0      1      0      0     -1      0      0     -2     -9    -11      1      5      0      0     -4     -8     -7     -2     -6    -12     -6     -3     -8     -2     10     22     20     12     12     14      9      9
     0      1      0      3      4     -1      0      0     -9    -14     -3      4      0     -3     -3     -3     -2     -3     -8     -7     -3     -4     -6     -1      9     23     24     20     23     22     11      8
     0      0      0      4      5      0      0      4      0     -7     -6      1      1     -3     -4     -5     -8    -10     -9     -7     -5     -4     -4     -1      9     23     24     23     26     24     14      9
     1      0      1      0     -1      0      0      2      6     -5     -9     -9     -6     -6     -7     -9    -11     -7     -8     -8     -5     -6     -5     -4      6     22     21     21     25     25     18     13
    -1      0      0     -3     -7     -2     -2     -6      3      1     -7     -7     -8     -8     -7     -8     -9     -8    -10     -8     -3     -4     -7     -8      1     19     14     16     25     25     18     19
    -2     -1      0     -4    -13    -10     -8    -15     -4      7     -2     -4     -6     -7     -7     -7     -8    -12    -14    -11     -7     -4     -7     -9     -3      8     -1      8     24     25     18     18
     0     -2     -2     -4    -17    -14    -11    -17    -15      2      1     -4     -4     -6     -8     -9     -9    -11    -12    -11    -10     -8     -8    -11    -10     -6    -12      6     24     24     21     15
     0     -3     -3     -7    -17    -15    -12    -18    -17     -6      2     -1     -5     -7     -8     -7     -5     -9    -11     -9     -8     -6     -8    -14    -13    -10    -12      7     23     24     24     16
    -2     -4     -4    -11    -16    -13    -13    -13     -5     -5      1     -3     -8     -8     -6     -1     -3     -9    -13    -10     -6     -5     -8    -16    -13    -10     -8     11     23     24     24     19
     0     -1     -2     -4     -6    -10    -14     -8     -3     -5     -1     -4     -3     -6     -4      0     -2     -9    -11    -13    -13     -7     -9    -15    -13     -9     -3     15     24     24     24     20
     1      0     -1      0      0    -10    -14     -8     -5     -4     -1      0      4     -3     -3      0     -3     -9    -11    -15    -17    -11    -11    -13     -9     -6      0     17     23     25     25     20
     3      1      0     -1     -4    -12    -13     -6      0     -2      3      9      7     -1     -4     -3     -6    -11    -11    -15    -17    -13    -12     -9     -4     -2      2     16     24     25     25     20
     3      2      1      0     -7    -12    -12     -3      1      0      8     14      6      0     -6     -9    -10    -12    -11    -15    -15    -14    -14     -9      0      2      2     13     24     24     24     19
