   -50    -50    -49    -49    -49    -49    -51    -52    -52    -52    -52    -52    -50    -49    -49    -48    -51    -56    -54    -48    -49    -48    -47    -47    -48    -50    -49    -50    -50    -50    -50    -49
   -52    -51    -50    -49    -48    -48    -50    -52    -53    -53    -52    -52    -50    -49    -49    -49    -51    -56    -52    -47    -47    -47    -47    -47    -48    -49    -49    -50    -49    -49    -49    -49
   -53    -52    -51    -49    -47    -48    -50    -52    -53    -52    -52    -52    -50    -49    -49    -49    -51    -55    -51    -46    -45    -46    -48    -48    -48    -49    -50    -49    -48    -49    -49    -49
   -51    -51    -51    -50    -49    -49    -50    -50    -50    -50    -51    -51    -50    -49    -49    -49    -51    -54    -51    -46    -43    -45    -48    -48    -47    -48    -51    -49    -48    -49    -50    -50
   -51    -52    -50    -48    -47    -48    -49    -49    -48    -47    -50    -52    -50    -49    -49    -48    -50    -54    -52    -46    -43    -46    -48    -48    -47    -47    -50    -49    -48    -49    -50    -50
   -52    -52    -51    -48    -47    -48    -47    -46    -46    -46    -50    -51    -50    -50    -50    -50    -52    -55    -53    -48    -44    -46    -48    -48    -47    -46    -48    -49    -49    -49    -50    -50
   -52    -52    -50    -48    -47    -48    -48    -48    -46    -45    -47    -49    -51    -53    -56    -59    -59    -59    -57    -52    -46    -46    -47    -47    -46    -46    -48    -49    -49    -50    -50    -50
   -54    -52    -50    -49    -48    -48    -48    -48    -46    -45    -46    -50    -55    -58    -59    -61    -61    -59    -58    -54    -49    -47    -47    -46    -45    -46    -48    -49    -49    -50    -51    -54
   -58    -54    -51    -51    -50    -47    -47    -47    -47    -46    -47    -53    -58    -57    -57    -58    -58    -57    -57    -54    -51    -49    -48    -46    -45    -45    -47    -49    -50    -53    -57    -58
   -64    -58    -53    -54    -52    -48    -46    -46    -47    -47    -50    -56    -59    -57    -56    -56    -57    -56    -54    -54    -53    -51    -49    -47    -46    -47    -48    -49    -51    -58    -62    -57
   -65    -62    -59    -56    -54    -51    -47    -46    -48    -49    -53    -57    -56    -55    -55    -55    -56    -54    -52    -52    -53    -52    -49    -47    -48    -49    -49    -51    -55    -61    -62    -58
   -62    -62    -61    -57    -54    -51    -49    -46    -48    -52    -54    -54    -55    -54    -54    -54    -54    -52    -51    -51    -51    -50    -49    -47    -50    -54    -55    -57    -61    -63    -63    -58
   -61    -60    -60    -59    -55    -51    -50    -48    -48    -52    -53    -54    -56    -56    -56    -55    -54    -53    -52    -51    -50    -49    -48    -48    -54    -58    -61    -63    -63    -63    -63    -59
   -60    -59    -59    -59    -56    -54    -52    -49    -48    -50    -52    -53    -54    -55    -55    -57    -56    -54    -53    -52    -50    -50    -48    -51    -57    -60    -61    -62    -62    -63    -64    -60
   -60    -59    -58    -58    -57    -55    -52    -51    -50    -50    -52    -53    -54    -54    -55    -58    -57    -54    -53    -51    -50    -50    -49    -53    -60    -60    -60    -61    -61    -62    -64    -60
   -59    -58    -57    -57    -57    -56    -53    -52    -52    -52    -52    -52    -53    -53    -57    -59    -58    -54    -52    -51    -51    -51    -49    -53    -60    -60    -60    -61    -62    -63    -64    -60
   -58    -58    -57    -57    -57    -57    -55    -53    -54    -54    -53    -51    -52    -54    -54    -53    -54    -55    -52    -51    -52    -51    -48    -52    -58    -60    -61    -62    -63    -64    -64    -60
   -58    -57    -56    -56    -56    -57    -55    -54    -55    -55    -56    -52    -53    -55    -53    -52    -52    -53    -52    -52    -52    -52    -48    -51    -57    -60    -61    -62    -62    -61    -62    -59
   -57    -56    -55    -55    -55    -56    -56    -55    -54    -55    -57    -55    -54    -56    -54    -53    -52    -52    -51    -50    -52    -53    -48    -50    -56    -60    -59    -58    -56    -55    -53    -54
   -57    -56    -56    -55    -55    -56    -57    -56    -53    -52    -55    -57    -55    -56    -55    -53    -52    -53    -52    -51    -53    -53    -49    -51    -56    -61    -59    -55    -55    -55    -52    -52
   -57    -56    -56    -56    -57    -56    -56    -56    -52    -50    -52    -55    -54    -54    -54    -53    -53    -53    -52    -53    -54    -53    -50    -51    -55    -62    -62    -60    -61    -60    -56    -54
   -57    -56    -56    -57    -57    -56    -56    -56    -53    -49    -50    -53    -53    -52    -52    -51    -50    -50    -50    -51    -52    -52    -50    -51    -55    -61    -61    -61    -63    -62    -57    -55
   -57    -56    -56    -55    -55    -55    -55    -54    -53    -48    -48    -49    -50    -50    -50    -49    -48    -49    -48    -49    -50    -50    -50    -50    -54    -61    -61    -61    -62    -62    -58    -56
   -56    -56    -56    -55    -53    -54    -53    -51    -52    -50    -48    -48    -48    -48    -48    -48    -48    -48    -47    -48    -49    -49    -49    -49    -53    -59    -58    -59    -62    -62    -58    -58
   -56    -56    -56    -54    -51    -51    -51    -50    -51    -53    -50    -49    -48    -48    -47    -48    -49    -48    -47    -47    -48    -49    -49    -49    -52    -56    -54    -58    -62    -62    -58    -58
   -57    -56    -55    -54    -50    -49    -51    -50    -50    -53    -51    -49    -49    -48    -47    -48    -50    -49    -48    -48    -48    -47    -48    -49    -50    -52    -51    -57    -62    -62    -59    -58
   -56    -55    -55    -54    -51    -50    -50    -49    -51    -53    -53    -49    -47    -47    -48    -52    -53    -51    -49    -48    -48    -48    -48    -48    -50    -51    -51    -57    -62    -62    -60    -58
   -55    -55    -55    -53    -52    -51    -49    -50    -55    -55    -53    -48    -45    -46    -51    -55    -56    -52    -49    -48    -48    -49    -49    -48    -50    -51    -52    -58    -62    -62    -61    -58
   -56    -56    -55    -55    -55    -52    -49    -52    -56    -55    -51    -47    -47    -48    -52    -56    -56    -53    -51    -49    -48    -50    -50    -49    -50    -52    -53    -59    -62    -62    -61    -59
   -57    -56    -56    -56    -56    -52    -49    -53    -55    -55    -51    -50    -50    -50    -53    -56    -55    -53    -52    -50    -49    -50    -50    -50    -52    -53    -54    -59    -62    -62    -61    -59
   -57    -56    -56    -56    -55    -51    -50    -54    -57    -55    -53    -53    -53    -52    -53    -54    -54    -53    -52    -51    -50    -50    -51    -52    -54    -55    -55    -59    -62    -62    -61    -59
   -57    -57    -56    -56    -54    -51    -51    -55    -57    -55    -56    -56    -54    -52    -52    -52    -51    -51    -52    -51    -50    -50    -50    -53    -57    -59    -56    -58    -62    -62    -61    -59
