   -54    -55    -55    -54    -51    -52    -57    -65    -66    -66    -67    -66    -56    -50    -52    -53    -50    -57    -57    -53    -72    -84    -78    -73    -68    -64    -53    -52    -49    -49    -49    -50
   -63    -61    -56    -55    -53    -54    -59    -64    -65    -64    -66    -67    -57    -51    -52    -52    -50    -58    -62    -67    -84    -82    -78    -71    -69    -69    -60    -57    -50    -50    -49    -50
   -63    -58    -57    -59    -58    -57    -62    -66    -64    -62    -65    -66    -57    -51    -52    -52    -50    -57    -68    -82    -87    -78    -74    -68    -67    -77    -74    -58    -50    -50    -49    -49
   -49    -44    -52    -70    -73    -72    -71    -74    -71    -66    -66    -66    -57    -51    -53    -53    -52    -59    -73    -86    -83    -73    -69    -65    -65    -85    -89    -62    -51    -50    -49    -49
   -42    -39    -46    -66    -68    -73    -78    -82    -84    -77    -68    -65    -58    -53    -54    -53    -52    -58    -75    -84    -78    -71    -67    -63    -66    -87    -93    -68    -53    -51    -50    -49
   -44    -43    -51    -67    -68    -71    -73    -75    -82    -85    -74    -67    -59    -52    -56    -61    -63    -68    -83    -87    -76    -71    -66    -62    -68    -87    -88    -71    -58    -51    -50    -51
   -51    -49    -59    -70    -69    -68    -71    -70    -71    -75    -77    -73    -64    -69    -86   -100   -104   -105   -109    -97    -75    -68    -65    -61    -68    -86    -88    -72    -61    -53    -50    -52
   -58    -54    -60    -75    -76    -66    -67    -68    -69    -69    -73    -83    -93   -104   -115   -120   -119   -117   -120   -103    -77    -67    -63    -60    -64    -83    -89    -78    -64    -55    -58    -79
   -70    -55    -60    -87    -92    -66    -64    -66    -69    -69    -70    -94   -115   -111   -115   -121   -115   -111   -111   -100    -79    -69    -62    -61    -66    -82    -90    -82    -68    -72    -94   -108
   -94    -68    -67    -99   -101    -75    -64    -64    -67    -66    -70   -102   -115   -108   -112   -114   -110   -105    -88    -85    -81    -71    -67    -65    -71    -84    -85    -80    -72   -102   -119   -105
   -98    -91    -86    -90    -98    -95    -74    -63    -62    -61    -69    -88    -79    -75    -86    -93    -95    -83    -64    -62    -69    -71    -70    -68    -76    -84    -73    -72    -85   -113   -117   -106
   -84    -87    -89    -77    -87    -99    -88    -68    -60    -61    -59    -51    -46    -45    -51    -62    -65    -53    -46    -45    -50    -66    -73    -72    -85    -94    -91    -94   -110   -118   -118   -104
   -76    -72    -74    -76    -79    -85    -91    -78    -65    -63    -49    -42    -43    -43    -45    -52    -53    -46    -44    -43    -44    -58    -73    -76    -95   -109   -113   -117   -117   -118   -119   -103
   -71    -68    -69    -71    -69    -76    -88    -90    -74    -64    -47    -41    -42    -44    -45    -64    -65    -45    -44    -43    -43    -51    -71    -86   -102   -112   -115   -116   -117   -118   -120   -103
   -71    -69    -69    -69    -66    -69    -81    -93    -84    -69    -53    -48    -49    -49    -55    -77    -73    -47    -44    -44    -44    -54    -80   -103   -112   -113   -114   -114   -118   -119   -120   -103
   -71    -71    -70    -70    -66    -67    -74    -85    -91    -82    -60    -53    -52    -52    -81    -91    -82    -59    -47    -48    -48    -58    -79   -102   -111   -112   -112   -113   -119   -119   -120   -101
   -72    -73    -73    -73    -69    -69    -73    -75    -89    -91    -71    -51    -53    -63    -66    -58    -65    -71    -58    -57    -56    -60    -70    -92   -103   -111   -115   -116   -119   -119   -120   -102
   -75    -74    -71    -72    -72    -70    -70    -67    -77    -82    -84    -54    -56    -67    -53    -47    -56    -69    -69    -64    -59    -67    -72    -85    -95   -109   -115   -116   -116   -114   -114   -103
   -73    -73    -72    -72    -73    -70    -69    -63    -62    -67    -87    -72    -61    -69    -59    -51    -55    -66    -71    -59    -60    -71    -74    -83    -93   -109   -110   -101    -98    -94    -89    -90
   -73    -74    -73    -72    -71    -72    -68    -62    -52    -53    -78    -84    -70    -68    -63    -57    -63    -72    -66    -55    -64    -73    -75    -84    -95   -111   -104    -88    -90    -92    -78    -78
   -71    -73    -72    -78    -81    -70    -67    -65    -53    -51    -72    -87    -74    -67    -64    -66    -71    -69    -59    -60    -67    -72    -75    -84    -97   -114   -112   -105   -110   -106    -82    -77
   -70    -72    -73    -81    -84    -72    -68    -77    -75    -64    -69    -82    -80    -70    -66    -66    -63    -59    -59    -63    -67    -72    -77    -85    -99   -116   -115   -114   -118   -111    -89    -80
   -73    -73    -74    -72    -72    -76    -73    -76    -86    -69    -63    -63    -68    -66    -64    -63    -61    -67    -64    -64    -69    -68    -73    -78    -94   -117   -115   -115   -118   -113    -98    -91
   -69    -71    -73    -67    -63    -74    -73    -65    -83    -79    -64    -64    -63    -65    -66    -64    -62    -65    -61    -66    -74    -70    -69    -70    -87   -115   -108   -110   -119   -115   -100   -103
   -66    -68    -71    -64    -53    -67    -69    -54    -69    -89    -71    -68    -67    -66    -68    -65    -60    -54    -52    -57    -65    -69    -67    -67    -79    -99    -85   -100   -120   -116   -102   -104
   -71    -67    -68    -64    -48    -63    -69    -54    -50    -78    -76    -67    -70    -69    -67    -60    -57    -54    -52    -55    -57    -61    -65    -63    -69    -76    -69    -99   -120   -116   -108   -100
   -72    -66    -65    -59    -42    -57    -72    -54    -44    -60    -84    -83    -77    -72    -65    -61    -60    -56    -56    -61    -62    -63    -66    -59    -64    -67    -66    -99   -120   -116   -112   -100
   -67    -64    -63    -51    -41    -55    -70    -63    -61    -62    -89    -87    -78    -70    -66    -66    -63    -58    -56    -62    -66    -68    -67    -56    -62    -67    -70   -104   -119   -114   -111   -103
   -72    -69    -68    -64    -60    -63    -68    -68    -63    -62    -85    -85    -86    -74    -69    -68    -62    -58    -59    -58    -57    -65    -65    -55    -61    -67    -77   -111   -120   -115   -113   -104
   -75    -72    -69    -71    -72    -65    -66    -65    -58    -63    -85    -94    -99    -79    -72    -69    -62    -59    -62    -58    -53    -61    -62    -57    -61    -66    -82   -112   -119   -117   -116   -103
   -78    -74    -71    -70    -67    -65    -68    -67    -65    -69    -92   -107   -102    -83    -74    -69    -62    -61    -65    -59    -56    -63    -62    -60    -64    -67    -81   -109   -119   -117   -117   -102
   -78    -76    -73    -70    -63    -67    -69    -70    -68    -71    -99   -114    -99    -86    -74    -66    -64    -65    -68    -60    -60    -67    -60    -58    -66    -68    -79   -104   -118   -117   -117   -100
