   -34    -33    -33    -33    -31    -32    -35    -40    -40    -40    -40    -40    -34    -31    -32    -31    -33    -40    -38    -32    -39    -44    -40    -38    -37    -37    -32    -32    -31    -31    -31    -31
   -39    -37    -34    -33    -31    -32    -36    -39    -41    -40    -40    -40    -35    -32    -32    -32    -33    -40    -39    -36    -43    -42    -40    -38    -38    -39    -36    -35    -31    -31    -31    -31
   -39    -37    -35    -34    -33    -33    -36    -40    -40    -39    -39    -40    -35    -32    -32    -32    -33    -39    -40    -41    -42    -39    -39    -36    -37    -42    -42    -34    -30    -31    -31    -31
   -32    -30    -33    -39    -40    -40    -40    -42    -41    -39    -39    -40    -35    -32    -33    -32    -33    -39    -42    -43    -38    -36    -37    -36    -35    -44    -49    -36    -30    -31    -31    -31
   -29    -29    -30    -37    -36    -39    -42    -43    -44    -41    -39    -39    -35    -33    -33    -31    -32    -38    -43    -41    -36    -36    -36    -35    -35    -44    -49    -38    -31    -31    -31    -31
   -31    -30    -33    -37    -36    -38    -38    -38    -41    -42    -41    -40    -36    -32    -35    -37    -38    -43    -48    -44    -37    -36    -35    -35    -36    -43    -46    -40    -34    -31    -32    -32
   -34    -33    -36    -39    -37    -37    -38    -37    -36    -37    -40    -41    -38    -43    -52    -59    -62    -62    -61    -52    -38    -35    -34    -33    -35    -43    -46    -40    -36    -33    -32    -33
   -38    -35    -36    -40    -40    -36    -37    -37    -36    -35    -37    -45    -53    -61    -66    -70    -69    -67    -67    -57    -41    -35    -34    -32    -33    -41    -46    -43    -37    -34    -36    -47
   -47    -37    -36    -47    -49    -36    -34    -35    -36    -36    -37    -52    -65    -63    -64    -68    -65    -62    -62    -56    -44    -39    -35    -33    -33    -41    -46    -44    -39    -43    -56    -63
   -61    -46    -41    -55    -55    -40    -34    -34    -35    -35    -39    -58    -66    -61    -61    -63    -62    -59    -50    -49    -47    -41    -38    -35    -37    -43    -44    -44    -41    -60    -70    -61
   -64    -59    -54    -53    -54    -50    -38    -33    -34    -35    -41    -54    -49    -46    -50    -53    -55    -49    -39    -38    -42    -42    -39    -36    -40    -45    -41    -42    -50    -67    -69    -61
   -56    -58    -57    -48    -50    -52    -46    -36    -34    -37    -38    -36    -34    -33    -36    -40    -41    -34    -31    -30    -32    -38    -40    -38    -46    -53    -53    -56    -65    -70    -71    -61
   -52    -50    -50    -49    -47    -47    -48    -41    -36    -38    -34    -32    -34    -34    -35    -37    -36    -33    -31    -30    -29    -34    -40    -41    -54    -63    -67    -70    -70    -71    -71    -61
   -49    -47    -47    -48    -45    -46    -49    -47    -40    -37    -32    -31    -32    -34    -34    -43    -43    -33    -32    -30    -29    -32    -39    -47    -59    -66    -68    -69    -70    -70    -72    -62
   -49    -47    -46    -46    -44    -44    -46    -50    -45    -39    -34    -33    -35    -35    -38    -49    -47    -33    -32    -30    -30    -33    -43    -56    -65    -66    -67    -67    -69    -70    -72    -62
   -48    -47    -46    -46    -44    -44    -45    -47    -50    -46    -37    -35    -35    -35    -51    -56    -51    -39    -32    -32    -32    -36    -43    -56    -65    -66    -66    -67    -70    -71    -72    -61
   -47    -48    -47    -47    -45    -45    -46    -44    -50    -52    -43    -33    -35    -40    -42    -38    -41    -44    -37    -36    -35    -37    -38    -51    -60    -65    -68    -69    -71    -71    -72    -62
   -48    -48    -46    -45    -46    -46    -45    -42    -47    -49    -50    -35    -36    -43    -35    -32    -36    -42    -41    -39    -37    -41    -39    -47    -56    -64    -68    -69    -69    -68    -68    -62
   -47    -46    -45    -45    -46    -45    -44    -41    -40    -43    -53    -45    -40    -45    -39    -34    -35    -40    -42    -36    -37    -43    -40    -45    -55    -65    -65    -60    -57    -55    -52    -53
   -46    -47    -46    -45    -45    -46    -45    -42    -35    -35    -48    -51    -44    -44    -41    -37    -39    -44    -40    -35    -40    -43    -41    -46    -55    -66    -62    -53    -54    -54    -46    -47
   -46    -47    -46    -49    -50    -45    -44    -43    -35    -32    -43    -51    -45    -42    -41    -41    -43    -42    -38    -38    -42    -43    -42    -46    -55    -68    -67    -63    -66    -64    -50    -47
   -46    -46    -46    -50    -52    -46    -44    -48    -45    -37    -40    -48    -47    -42    -40    -39    -37    -35    -36    -38    -40    -42    -43    -47    -56    -69    -68    -68    -71    -67    -55    -49
   -47    -46    -47    -45    -45    -47    -46    -46    -50    -39    -36    -36    -39    -38    -37    -36    -34    -38    -36    -37    -40    -39    -41    -43    -54    -68    -67    -67    -70    -68    -59    -54
   -45    -45    -46    -42    -39    -45    -44    -39    -48    -44    -36    -37    -36    -37    -37    -36    -35    -37    -35    -37    -41    -40    -39    -39    -50    -66    -62    -64    -71    -69    -59    -61
   -43    -44    -45    -41    -34    -39    -40    -33    -41    -51    -41    -39    -38    -37    -37    -37    -35    -32    -30    -33    -37    -39    -38    -38    -45    -57    -49    -58    -71    -69    -61    -61
   -46    -43    -44    -41    -31    -36    -40    -33    -31    -46    -44    -38    -40    -38    -37    -35    -35    -33    -31    -32    -33    -35    -37    -36    -40    -43    -40    -57    -71    -69    -64    -59
   -46    -43    -42    -39    -29    -34    -40    -33    -30    -39    -48    -45    -41    -38    -37    -38    -39    -35    -34    -35    -35    -36    -37    -34    -37    -39    -39    -57    -70    -69    -66    -59
   -43    -42    -41    -34    -29    -35    -39    -37    -41    -41    -50    -45    -39    -38    -39    -43    -42    -37    -34    -35    -37    -38    -38    -32    -36    -39    -41    -60    -70    -68    -66    -61
   -46    -44    -43    -41    -40    -39    -38    -41    -42    -41    -47    -44    -45    -40    -42    -45    -42    -37    -36    -34    -33    -38    -38    -33    -36    -40    -45    -64    -70    -69    -67    -62
   -48    -46    -44    -45    -45    -39    -37    -40    -40    -41    -47    -50    -52    -44    -43    -45    -41    -38    -38    -35    -32    -36    -37    -35    -38    -41    -48    -65    -70    -69    -68    -62
   -49    -47    -45    -45    -43    -38    -38    -42    -44    -44    -52    -58    -55    -47    -44    -43    -40    -38    -39    -35    -33    -37    -37    -37    -41    -43    -49    -63    -70    -69    -69    -61
   -49    -48    -47    -45    -40    -39    -39    -44    -45    -45    -56    -63    -55    -48    -43    -40    -38    -38    -40    -36    -35    -38    -36    -37    -44    -47    -49    -60    -70    -69    -68    -61
