   -46    -45    -46    -46    -44    -44    -47    -51    -52    -52    -52    -52    -47    -44    -44    -43    -45    -53    -51    -43    -47    -48    -44    -43    -44    -47    -43    -43    -42    -43    -43    -43
   -50    -49    -46    -45    -43    -43    -47    -52    -54    -54    -52    -52    -47    -44    -45    -45    -47    -53    -51    -44    -47    -45    -44    -42    -44    -47    -46    -45    -42    -43    -43    -43
   -51    -49    -47    -45    -43    -42    -47    -52    -53    -53    -52    -52    -47    -44    -45    -45    -47    -52    -50    -47    -43    -41    -41    -41    -43    -49    -51    -45    -42    -43    -43    -44
   -44    -43    -45    -48    -47    -47    -48    -51    -51    -50    -51    -52    -47    -45    -45    -46    -47    -51    -51    -46    -38    -36    -38    -40    -41    -51    -57    -47    -42    -43    -44    -44
   -41    -42    -42    -45    -42    -44    -47    -49    -50    -48    -50    -52    -47    -45    -45    -44    -44    -49    -50    -43    -35    -34    -37    -39    -41    -49    -58    -49    -42    -43    -44    -44
   -42    -43    -44    -45    -41    -41    -42    -41    -44    -47    -51    -51    -48    -45    -47    -48    -49    -52    -54    -47    -36    -34    -36    -38    -41    -48    -54    -50    -45    -43    -44    -44
   -44    -44    -45    -46    -42    -41    -40    -39    -40    -42    -47    -49    -49    -54    -63    -69    -71    -69    -68    -58    -42    -35    -36    -37    -41    -49    -54    -50    -46    -45    -44    -45
   -49    -46    -45    -48    -46    -40    -39    -38    -38    -39    -43    -52    -61    -70    -75    -78    -77    -74    -74    -63    -46    -39    -37    -37    -39    -47    -54    -53    -47    -46    -49    -60
   -59    -50    -46    -54    -54    -42    -38    -36    -37    -38    -43    -59    -72    -70    -70    -75    -73    -70    -69    -62    -50    -44    -40    -38    -39    -47    -55    -54    -50    -55    -68    -76
   -74    -59    -52    -62    -60    -46    -38    -35    -36    -37    -46    -66    -74    -68    -67    -70    -70    -67    -58    -56    -54    -49    -44    -40    -43    -50    -53    -55    -53    -71    -80    -76
   -78    -72    -65    -61    -61    -57    -44    -36    -37    -39    -50    -64    -59    -56    -59    -62    -64    -58    -49    -48    -51    -50    -46    -43    -48    -54    -51    -53    -61    -77    -81    -76
   -70    -72    -70    -59    -59    -59    -52    -41    -40    -44    -49    -49    -49    -48    -49    -52    -52    -46    -43    -43    -44    -48    -47    -45    -54    -64    -64    -66    -75    -81    -81    -74
   -65    -64    -63    -61    -58    -56    -55    -47    -43    -46    -46    -47    -50    -50    -49    -50    -48    -45    -44    -43    -42    -44    -47    -48    -63    -75    -78    -79    -79    -80    -81    -72
   -61    -60    -60    -60    -58    -57    -57    -53    -46    -45    -45    -46    -48    -49    -48    -55    -55    -45    -44    -43    -43    -43    -47    -56    -71    -78    -79    -80    -79    -79    -81    -73
   -61    -59    -59    -59    -58    -56    -55    -55    -52    -48    -45    -46    -49    -48    -50    -60    -58    -45    -44    -43    -42    -45    -51    -65    -77    -78    -80    -81    -80    -80    -81    -73
   -59    -59    -58    -58    -57    -55    -54    -54    -57    -55    -48    -47    -48    -47    -60    -66    -62    -50    -44    -44    -44    -47    -51    -64    -77    -78    -79    -80    -80    -80    -81    -71
   -59    -59    -59    -59    -57    -57    -56    -53    -59    -61    -52    -44    -47    -51    -51    -48    -53    -55    -49    -48    -48    -48    -46    -60    -73    -77    -79    -80    -80    -80    -81    -71
   -60    -59    -57    -57    -58    -57    -56    -53    -56    -59    -60    -46    -49    -54    -45    -42    -47    -53    -53    -50    -49    -51    -47    -56    -68    -76    -80    -80    -79    -78    -79    -74
   -58    -58    -56    -57    -57    -57    -56    -53    -51    -53    -63    -57    -53    -57    -50    -45    -46    -50    -52    -47    -48    -53    -48    -55    -67    -76    -78    -76    -73    -72    -73    -73
   -58    -58    -57    -56    -56    -57    -57    -54    -48    -46    -58    -62    -56    -56    -53    -49    -50    -55    -51    -46    -51    -54    -50    -56    -67    -78    -77    -70    -71    -73    -69    -69
   -57    -58    -57    -60    -61    -56    -56    -57    -49    -44    -54    -62    -57    -55    -54    -54    -55    -54    -50    -50    -54    -53    -51    -56    -66    -79    -80    -77    -79    -78    -69    -67
   -57    -57    -57    -61    -62    -56    -57    -62    -59    -51    -52    -59    -59    -55    -54    -53    -50    -48    -49    -51    -53    -53    -53    -57    -66    -79    -80    -79    -82    -80    -72    -67
   -58    -57    -58    -56    -55    -58    -58    -60    -64    -54    -50    -50    -53    -52    -51    -50    -48    -52    -50    -50    -53    -52    -52    -53    -63    -77    -77    -77    -81    -81    -76    -71
   -56    -57    -58    -54    -51    -55    -55    -51    -62    -60    -52    -51    -50    -51    -52    -51    -50    -51    -49    -51    -56    -55    -51    -50    -59    -75    -70    -72    -80    -81    -75    -76
   -55    -55    -56    -53    -45    -48    -49    -43    -54    -65    -56    -54    -53    -52    -52    -51    -50    -47    -46    -48    -52    -55    -52    -49    -54    -65    -55    -64    -80    -81    -75    -75
   -57    -55    -55    -53    -41    -43    -46    -41    -43    -60    -60    -54    -55    -53    -51    -49    -50    -48    -46    -48    -49    -52    -51    -47    -48    -51    -45    -62    -79    -80    -77    -72
   -57    -54    -53    -50    -41    -43    -45    -40    -41    -51    -60    -57    -54    -52    -51    -51    -52    -48    -48    -50    -51    -53    -51    -44    -45    -47    -45    -63    -78    -80    -80    -73
   -55    -53    -53    -46    -42    -44    -44    -44    -52    -52    -59    -55    -51    -51    -52    -56    -54    -48    -45    -48    -52    -54    -51    -42    -44    -48    -49    -67    -79    -79    -81    -76
   -57    -55    -55    -53    -51    -47    -43    -49    -53    -52    -56    -54    -55    -52    -53    -57    -54    -49    -46    -45    -45    -51    -49    -43    -45    -49    -53    -71    -79    -80    -81    -77
   -59    -57    -56    -57    -56    -47    -43    -49    -52    -52    -56    -59    -62    -54    -54    -57    -53    -48    -46    -43    -41    -47    -47    -45    -48    -51    -57    -73    -79    -80    -81    -77
   -60    -58    -57    -56    -52    -45    -44    -51    -56    -55    -61    -67    -64    -56    -53    -54    -51    -46    -46    -42    -41    -44    -46    -48    -53    -54    -59    -72    -79    -80    -81    -77
   -60    -59    -58    -56    -50    -45    -45    -54    -58    -57    -65    -71    -63    -57    -51    -49    -47    -45    -45    -42    -42    -43    -44    -48    -57    -59    -60    -70    -79    -80    -80    -76
