   -46    -46    -46    -46    -46    -46    -47    -48    -48    -48    -48    -47    -46    -46    -46    -45    -46    -49    -48    -46    -47    -47    -46    -46    -46    -47    -46    -46    -46    -46    -46    -46
   -47    -47    -46    -46    -45    -46    -47    -47    -48    -48    -48    -47    -46    -46    -46    -46    -46    -48    -47    -46    -47    -47    -47    -46    -46    -47    -46    -46    -46    -46    -46    -46
   -48    -47    -47    -46    -46    -46    -46    -47    -48    -47    -47    -47    -46    -46    -46    -46    -46    -48    -47    -46    -46    -46    -46    -46    -46    -47    -47    -46    -45    -46    -46    -46
   -46    -46    -46    -47    -47    -47    -47    -47    -47    -47    -47    -47    -46    -46    -46    -46    -46    -48    -48    -46    -45    -46    -46    -46    -46    -47    -48    -46    -45    -46    -46    -46
   -46    -46    -46    -46    -46    -47    -47    -47    -47    -47    -47    -47    -46    -46    -46    -45    -46    -48    -48    -46    -45    -46    -46    -46    -46    -47    -48    -47    -45    -46    -46    -46
   -46    -46    -46    -46    -46    -46    -46    -46    -46    -46    -47    -47    -47    -46    -46    -47    -47    -49    -49    -47    -45    -46    -46    -46    -46    -47    -47    -47    -46    -46    -46    -46
   -47    -47    -47    -47    -46    -46    -47    -46    -46    -46    -46    -47    -47    -48    -50    -52    -52    -52    -52    -49    -46    -46    -46    -46    -46    -47    -47    -47    -46    -46    -46    -46
   -48    -47    -47    -47    -47    -46    -46    -46    -46    -45    -46    -48    -50    -52    -53    -54    -54    -53    -53    -50    -47    -46    -46    -45    -45    -46    -47    -47    -47    -46    -47    -49
   -50    -48    -47    -48    -48    -46    -46    -46    -46    -46    -46    -49    -52    -52    -52    -53    -52    -52    -52    -50    -48    -47    -46    -45    -45    -46    -47    -47    -47    -48    -51    -52
   -53    -50    -48    -50    -50    -47    -45    -46    -46    -46    -47    -51    -53    -52    -51    -52    -52    -51    -49    -49    -49    -48    -47    -46    -46    -47    -47    -47    -47    -52    -54    -51
   -54    -53    -51    -50    -50    -49    -46    -45    -46    -46    -48    -51    -50    -49    -50    -50    -50    -49    -47    -47    -48    -48    -47    -46    -47    -48    -47    -47    -50    -53    -54    -52
   -52    -52    -52    -50    -49    -49    -48    -46    -46    -47    -48    -48    -48    -47    -48    -48    -48    -47    -46    -46    -46    -47    -47    -46    -48    -50    -50    -51    -53    -54    -54    -52
   -51    -51    -51    -50    -49    -48    -48    -47    -46    -47    -47    -47    -48    -48    -48    -48    -48    -47    -46    -46    -46    -46    -47    -47    -50    -52    -53    -54    -54    -54    -54    -52
   -51    -50    -50    -50    -49    -49    -49    -48    -47    -47    -47    -47    -47    -48    -48    -49    -49    -47    -47    -46    -46    -46    -46    -48    -51    -53    -53    -54    -54    -54    -55    -52
   -51    -50    -50    -50    -49    -49    -48    -49    -48    -47    -47    -47    -47    -47    -48    -50    -50    -47    -47    -46    -46    -46    -47    -50    -53    -53    -53    -53    -54    -54    -55    -52
   -50    -50    -50    -50    -49    -49    -49    -48    -49    -48    -47    -47    -47    -47    -50    -51    -50    -48    -47    -46    -46    -47    -47    -50    -53    -53    -53    -53    -54    -54    -55    -52
   -50    -50    -50    -50    -49    -50    -49    -48    -49    -50    -48    -46    -47    -48    -48    -48    -48    -49    -47    -47    -47    -47    -46    -49    -52    -53    -53    -54    -54    -55    -55    -52
   -50    -50    -49    -49    -49    -49    -49    -48    -49    -49    -50    -47    -47    -49    -47    -46    -47    -48    -48    -47    -47    -48    -47    -48    -51    -53    -54    -54    -54    -53    -53    -52
   -50    -49    -49    -49    -49    -49    -49    -48    -48    -49    -51    -49    -48    -49    -48    -47    -47    -47    -48    -47    -47    -48    -47    -48    -51    -53    -52    -51    -51    -50    -49    -50
   -50    -50    -49    -49    -49    -49    -49    -49    -47    -47    -49    -50    -49    -49    -49    -48    -48    -48    -48    -47    -48    -48    -47    -48    -50    -53    -52    -50    -50    -50    -48    -48
   -50    -50    -49    -50    -50    -49    -49    -49    -47    -46    -48    -50    -49    -48    -48    -48    -48    -48    -47    -48    -48    -48    -47    -48    -50    -54    -53    -52    -53    -53    -50    -49
   -49    -49    -49    -50    -50    -49    -49    -50    -48    -46    -47    -49    -49    -48    -48    -47    -47    -46    -47    -47    -48    -48    -48    -48    -50    -54    -53    -53    -54    -53    -51    -49
   -50    -50    -50    -49    -49    -49    -49    -49    -49    -46    -46    -46    -47    -47    -47    -46    -46    -46    -46    -46    -47    -47    -47    -48    -50    -53    -53    -53    -54    -54    -51    -50
   -49    -49    -49    -49    -48    -49    -48    -47    -49    -47    -46    -46    -46    -46    -46    -46    -46    -46    -46    -46    -47    -47    -47    -47    -49    -53    -52    -53    -54    -54    -51    -52
   -49    -49    -49    -48    -46    -47    -48    -46    -47    -49    -47    -47    -46    -46    -46    -46    -46    -45    -45    -45    -46    -47    -46    -47    -48    -51    -49    -51    -54    -54    -52    -52
   -49    -49    -49    -48    -46    -46    -47    -46    -46    -49    -48    -46    -47    -46    -46    -46    -46    -46    -45    -45    -45    -46    -46    -46    -47    -48    -47    -51    -54    -54    -52    -51
   -49    -49    -49    -48    -46    -46    -47    -46    -46    -48    -49    -48    -46    -46    -46    -47    -48    -47    -46    -46    -46    -46    -46    -46    -47    -47    -47    -51    -54    -54    -53    -51
   -49    -48    -48    -47    -46    -47    -47    -47    -49    -48    -49    -47    -46    -46    -47    -49    -49    -47    -46    -46    -46    -46    -46    -46    -47    -47    -48    -52    -54    -53    -53    -52
   -49    -49    -49    -48    -48    -48    -47    -48    -49    -48    -48    -47    -47    -47    -48    -49    -49    -48    -47    -46    -46    -47    -47    -46    -47    -48    -49    -52    -54    -54    -53    -52
   -50    -49    -49    -49    -49    -47    -47    -48    -48    -48    -48    -48    -49    -48    -48    -49    -49    -48    -47    -46    -46    -47    -47    -47    -47    -48    -49    -53    -54    -54    -53    -52
   -50    -50    -49    -49    -49    -47    -47    -48    -49    -49    -49    -50    -50    -48    -48    -49    -48    -48    -48    -47    -46    -47    -47    -47    -48    -49    -50    -52    -54    -54    -53    -52
   -50    -50    -50    -49    -48    -47    -47    -49    -50    -49    -51    -52    -50    -49    -48    -47    -47    -47    -48    -47    -47    -47    -47    -47    -49    -50    -50    -52    -54    -54    -53    -52
