   -50    -50    -50    -51    -51    -51    -49    -46    -45    -45    -45    -46    -49    -52    -51    -52    -50    -44    -46    -52    -48    -46    -48    -49    -49    -48    -51    -51    -52    -51    -51    -52
   -46    -47    -50    -51    -52    -51    -49    -46    -45    -45    -45    -46    -49    -51    -51    -51    -50    -44    -46    -50    -47    -47    -48    -49    -49    -48    -49    -49    -52    -52    -51    -52
   -46    -47    -49    -50    -51    -51    -49    -46    -45    -46    -46    -46    -49    -51    -51    -51    -50    -45    -46    -48    -48    -49    -48    -50    -49    -46    -45    -50    -52    -52    -51    -52
   -50    -51    -50    -47    -47    -47    -47    -45    -46    -47    -46    -46    -49    -51    -50    -51    -50    -45    -45    -47    -51    -51    -50    -50    -50    -45    -41    -49    -52    -52    -51    -51
   -52    -52    -52    -49    -50    -48    -46    -45    -45    -47    -46    -46    -49    -51    -50    -52    -51    -46    -44    -48    -52    -51    -50    -50    -50    -46    -41    -48    -52    -52    -51    -51
   -51    -51    -50    -49    -50    -49    -49    -49    -48    -47    -46    -46    -49    -51    -49    -48    -47    -43    -41    -45    -51    -51    -50    -50    -50    -46    -44    -47    -50    -51    -51    -51
   -49    -50    -49    -48    -50    -49    -48    -49    -50    -50    -48    -46    -47    -43    -37    -32    -31    -31    -32    -39    -49    -51    -51    -52    -51    -46    -44    -47    -49    -50    -51    -50
   -45    -48    -49    -47    -47    -50    -49    -49    -51    -52    -50    -43    -37    -32    -28    -26    -26    -28    -28    -36    -46    -50    -51    -53    -52    -48    -44    -45    -48    -50    -48    -41
   -39    -46    -48    -42    -42    -50    -51    -51    -50    -51    -49    -39    -29    -31    -31    -28    -29    -31    -32    -36    -44    -48    -50    -52    -52    -48    -44    -45    -47    -44    -34    -31
   -29    -40    -44    -36    -38    -47    -52    -52    -51    -50    -47    -34    -29    -32    -32    -31    -32    -33    -39    -40    -41    -45    -48    -51    -50    -46    -45    -45    -45    -32    -25    -32
   -27    -31    -35    -37    -37    -40    -49    -52    -51    -50    -45    -36    -39    -41    -39    -37    -36    -40    -46    -47    -44    -45    -48    -50    -47    -44    -46    -45    -39    -27    -25    -31
   -32    -31    -32    -39    -39    -39    -44    -50    -51    -47    -46    -47    -47    -48    -47    -44    -44    -49    -51    -51    -50    -47    -47    -49    -43    -38    -37    -35    -28    -25    -24    -31
   -35    -37    -37    -38    -40    -43    -42    -47    -49    -47    -48    -49    -47    -47    -47    -46    -47    -49    -50    -51    -52    -50    -48    -47    -37    -30    -27    -24    -24    -24    -24    -31
   -37    -39    -39    -38    -41    -42    -41    -43    -47    -48    -50    -50    -49    -47    -47    -42    -42    -49    -49    -51    -52    -51    -48    -42    -33    -28    -26    -25    -25    -24    -24    -30
   -38    -39    -39    -39    -41    -42    -42    -41    -44    -47    -49    -49    -48    -47    -45    -38    -40    -49    -50    -51    -52    -50    -45    -36    -28    -28    -27    -27    -25    -25    -24    -30
   -38    -39    -40    -40    -41    -42    -42    -42    -40    -42    -47    -48    -48    -48    -38    -34    -37    -46    -50    -51    -50    -48    -45    -37    -29    -28    -28    -27    -25    -24    -24    -31
   -39    -39    -39    -39    -41    -40    -41    -43    -39    -38    -44    -50    -48    -45    -44    -46    -44    -42    -47    -48    -48    -48    -48    -40    -32    -28    -26    -25    -24    -24    -24    -30
   -39    -39    -41    -41    -40    -40    -42    -44    -41    -39    -38    -48    -47    -43    -48    -50    -48    -44    -45    -46    -47    -45    -48    -42    -35    -29    -26    -25    -26    -26    -26    -31
   -40    -40    -41    -41    -41    -41    -42    -44    -44    -43    -36    -41    -45    -41    -45    -48    -49    -46    -45    -49    -47    -44    -47    -43    -35    -29    -29    -32    -34    -36    -38    -37
   -40    -40    -41    -42    -42    -41    -41    -43    -47    -48    -40    -37    -42    -42    -44    -46    -46    -43    -45    -49    -45    -43    -46    -43    -36    -28    -30    -37    -37    -37    -42    -41
   -40    -40    -41    -39    -38    -41    -41    -42    -48    -51    -44    -38    -42    -44    -44    -44    -43    -44    -47    -46    -43    -44    -45    -43    -36    -26    -26    -29    -27    -29    -38    -40
   -41    -41    -40    -38    -37    -41    -41    -39    -42    -48    -46    -41    -41    -44    -45    -46    -48    -49    -48    -47    -45    -44    -45    -42    -35    -26    -26    -27    -24    -27    -35    -39
   -39    -40    -40    -41    -42    -40    -41    -41    -40    -48    -49    -49    -47    -47    -48    -49    -50    -48    -49    -49    -47    -47    -46    -45    -37    -27    -27    -27    -25    -26    -32    -36
   -41    -41    -40    -43    -46    -42    -43    -46    -41    -44    -49    -49    -49    -49    -49    -49    -50    -49    -50    -49    -46    -46    -48    -47    -40    -28    -31    -29    -24    -26    -32    -31
   -42    -42    -41    -44    -50    -47    -46    -50    -45    -39    -46    -47    -48    -49    -49    -49    -49    -52    -53    -51    -49    -47    -48    -48    -43    -35    -40    -33    -24    -25    -31    -31
   -40    -42    -42    -44    -52    -49    -46    -51    -51    -42    -43    -47    -47    -48    -49    -50    -49    -50    -52    -51    -51    -50    -49    -49    -47    -44    -47    -34    -24    -26    -30    -33
   -40    -43    -43    -46    -52    -50    -47    -51    -51    -46    -41    -44    -47    -48    -49    -47    -45    -48    -50    -50    -50    -49    -49    -51    -48    -46    -47    -34    -25    -26    -28    -33
   -42    -43    -44    -48    -51    -49    -48    -48    -44    -44    -40    -45    -49    -49    -47    -43    -43    -47    -50    -50    -49    -48    -48    -52    -49    -46    -45    -32    -25    -26    -27    -31
   -41    -42    -42    -44    -44    -46    -48    -45    -43    -44    -42    -45    -45    -47    -45    -41    -43    -46    -48    -50    -51    -47    -48    -51    -48    -46    -42    -30    -25    -26    -27    -30
   -39    -41    -42    -41    -41    -46    -48    -45    -44    -44    -42    -41    -40    -44    -43    -41    -43    -46    -47    -49    -52    -48    -48    -49    -47    -45    -40    -29    -25    -25    -26    -30
   -39    -40    -41    -41    -43    -47    -47    -44    -42    -42    -39    -35    -37    -42    -43    -43    -45    -46    -46    -49    -50    -48    -48    -47    -44    -42    -39    -30    -25    -25    -26    -31
   -39    -39    -40    -41    -45    -47    -47    -42    -40    -41    -35    -31    -37    -41    -44    -46    -47    -47    -46    -49    -49    -48    -49    -47    -41    -39    -39    -32    -25    -25    -26    -31
