   -55    -54    -54    -52    -49    -50    -59    -73    -75    -74    -75    -73    -57    -48    -50    -48    -51    -72    -67    -50    -73    -87    -77    -71    -68    -66    -51    -50    -47    -47    -47    -48
   -70    -65    -57    -52    -49    -51    -61    -72    -75    -74    -74    -74    -58    -49    -51    -49    -52    -71    -70    -63    -84    -82    -77    -69    -68    -71    -61    -58    -46    -47    -47    -47
   -71    -65    -60    -57    -54    -53    -63    -73    -74    -70    -72    -73    -59    -49    -51    -49    -51    -69    -75    -80    -82    -75    -72    -65    -65    -80    -80    -58    -45    -47    -47    -47
   -50    -44    -53    -73    -75    -74    -75    -81    -77    -70    -72    -73    -59    -50    -52    -52    -54    -70    -81    -85    -73    -65    -65    -63    -61    -89   -101    -62    -46    -47    -47    -48
   -40    -39    -44    -65    -65    -73    -81    -86    -88    -78    -73    -72    -60    -52    -53    -49    -51    -67    -84    -81    -67    -64    -63    -60    -61    -88   -104    -70    -48    -47    -48    -48
   -45    -44    -52    -66    -64    -68    -71    -71    -79    -84    -79    -74    -61    -51    -57    -64    -69    -81    -97    -89    -67    -63    -62    -58    -64    -87    -93    -74    -56    -48    -49    -50
   -54    -51    -61    -71    -66    -66    -70    -67    -65    -69    -77    -77    -69    -81   -109   -131   -138   -138   -138   -111    -71    -60    -59    -55    -62    -87    -94    -76    -62    -53    -49    -52
   -68    -59    -62    -76    -77    -62    -65    -66    -63    -61    -69    -91   -113   -135   -152   -162   -160   -154   -155   -125    -79    -62    -56    -52    -55    -80    -95    -83    -65    -55    -62    -95
   -93    -65    -63    -96   -102    -63    -59    -61    -63    -63    -67   -111   -149   -142   -146   -157   -150   -141   -140   -122    -88    -71    -59    -54    -57    -79    -95    -87    -72    -83   -122   -141
  -135    -89    -78   -120   -119    -75    -57    -56    -61    -61    -73   -129   -150   -137   -139   -144   -140   -132   -106   -101    -94    -77    -68    -60    -67    -85    -88    -87    -78   -133   -162   -137
  -143   -129   -113   -112   -117   -107    -71    -55    -56    -59    -78   -113    -99    -91   -104   -114   -118    -99    -71    -68    -79    -79    -71    -64    -77    -91    -77    -79   -104   -152   -161   -138
  -120   -124   -123    -98   -104   -113    -94    -63    -57    -65    -68    -60    -55    -52    -60    -74    -75    -56    -46    -44    -51    -70    -75    -70    -94   -114   -113   -121   -149   -163   -164   -137
  -106   -100   -101   -100    -96    -95   -100    -79    -63    -68    -55    -48    -53    -53    -55    -63    -61    -50    -46    -43    -41    -56    -74    -77   -115   -143   -154   -163   -163   -164   -166   -136
   -98    -91    -92    -95    -88    -91   -101    -98    -75    -66    -50    -46    -48    -53    -54    -81    -81    -50    -48    -44    -41    -50    -71    -97   -131   -151   -157   -160   -162   -163   -167   -139
   -97    -92    -91    -91    -85    -85    -93   -104    -91    -72    -56    -52    -56    -57    -66    -99    -93    -52    -47    -44    -42    -54    -84   -124   -149   -152   -154   -155   -161   -164   -167   -138
   -94    -93    -90    -90    -84    -83    -87    -96   -105    -94    -65    -58    -58    -57   -104   -120   -106    -68    -49    -48    -49    -61    -83   -122   -149   -151   -151   -154   -162   -164   -167   -136
   -93    -96    -93    -94    -87    -88    -90    -86   -105   -109    -82    -53    -58    -73    -78    -66    -77    -85    -64    -61    -59    -64    -70   -107   -134   -148   -156   -159   -165   -166   -167   -137
   -97    -95    -89    -89    -91    -89    -87    -79    -93   -101   -104    -58    -62    -81    -58    -48    -61    -80    -78    -71    -65    -76    -73    -96   -121   -145   -158   -160   -158   -155   -156   -137
   -93    -92    -88    -88    -90    -87    -85    -76    -73    -80   -111    -88    -72    -87    -69    -55    -58    -73    -79    -61    -65    -82    -76    -91   -118   -146   -147   -133   -125   -118   -110   -113
   -92    -93    -91    -87    -87    -90    -87    -77    -59    -57    -96   -107    -85    -84    -76    -64    -71    -84    -74    -57    -74    -84    -79    -94   -119   -150   -139   -112   -114   -115    -93    -94
   -90    -92    -90    -99   -104    -88    -84    -81    -58    -49    -83   -107    -89    -79    -76    -77    -83    -80    -66    -69    -80    -83    -81    -94   -120   -156   -154   -142   -150   -144   -104    -95
   -89    -90    -91   -104   -108    -89    -86    -97    -88    -66    -74    -97    -94    -80    -75    -72    -66    -60    -62    -68    -75    -81    -84    -96   -123   -158   -157   -155   -164   -153   -117    -99
   -94    -92    -93    -88    -87    -94    -89    -92   -103    -71    -63    -64    -72    -70    -67    -63    -58    -69    -64    -65    -73    -73    -78    -85   -115   -157   -155   -155   -163   -156   -131   -116
   -86    -89    -92    -80    -71    -87    -86    -72    -98    -88    -63    -65    -63    -65    -67    -64    -61    -65    -59    -66    -79    -75    -71    -72   -103   -152   -141   -145   -164   -159   -131   -136
   -83    -84    -87    -76    -55    -71    -75    -53    -77   -106    -76    -71    -69    -66    -68    -65    -61    -50    -46    -54    -65    -73    -69    -68    -90   -124   -100   -128   -165   -159   -135   -137
   -90    -83    -84    -76    -46    -62    -73    -52    -48    -93    -87    -70    -74    -69    -66    -59    -59    -53    -49    -52    -55    -59    -66    -63    -73    -85    -73   -126   -165   -159   -144   -130
   -90    -80    -78    -68    -40    -57    -74    -52    -43    -69    -99    -91    -78    -71    -66    -67    -70    -60    -56    -60    -61    -63    -67    -56    -65    -72    -70   -125   -163   -158   -152   -131
   -82    -77    -76    -56    -41    -58    -71    -65    -74    -74   -105    -91    -74    -68    -71    -81    -78    -64    -55    -61    -67    -70    -69    -52    -63    -72    -77   -134   -163   -156   -152   -136
   -89    -85    -83    -77    -72    -70    -69    -76    -79    -75    -96    -88    -90    -76    -78    -86    -77    -65    -62    -56    -55    -69    -68    -53    -63    -73    -89   -145   -164   -158   -154   -139
   -95    -89    -86    -89    -89    -70    -67    -73    -71    -76    -97   -105   -113    -87    -83    -87    -76    -67    -68    -58    -49    -63    -64    -58    -67    -75    -98   -148   -162   -160   -158   -139
   -99    -93    -89    -86    -80    -69    -70    -79    -83    -83   -109   -129   -121    -95    -85    -83    -72    -68    -71    -60    -54    -65    -64    -66    -76    -82   -100   -143   -162   -161   -159   -137
   -99    -96    -92    -87    -73    -71    -73    -85    -88    -88   -123   -144   -119   -100    -83    -73    -69    -69    -74    -61    -60    -68    -62    -65    -85    -91    -99   -135   -161   -160   -158   -134
