   -55    -55    -55    -54    -51    -52    -58    -68    -69    -69    -69    -69    -57    -50    -52    -51    -51    -63    -61    -52    -71    -83    -76    -70    -67    -64    -52    -51    -49    -49    -49    -50
   -66    -62    -57    -54    -52    -53    -60    -67    -69    -68    -69    -70    -58    -51    -52    -52    -52    -63    -65    -65    -82    -80    -76    -69    -67    -69    -60    -57    -48    -49    -49    -49
   -66    -61    -58    -58    -56    -55    -62    -69    -68    -65    -68    -69    -58    -51    -52    -52    -51    -62    -70    -80    -82    -74    -71    -65    -65    -77    -76    -58    -48    -49    -49    -49
   -50    -44    -52    -70    -73    -71    -72    -76    -73    -67    -68    -69    -58    -51    -53    -54    -53    -63    -75    -84    -76    -67    -65    -62    -62    -85    -92    -62    -50    -49    -49    -49
   -42    -40    -46    -64    -66    -71    -77    -82    -84    -76    -69    -68    -59    -53    -54    -52    -52    -61    -77    -80    -71    -65    -62    -60    -63    -86    -96    -69    -51    -50    -50    -49
   -45    -44    -52    -66    -65    -68    -70    -71    -79    -82    -75    -70    -60    -52    -57    -63    -65    -72    -86    -85    -70    -64    -62    -59    -65    -85    -89    -72    -58    -51    -50    -51
   -52    -50    -59    -70    -67    -65    -68    -67    -67    -71    -76    -74    -66    -74    -94   -110   -115   -115   -117   -100    -72    -62    -60    -57    -64    -85    -89    -73    -61    -53    -51    -53
   -61    -55    -60    -74    -75    -63    -64    -65    -64    -64    -70    -85    -99   -114   -127   -133   -132   -128   -130   -109    -76    -63    -58    -55    -60    -80    -90    -80    -64    -55    -60    -85
   -78    -59    -61    -89    -94    -64    -60    -62    -64    -65    -67    -98   -125   -120   -124   -131   -126   -120   -119   -106    -81    -68    -59    -57    -61    -79    -91    -83    -70    -76   -103   -120
  -108    -75    -70   -104   -106    -74    -59    -59    -62    -62    -70   -110   -126   -116   -119   -122   -119   -113    -93    -89    -84    -72    -66    -62    -68    -83    -86    -82    -74   -112   -133   -117
  -114   -104    -95    -96   -103    -98    -71    -58    -58    -58    -71    -97    -85    -80    -91    -99   -102    -88    -66    -64    -72    -73    -69    -65    -75    -85    -74    -75    -91   -126   -132   -117
   -97   -100   -101    -84    -92   -102    -89    -65    -57    -61    -62    -54    -50    -48    -55    -66    -68    -54    -46    -46    -51    -67    -73    -70    -87   -101    -98   -103   -122   -132   -134   -116
   -87    -83    -84    -84    -84    -88    -93    -77    -63    -64    -51    -45    -48    -48    -49    -57    -56    -48    -45    -44    -43    -57    -73    -75   -102   -120   -127   -132   -132   -133   -134   -114
   -81    -76    -77    -79    -76    -81    -92    -91    -73    -64    -48    -44    -45    -48    -49    -70    -71    -47    -45    -44    -43    -51    -71    -89   -112   -125   -129   -130   -131   -133   -135   -115
   -80    -77    -76    -77    -73    -75    -84    -95    -85    -69    -54    -50    -52    -52    -59    -84    -80    -49    -46    -44    -44    -54    -80   -109   -124   -126   -128   -128   -132   -133   -135   -114
   -79    -79    -77    -77    -72    -72    -78    -87    -95    -85    -62    -55    -55    -54    -88   -100    -90    -62    -48    -48    -49    -59    -79   -108   -124   -125   -125   -128   -133   -134   -135   -112
   -79    -81    -80    -80    -75    -76    -79    -78    -93    -96    -74    -52    -55    -66    -69    -61    -69    -76    -60    -59    -57    -61    -69    -97   -114   -123   -129   -130   -134   -134   -135   -113
   -82    -81    -77    -78    -79    -77    -76    -71    -82    -88    -90    -55    -58    -72    -54    -47    -57    -73    -72    -67    -61    -70    -72    -88   -104   -121   -130   -131   -130   -128   -128   -115
   -80    -79    -78    -78    -79    -76    -74    -67    -65    -71    -95    -77    -65    -75    -62    -52    -56    -68    -74    -60    -61    -74    -74    -85   -102   -122   -123   -113   -108   -104    -99   -101
   -79    -80    -79    -77    -77    -78    -75    -67    -55    -54    -84    -92    -75    -74    -67    -59    -66    -76    -68    -56    -67    -76    -76    -87   -103   -124   -116    -98   -100   -102    -87    -87
   -77    -80    -78    -85    -89    -76    -73    -71    -56    -50    -76    -93    -79    -71    -69    -70    -75    -73    -62    -63    -71    -76    -77    -87   -105   -128   -127   -118   -124   -120    -91    -85
   -76    -78    -79    -89    -92    -77    -75    -85    -80    -66    -71    -87    -85    -74    -69    -69    -65    -60    -61    -65    -70    -75    -79    -88   -107   -130   -129   -128   -133   -126   -101    -89
   -80    -79    -81    -78    -77    -82    -79    -82    -92    -71    -64    -64    -70    -68    -66    -64    -61    -69    -65    -65    -71    -70    -75    -80   -101   -130   -128   -128   -133   -128   -111   -101
   -75    -77    -79    -71    -66    -78    -77    -68    -89    -84    -65    -65    -64    -66    -68    -65    -63    -66    -62    -67    -77    -73    -70    -71    -92   -126   -118   -121   -133   -130   -111   -115
   -72    -74    -76    -69    -54    -68    -70    -54    -72    -96    -74    -70    -69    -67    -69    -66    -62    -54    -51    -58    -66    -72    -69    -67    -82   -107    -88   -108   -134   -131   -114   -116
   -77    -72    -74    -68    -47    -62    -69    -52    -49    -84    -81    -69    -73    -70    -67    -61    -58    -55    -52    -56    -58    -62    -67    -63    -70    -78    -69   -106   -134   -130   -120   -111
   -78    -71    -69    -62    -42    -56    -71    -53    -44    -63    -89    -86    -78    -72    -66    -63    -64    -58    -57    -62    -63    -65    -67    -58    -63    -68    -66   -106   -133   -130   -126   -111
   -72    -69    -67    -53    -41    -56    -69    -62    -65    -66    -94    -88    -77    -71    -68    -71    -68    -60    -56    -62    -67    -70    -68    -54    -62    -68    -71   -113   -133   -128   -126   -115
   -77    -74    -73    -68    -64    -65    -67    -70    -69    -66    -88    -86    -88    -75    -72    -75    -68    -61    -59    -57    -57    -67    -66    -54    -61    -68    -80   -121   -134   -130   -127   -117
   -82    -77    -75    -77    -77    -66    -65    -67    -63    -68    -89    -97   -103    -81    -75    -76    -67    -62    -63    -57    -51    -62    -62    -57    -63    -69    -87   -123   -133   -131   -130   -116
   -85    -81    -77    -75    -71    -65    -67    -71    -71    -74    -97   -114   -108    -87    -77    -73    -66    -62    -65    -58    -54    -63    -62    -62    -68    -72    -87   -119   -133   -131   -131   -115
   -85    -83    -80    -76    -66    -67    -68    -74    -75    -77   -106   -123   -105    -90    -76    -68    -65    -65    -68    -59    -58    -66    -60    -60    -73    -76    -85   -113   -132   -131   -131   -112
