   -13    -14    -14    -14    -13    -13    -14    -16    -16    -16    -16    -16    -14    -13    -13    -13    -12    -13    -13    -13    -17    -20    -19    -18    -16    -15    -13    -12    -12    -12    -12    -13
   -15    -15    -14    -14    -13    -14    -14    -16    -15    -15    -16    -16    -14    -13    -13    -13    -12    -13    -15    -17    -20    -20    -19    -17    -17    -17    -15    -14    -12    -12    -12    -12
   -15    -14    -14    -15    -15    -14    -15    -16    -16    -15    -16    -16    -14    -13    -13    -13    -12    -13    -16    -20    -21    -19    -17    -16    -16    -19    -18    -14    -12    -12    -12    -12
   -12    -10    -12    -17    -18    -17    -17    -18    -17    -16    -16    -16    -14    -13    -13    -14    -13    -13    -17    -21    -20    -17    -16    -15    -16    -21    -22    -15    -13    -12    -12    -12
   -10     -9    -11    -16    -17    -17    -19    -20    -21    -19    -17    -16    -14    -13    -13    -14    -13    -13    -18    -20    -19    -16    -15    -15    -16    -21    -23    -17    -13    -13    -12    -12
   -10    -10    -12    -16    -16    -17    -17    -18    -20    -21    -18    -16    -15    -13    -14    -15    -15    -15    -19    -21    -18    -16    -15    -14    -16    -22    -22    -18    -15    -13    -12    -12
   -12    -11    -14    -17    -17    -16    -16    -16    -17    -19    -19    -18    -15    -16    -20    -23    -24    -24    -25    -23    -18    -16    -15    -14    -17    -21    -22    -18    -15    -13    -13    -13
   -13    -12    -14    -18    -18    -16    -15    -16    -16    -17    -18    -20    -22    -24    -26    -27    -27    -27    -28    -24    -18    -16    -15    -14    -16    -21    -22    -19    -16    -13    -14    -19
   -15    -13    -14    -21    -22    -16    -15    -15    -16    -16    -17    -22    -27    -26    -27    -28    -27    -26    -25    -23    -19    -16    -15    -15    -16    -21    -23    -21    -17    -17    -22    -26
   -20    -15    -15    -23    -24    -18    -15    -15    -15    -15    -16    -24    -26    -25    -26    -26    -25    -24    -21    -20    -19    -17    -16    -16    -18    -21    -22    -20    -18    -24    -27    -25
   -22    -20    -19    -21    -23    -23    -18    -15    -14    -14    -16    -20    -18    -17    -20    -21    -22    -19    -15    -15    -16    -17    -17    -17    -19    -21    -18    -18    -20    -26    -27    -25
   -19    -19    -20    -17    -21    -24    -22    -17    -14    -14    -13    -12    -10    -10    -12    -14    -15    -12    -11    -11    -12    -16    -18    -18    -21    -23    -21    -22    -25    -27    -27    -25
   -17    -16    -16    -17    -18    -21    -22    -19    -15    -14    -11     -9     -9     -9    -10    -12    -12    -11    -10    -10    -11    -14    -18    -19    -23    -25    -26    -26    -26    -26    -27    -24
   -15    -15    -15    -16    -16    -18    -21    -22    -18    -15    -11    -10    -10    -10    -10    -14    -15    -10    -10    -10    -10    -13    -18    -21    -24    -26    -26    -26    -26    -26    -27    -23
   -15    -15    -15    -15    -15    -16    -19    -22    -20    -17    -12    -11    -11    -11    -12    -17    -16    -10    -10    -10    -11    -13    -19    -25    -26    -26    -27    -27    -27    -27    -27    -23
   -15    -16    -16    -16    -15    -15    -17    -20    -22    -20    -14    -13    -12    -12    -18    -20    -18    -13    -11    -11    -12    -14    -19    -24    -26    -26    -26    -26    -27    -27    -27    -23
   -16    -16    -16    -17    -15    -15    -17    -18    -21    -21    -17    -12    -13    -14    -15    -13    -15    -16    -14    -14    -13    -14    -17    -22    -24    -26    -26    -26    -27    -26    -27    -23
   -17    -17    -16    -16    -16    -16    -16    -16    -18    -19    -19    -13    -13    -15    -12    -11    -13    -16    -16    -15    -14    -16    -18    -21    -22    -25    -26    -26    -26    -26    -26    -24
   -17    -17    -16    -17    -17    -16    -16    -14    -14    -15    -20    -17    -14    -16    -13    -12    -13    -16    -17    -14    -14    -17    -18    -20    -22    -25    -26    -24    -24    -24    -23    -23
   -16    -17    -17    -17    -16    -16    -15    -14    -12    -12    -18    -19    -16    -16    -14    -13    -15    -17    -16    -13    -15    -17    -18    -21    -22    -25    -25    -22    -23    -23    -21    -21
   -16    -17    -16    -18    -18    -16    -15    -15    -13    -12    -17    -20    -18    -16    -15    -16    -17    -16    -14    -14    -15    -17    -18    -21    -23    -26    -26    -25    -25    -25    -20    -20
   -16    -16    -17    -19    -19    -16    -16    -18    -18    -16    -17    -20    -19    -17    -16    -16    -16    -15    -15    -15    -16    -17    -19    -21    -23    -26    -26    -26    -27    -26    -22    -20
   -16    -16    -17    -17    -16    -17    -17    -18    -21    -18    -17    -16    -17    -17    -16    -16    -16    -17    -17    -17    -18    -17    -18    -19    -22    -27    -26    -26    -27    -26    -24    -22
   -15    -16    -17    -15    -15    -17    -17    -16    -21    -21    -17    -17    -17    -17    -17    -17    -16    -17    -16    -17    -19    -18    -17    -17    -21    -26    -24    -25    -27    -26    -24    -25
   -15    -15    -16    -15    -13    -16    -16    -13    -17    -22    -18    -18    -18    -18    -18    -17    -16    -14    -14    -15    -17    -18    -17    -17    -19    -23    -19    -22    -27    -27    -24    -25
   -16    -15    -16    -15    -11    -15    -16    -13    -12    -19    -19    -18    -18    -18    -18    -16    -14    -14    -14    -15    -16    -17    -17    -16    -16    -18    -16    -22    -27    -27    -25    -24
   -16    -15    -15    -14    -10    -13    -17    -13    -10    -14    -21    -21    -20    -19    -17    -15    -14    -14    -14    -16    -17    -17    -17    -15    -15    -16    -15    -22    -27    -26    -26    -24
   -15    -15    -14    -12     -9    -13    -16    -15    -14    -14    -21    -22    -21    -19    -16    -15    -14    -13    -14    -16    -17    -18    -17    -14    -15    -15    -16    -24    -27    -26    -26    -25
   -16    -16    -15    -14    -14    -14    -16    -16    -14    -14    -20    -22    -22    -19    -17    -16    -14    -13    -14    -14    -15    -16    -16    -14    -14    -16    -18    -25    -27    -26    -26    -25
   -17    -16    -16    -16    -16    -15    -15    -15    -13    -14    -21    -23    -25    -20    -17    -16    -14    -13    -14    -14    -13    -15    -15    -14    -14    -15    -19    -26    -27    -26    -27    -24
   -18    -17    -16    -16    -15    -15    -16    -15    -15    -16    -22    -26    -25    -20    -17    -16    -14    -14    -14    -13    -13    -15    -14    -14    -15    -15    -19    -25    -27    -27    -27    -24
   -18    -17    -17    -16    -14    -15    -16    -16    -15    -16    -23    -27    -24    -20    -17    -15    -15    -15    -15    -14    -14    -15    -14    -13    -15    -15    -18    -24    -27    -27    -27    -23
