   -47    -47    -47    -47    -46    -46    -48    -51    -52    -52    -52    -52    -48    -45    -46    -46    -45    -50    -50    -46    -51    -55    -52    -50    -50    -49    -45    -45    -44    -44    -45    -45
   -51    -50    -48    -47    -46    -46    -48    -52    -52    -52    -52    -52    -48    -45    -46    -46    -46    -50    -51    -49    -54    -53    -52    -49    -50    -51    -48    -47    -44    -45    -45    -45
   -51    -49    -48    -48    -47    -46    -49    -52    -52    -51    -52    -52    -48    -45    -46    -46    -46    -50    -52    -54    -54    -50    -50    -48    -49    -54    -54    -48    -44    -45    -45    -45
   -45    -43    -46    -52    -52    -51    -52    -54    -53    -51    -52    -52    -48    -46    -46    -47    -47    -50    -53    -55    -50    -47    -47    -47    -47    -56    -60    -49    -45    -45    -45    -45
   -42    -41    -43    -49    -49    -50    -53    -55    -56    -53    -52    -52    -48    -46    -47    -46    -46    -49    -53    -53    -48    -46    -46    -46    -48    -56    -61    -52    -45    -45    -45    -45
   -43    -43    -45    -49    -48    -49    -49    -50    -53    -55    -54    -52    -49    -46    -48    -50    -50    -52    -57    -55    -48    -46    -45    -45    -48    -56    -58    -53    -48    -45    -45    -45
   -45    -45    -48    -51    -49    -48    -48    -48    -48    -50    -53    -52    -50    -54    -61    -67    -68    -68    -68    -62    -50    -46    -45    -45    -48    -56    -58    -53    -49    -46    -45    -46
   -49    -47    -48    -52    -52    -47    -47    -47    -47    -47    -50    -56    -62    -68    -72    -75    -74    -73    -73    -65    -52    -47    -45    -44    -46    -54    -59    -55    -50    -47    -49    -59
   -56    -48    -48    -58    -59    -48    -46    -45    -46    -47    -49    -61    -72    -70    -71    -74    -72    -70    -69    -64    -54    -49    -46    -45    -47    -54    -59    -57    -52    -55    -65    -72
   -67    -55    -52    -64    -64    -52    -46    -45    -45    -46    -50    -66    -72    -68    -69    -70    -69    -67    -60    -58    -56    -52    -49    -47    -50    -56    -57    -57    -54    -68    -75    -71
   -69    -66    -61    -61    -63    -61    -51    -45    -45    -45    -52    -62    -58    -56    -59    -62    -63    -58    -50    -49    -52    -52    -51    -49    -53    -57    -54    -54    -60    -73    -76    -71
   -63    -64    -64    -57    -60    -63    -58    -48    -46    -47    -49    -47    -46    -45    -47    -51    -51    -46    -44    -43    -45    -51    -52    -51    -58    -64    -63    -64    -71    -75    -76    -70
   -59    -58    -58    -58    -57    -58    -59    -53    -48    -49    -45    -44    -45    -45    -46    -48    -47    -44    -43    -43    -43    -47    -52    -53    -63    -71    -73    -75    -75    -75    -76    -69
   -56    -55    -55    -56    -55    -57    -59    -58    -52    -49    -44    -44    -44    -45    -45    -52    -53    -44    -43    -43    -43    -45    -51    -59    -68    -73    -74    -75    -74    -75    -76    -69
   -56    -55    -55    -55    -54    -54    -57    -60    -56    -51    -46    -45    -47    -46    -48    -57    -56    -44    -43    -43    -43    -46    -55    -66    -73    -73    -74    -75    -75    -75    -76    -69
   -56    -56    -55    -55    -54    -53    -55    -57    -60    -57    -49    -47    -47    -47    -59    -63    -59    -49    -44    -44    -45    -48    -55    -65    -73    -73    -74    -75    -75    -75    -76    -67
   -56    -56    -56    -56    -54    -54    -55    -55    -60    -61    -53    -45    -47    -51    -51    -48    -52    -54    -49    -48    -48    -49    -51    -61    -69    -72    -74    -75    -75    -75    -76    -68
   -57    -57    -55    -55    -56    -55    -54    -52    -56    -58    -59    -47    -48    -53    -46    -43    -47    -53    -53    -51    -49    -52    -52    -59    -65    -72    -75    -75    -74    -73    -74    -69
   -56    -56    -55    -55    -55    -55    -54    -51    -50    -52    -61    -55    -51    -54    -49    -45    -47    -51    -53    -48    -49    -54    -53    -57    -64    -72    -73    -70    -68    -67    -67    -67
   -55    -56    -56    -55    -55    -55    -54    -52    -47    -46    -57    -60    -54    -54    -51    -48    -50    -55    -52    -47    -51    -54    -54    -58    -65    -73    -71    -65    -66    -67    -63    -63
   -55    -56    -55    -58    -59    -54    -54    -53    -48    -45    -54    -61    -56    -53    -52    -53    -54    -53    -49    -50    -53    -54    -54    -58    -65    -74    -74    -71    -73    -72    -63    -61
   -54    -55    -56    -59    -60    -55    -54    -59    -57    -52    -53    -59    -58    -54    -53    -52    -51    -49    -50    -51    -53    -54    -55    -59    -66    -74    -74    -74    -76    -74    -66    -62
   -56    -55    -56    -55    -55    -56    -56    -58    -62    -54    -51    -51    -53    -53    -52    -51    -50    -53    -51    -51    -53    -53    -54    -56    -63    -74    -73    -73    -75    -74    -69    -66
   -54    -55    -56    -53    -51    -55    -55    -52    -60    -59    -52    -52    -51    -52    -53    -52    -51    -52    -50    -52    -56    -55    -53    -52    -60    -72    -69    -70    -75    -75    -69    -70
   -53    -54    -55    -52    -46    -50    -51    -46    -54    -63    -55    -54    -53    -53    -53    -52    -50    -48    -47    -49    -52    -54    -53    -51    -56    -65    -57    -65    -75    -75    -70    -70
   -55    -53    -54    -52    -43    -48    -50    -44    -45    -58    -58    -54    -55    -54    -52    -50    -49    -48    -47    -48    -50    -51    -52    -50    -51    -54    -49    -63    -75    -75    -72    -68
   -55    -53    -52    -49    -42    -46    -50    -44    -42    -50    -60    -59    -56    -54    -52    -50    -51    -48    -48    -50    -51    -53    -52    -47    -49    -50    -49    -64    -75    -75    -74    -69
   -53    -52    -51    -46    -42    -46    -50    -48    -50    -51    -60    -59    -55    -53    -52    -53    -52    -48    -47    -50    -53    -54    -52    -46    -48    -50    -51    -67    -75    -74    -74    -71
   -55    -54    -53    -52    -50    -49    -49    -51    -52    -51    -58    -58    -59    -55    -53    -54    -52    -49    -48    -47    -48    -52    -51    -46    -48    -51    -55    -70    -75    -75    -75    -71
   -57    -55    -54    -55    -55    -49    -48    -50    -50    -51    -58    -62    -64    -56    -54    -54    -51    -49    -49    -46    -45    -49    -49    -47    -49    -51    -58    -71    -75    -75    -75    -71
   -58    -56    -55    -54    -52    -49    -49    -52    -53    -54    -62    -68    -66    -58    -54    -53    -50    -48    -49    -46    -45    -48    -48    -49    -52    -53    -58    -70    -75    -75    -75    -70
   -58    -57    -56    -54    -50    -49    -50    -53    -55    -55    -65    -71    -64    -59    -54    -51    -49    -49    -49    -46    -46    -49    -47    -48    -54    -55    -58    -68    -75    -75    -75    -69
