   -36    -36    -36    -36    -34    -34    -37    -42    -43    -43    -43    -43    -37    -34    -34    -34    -34    -41    -40    -34    -41    -45    -41    -39    -39    -39    -34    -33    -32    -33    -33    -34
   -41    -40    -37    -36    -34    -35    -38    -43    -44    -44    -43    -43    -38    -34    -35    -35    -36    -41    -41    -39    -44    -43    -41    -38    -39    -41    -38    -36    -32    -33    -33    -33
   -41    -39    -38    -37    -35    -35    -39    -43    -44    -42    -43    -43    -38    -34    -35    -35    -36    -40    -43    -44    -43    -39    -38    -36    -37    -44    -45    -37    -32    -33    -33    -34
   -34    -32    -35    -42    -42    -41    -42    -45    -44    -42    -43    -43    -38    -35    -36    -36    -36    -40    -44    -45    -38    -34    -34    -34    -36    -47    -52    -39    -33    -33    -33    -33
   -30    -29    -31    -38    -37    -40    -43    -45    -47    -43    -42    -43    -38    -36    -36    -35    -35    -39    -44    -42    -35    -32    -33    -33    -36    -47    -54    -42    -34    -33    -34    -33
   -31    -31    -34    -39    -36    -37    -38    -38    -42    -45    -44    -43    -39    -35    -37    -40    -40    -43    -49    -45    -35    -32    -32    -33    -37    -46    -50    -44    -37    -34    -34    -34
   -34    -33    -37    -41    -38    -36    -36    -35    -36    -39    -43    -43    -41    -45    -55    -62    -64    -64    -64    -54    -39    -32    -32    -32    -36    -47    -50    -44    -38    -35    -34    -35
   -39    -36    -37    -43    -42    -35    -34    -34    -34    -35    -39    -48    -56    -64    -70    -74    -73    -70    -71    -60    -42    -34    -32    -31    -34    -45    -51    -47    -40    -36    -39    -52
   -48    -38    -38    -49    -51    -36    -33    -32    -33    -35    -38    -55    -68    -66    -67    -72    -69    -66    -65    -58    -45    -38    -34    -32    -35    -44    -51    -49    -43    -46    -60    -70
   -64    -47    -43    -58    -57    -42    -33    -31    -32    -33    -40    -61    -69    -64    -64    -67    -66    -63    -53    -50    -48    -42    -38    -35    -39    -47    -49    -49    -45    -64    -75    -69
   -67    -62    -56    -55    -57    -54    -40    -32    -32    -33    -42    -56    -51    -48    -52    -56    -58    -51    -40    -39    -43    -43    -40    -37    -43    -49    -45    -45    -54    -71    -75    -69
   -59    -61    -60    -50    -53    -56    -49    -37    -33    -36    -39    -37    -35    -34    -37    -42    -42    -35    -32    -32    -34    -41    -42    -40    -50    -58    -57    -59    -69    -74    -75    -67
   -54    -52    -52    -51    -50    -51    -52    -43    -37    -38    -35    -33    -35    -35    -35    -38    -37    -33    -32    -31    -31    -36    -42    -43    -58    -69    -71    -73    -73    -74    -75    -66
   -50    -48    -48    -49    -47    -49    -52    -50    -41    -38    -33    -33    -34    -35    -35    -44    -44    -33    -32    -31    -31    -34    -41    -51    -64    -71    -73    -73    -73    -74    -75    -65
   -49    -48    -48    -48    -46    -47    -49    -52    -47    -41    -35    -34    -36    -36    -38    -51    -48    -33    -32    -31    -31    -35    -46    -61    -71    -72    -73    -74    -74    -74    -75    -65
   -48    -48    -48    -48    -46    -45    -46    -49    -53    -49    -39    -36    -37    -36    -52    -58    -53    -39    -33    -33    -33    -38    -46    -60    -71    -71    -72    -74    -74    -74    -75    -64
   -48    -49    -49    -49    -47    -47    -47    -46    -53    -55    -44    -34    -36    -41    -42    -38    -43    -46    -39    -38    -37    -39    -41    -55    -66    -70    -73    -74    -74    -74    -75    -64
   -50    -49    -47    -48    -48    -47    -46    -44    -48    -51    -52    -36    -38    -45    -35    -32    -37    -45    -44    -42    -39    -43    -42    -51    -61    -69    -73    -74    -73    -72    -73    -67
   -48    -48    -47    -47    -48    -47    -46    -42    -41    -43    -55    -47    -42    -47    -39    -34    -36    -42    -45    -38    -39    -45    -43    -50    -60    -70    -71    -68    -65    -64    -64    -64
   -48    -48    -48    -47    -47    -47    -47    -43    -36    -35    -50    -54    -46    -46    -43    -38    -41    -46    -43    -36    -42    -46    -44    -50    -60    -71    -69    -61    -62    -64    -59    -59
   -47    -48    -48    -51    -52    -46    -46    -46    -38    -34    -46    -55    -48    -45    -44    -44    -46    -45    -40    -40    -44    -45    -45    -51    -60    -72    -73    -69    -71    -70    -59    -56
   -47    -47    -48    -53    -54    -47    -47    -52    -50    -42    -44    -52    -51    -46    -44    -44    -42    -39    -40    -42    -44    -46    -47    -51    -61    -73    -73    -73    -75    -73    -63    -57
   -48    -48    -49    -47    -46    -49    -48    -51    -56    -46    -42    -42    -44    -44    -43    -41    -40    -44    -42    -42    -45    -44    -45    -47    -57    -72    -71    -71    -75    -73    -67    -62
   -46    -47    -48    -44    -41    -47    -47    -43    -54    -52    -43    -43    -42    -43    -44    -42    -41    -43    -41    -43    -48    -47    -44    -43    -53    -70    -65    -67    -74    -74    -67    -68
   -44    -45    -47    -43    -35    -40    -41    -34    -45    -58    -48    -46    -45    -44    -44    -43    -41    -37    -36    -39    -44    -47    -44    -41    -48    -59    -49    -59    -74    -74    -68    -68
   -47    -45    -45    -43    -31    -36    -39    -32    -33    -52    -51    -45    -47    -45    -43    -40    -39    -38    -36    -38    -40    -42    -43    -39    -41    -45    -39    -57    -74    -74    -70    -65
   -47    -44    -43    -40    -30    -35    -40    -32    -30    -41    -53    -52    -48    -46    -43    -41    -42    -38    -38    -41    -43    -44    -43    -36    -38    -40    -38    -58    -73    -74    -73    -66
   -45    -43    -42    -35    -30    -35    -39    -37    -41    -41    -53    -51    -46    -44    -43    -45    -43    -38    -36    -40    -44    -46    -43    -34    -37    -40    -42    -62    -73    -73    -73    -69
   -47    -46    -45    -43    -40    -39    -38    -41    -43    -41    -51    -50    -51    -46    -45    -47    -43    -38    -37    -36    -37    -43    -41    -34    -37    -41    -46    -66    -74    -73    -74    -69
   -49    -47    -46    -47    -47    -39    -37    -40    -40    -42    -51    -55    -59    -48    -45    -47    -43    -38    -38    -35    -33    -38    -38    -36    -39    -42    -50    -68    -73    -74    -75    -69
   -51    -49    -47    -46    -43    -38    -38    -42    -45    -45    -55    -63    -61    -51    -46    -45    -41    -38    -38    -34    -33    -37    -38    -39    -43    -45    -51    -67    -74    -74    -75    -68
   -51    -50    -48    -46    -40    -38    -39    -45    -47    -47    -60    -68    -59    -51    -45    -41    -39    -38    -39    -35    -34    -37    -36    -38    -46    -47    -51    -64    -74    -74    -74    -67
