   -28    -27    -27    -27    -26    -27    -29    -31    -31    -31    -31    -31    -28    -26    -27    -26    -27    -31    -30    -27    -32    -36    -34    -33    -32    -30    -27    -28    -27    -26    -26    -26
   -30    -30    -28    -27    -27    -27    -29    -30    -31    -30    -31    -31    -28    -26    -27    -26    -27    -31    -30    -30    -35    -36    -35    -33    -32    -31    -29    -29    -27    -26    -26    -26
   -31    -29    -29    -28    -28    -28    -29    -31    -30    -30    -30    -31    -28    -26    -27    -26    -26    -30    -32    -34    -36    -35    -34    -33    -32    -33    -33    -29    -26    -26    -26    -26
   -27    -26    -28    -32    -33    -33    -32    -33    -32    -30    -30    -31    -28    -26    -27    -26    -27    -31    -33    -36    -35    -34    -34    -33    -31    -35    -36    -29    -26    -26    -26    -26
   -26    -25    -26    -31    -32    -34    -35    -35    -35    -33    -31    -30    -28    -27    -27    -26    -27    -31    -35    -36    -35    -35    -34    -32    -31    -35    -37    -30    -26    -26    -26    -26
   -27    -26    -28    -31    -32    -34    -34    -34    -35    -35    -33    -31    -29    -27    -28    -29    -31    -34    -37    -37    -35    -35    -34    -32    -32    -35    -35    -31    -28    -27    -27    -27
   -29    -28    -30    -32    -32    -33    -35    -34    -33    -32    -33    -33    -31    -32    -37    -42    -43    -44    -44    -40    -33    -33    -33    -31    -31    -35    -35    -32    -29    -27    -26    -27
   -31    -29    -30    -33    -34    -32    -34    -34    -33    -32    -32    -36    -39    -43    -46    -47    -47    -47    -47    -42    -34    -33    -32    -30    -30    -33    -35    -33    -30    -28    -29    -34
   -35    -30    -30    -37    -38    -31    -32    -33    -34    -33    -32    -39    -46    -44    -45    -47    -45    -44    -44    -41    -36    -33    -31    -30    -30    -33    -35    -33    -30    -33    -39    -41
   -42    -34    -32    -41    -41    -33    -31    -32    -34    -33    -33    -42    -46    -44    -44    -45    -44    -42    -38    -38    -37    -33    -32    -31    -32    -34    -33    -33    -32    -41    -47    -40
   -43    -41    -38    -39    -40    -38    -33    -31    -32    -32    -33    -39    -36    -35    -38    -39    -39    -37    -32    -31    -33    -33    -32    -31    -33    -34    -31    -32    -37    -45    -46    -40
   -39    -39    -40    -36    -37    -39    -36    -31    -31    -32    -31    -29    -28    -27    -29    -32    -32    -29    -26    -26    -27    -31    -33    -32    -36    -38    -38    -40    -45    -47    -47    -41
   -37    -36    -36    -36    -35    -35    -37    -34    -31    -32    -28    -26    -27    -27    -28    -30    -29    -27    -26    -26    -25    -28    -32    -33    -39    -43    -45    -48    -48    -48    -48    -42
   -36    -35    -35    -35    -34    -34    -37    -37    -33    -31    -27    -26    -26    -27    -28    -33    -33    -28    -27    -26    -25    -27    -32    -36    -41    -44    -46    -46    -47    -48    -49    -43
   -36    -35    -35    -34    -33    -33    -36    -38    -36    -32    -29    -27    -27    -28    -30    -36    -35    -28    -27    -26    -25    -28    -34    -40    -44    -44    -44    -44    -46    -48    -49    -43
   -35    -35    -34    -34    -33    -33    -35    -37    -38    -35    -30    -29    -28    -29    -38    -40    -38    -31    -27    -27    -27    -29    -34    -40    -43    -44    -43    -44    -47    -48    -49    -43
   -35    -36    -35    -35    -34    -34    -35    -34    -38    -38    -33    -28    -28    -31    -33    -31    -32    -34    -29    -29    -29    -30    -31    -37    -41    -44    -45    -46    -48    -49    -49    -44
   -36    -35    -34    -34    -34    -34    -34    -33    -35    -37    -37    -29    -29    -33    -30    -28    -29    -33    -32    -31    -30    -32    -32    -35    -39    -43    -45    -46    -46    -46    -45    -42
   -35    -35    -34    -34    -34    -34    -33    -32    -32    -33    -39    -34    -31    -34    -31    -29    -29    -31    -32    -29    -30    -33    -32    -34    -38    -43    -42    -39    -37    -35    -32    -33
   -35    -35    -35    -34    -34    -35    -34    -32    -29    -29    -36    -37    -33    -33    -32    -30    -31    -33    -31    -29    -32    -34    -33    -35    -38    -44    -40    -34    -35    -34    -28    -29
   -35    -35    -35    -36    -37    -35    -33    -32    -28    -27    -33    -37    -34    -32    -31    -31    -32    -32    -30    -30    -33    -33    -33    -35    -39    -45    -44    -42    -44    -42    -33    -30
   -35    -35    -35    -37    -38    -35    -33    -34    -32    -28    -30    -35    -34    -31    -30    -30    -29    -28    -28    -29    -31    -32    -33    -35    -40    -46    -45    -45    -47    -44    -35    -32
   -35    -35    -35    -34    -34    -35    -34    -33    -34    -28    -27    -28    -29    -29    -28    -28    -27    -29    -28    -28    -30    -30    -31    -33    -39    -46    -46    -46    -47    -45    -38    -35
   -34    -34    -35    -33    -31    -34    -34    -30    -33    -31    -27    -27    -27    -27    -28    -27    -27    -27    -26    -27    -30    -29    -30    -31    -37    -46    -44    -45    -48    -45    -39    -40
   -33    -34    -34    -32    -28    -32    -33    -28    -31    -34    -29    -28    -28    -27    -28    -28    -27    -25    -24    -25    -27    -28    -29    -30    -35    -41    -38    -43    -48    -46    -40    -41
   -35    -33    -33    -32    -27    -31    -33    -29    -27    -33    -31    -28    -29    -28    -27    -27    -27    -26    -25    -25    -25    -25    -28    -29    -32    -35    -34    -43    -48    -46    -42    -40
   -35    -33    -32    -31    -26    -30    -34    -30    -27    -30    -35    -33    -30    -28    -28    -29    -30    -28    -27    -27    -26    -26    -28    -28    -31    -33    -33    -43    -48    -46    -43    -39
   -33    -32    -32    -29    -26    -30    -33    -32    -32    -32    -37    -34    -29    -28    -30    -32    -32    -30    -28    -28    -27    -28    -29    -28    -31    -33    -33    -43    -48    -45    -43    -40
   -34    -34    -33    -32    -32    -32    -33    -33    -33    -32    -35    -33    -33    -30    -32    -33    -32    -30    -30    -28    -27    -29    -30    -28    -30    -32    -35    -45    -48    -46    -44    -40
   -35    -34    -34    -34    -35    -33    -33    -33    -31    -32    -35    -36    -37    -33    -33    -34    -32    -31    -32    -30    -28    -30    -30    -29    -31    -32    -36    -45    -48    -46    -45    -40
   -36    -35    -34    -34    -34    -33    -33    -33    -33    -33    -38    -41    -39    -35    -34    -33    -32    -32    -33    -31    -30    -32    -31    -30    -32    -33    -36    -44    -47    -46    -45    -40
   -36    -36    -35    -34    -32    -34    -34    -34    -34    -34    -40    -44    -40    -36    -34    -32    -32    -33    -34    -32    -31    -33    -31    -30    -33    -35    -36    -42    -47    -46    -45    -40
