   -35    -35    -35    -36    -38    -38    -33    -26    -25    -25    -25    -25    -34    -39    -38    -38    -38    -29    -30    -37    -25    -16    -22    -26    -28    -29    -38    -38    -40    -40    -40    -39
   -27    -30    -34    -36    -38    -37    -32    -26    -25    -25    -25    -24    -33    -38    -37    -37    -37    -29    -28    -29    -17    -19    -22    -27    -27    -26    -32    -34    -40    -40    -40    -39
   -27    -31    -33    -33    -35    -35    -30    -25    -25    -27    -26    -25    -33    -38    -37    -37    -37    -30    -25    -19    -18    -24    -26    -30    -29    -20    -20    -33    -40    -39    -40    -39
   -39    -43    -37    -25    -23    -25    -24    -21    -22    -26    -25    -25    -33    -38    -36    -36    -36    -29    -21    -16    -23    -30    -31    -32    -32    -15     -9    -30    -39    -39    -39    -39
   -45    -46    -42    -29    -29    -25    -21    -17    -15    -21    -25    -26    -32    -36    -36    -37    -38    -31    -20    -19    -27    -31    -33    -34    -31    -14     -6    -25    -38    -39    -39    -39
   -43    -43    -38    -28    -30    -28    -26    -26    -20    -17    -21    -25    -31    -37    -34    -30    -28    -23    -13    -15    -28    -32    -33    -35    -30    -15    -11    -23    -33    -38    -39    -38
   -38    -39    -33    -25    -28    -30    -28    -29    -29    -25    -21    -23    -28    -22     -7      4      7      7      8     -4    -25    -33    -34    -36    -30    -15    -11    -22    -31    -36    -38    -37
   -31    -35    -32    -22    -22    -32    -31    -31    -31    -31    -26    -15     -4      7     16     21     19     17     18      2    -22    -32    -35    -37    -33    -18    -10    -18    -29    -35    -31    -13
   -18    -32    -32    -12     -8    -30    -34    -33    -31    -31    -28     -5     14     10     13     19     15     10      9      0    -18    -27    -34    -36    -32    -19    -10    -15    -25    -20      0     12
     3    -20    -24      0      0    -23    -34    -35    -33    -33    -26      3     15      7      9     12     10      6     -8    -11    -15    -24    -29    -32    -27    -16    -13    -15    -21      6     21     10
     8      0     -6     -6     -1     -5    -25    -35    -36    -35    -24     -5    -13    -17    -10     -4     -1    -12    -28    -29    -23    -23    -26    -29    -21    -13    -21    -21     -9     16     20     10
    -4     -1     -1    -14     -9     -2    -12    -30    -35    -32    -30    -35    -38    -39    -35    -27    -26    -36    -42    -42    -38    -27    -23    -25    -12     -2     -4     -1     13     20     21      9
   -11    -14    -14    -14    -14    -12     -9    -21    -31    -30    -38    -42    -40    -40    -39    -34    -34    -40    -42    -43    -43    -34    -23    -21     -2     12     16     20     20     20     21      7
   -16    -19    -19    -17    -19    -16     -9    -11    -23    -30    -40    -43    -41    -39    -39    -24    -24    -41    -42    -43    -44    -38    -25    -11      5     16     18     19     19     20     22      8
   -17    -19    -19    -19    -21    -20    -15     -7    -14    -26    -36    -39    -37    -37    -32    -14    -17    -40    -42    -43    -43    -36    -18      3     15     16     18     18     20     21     22      7
   -18    -18    -19    -19    -22    -22    -19    -13     -7    -14    -31    -35    -35    -36    -11     -3    -10    -30    -41    -40    -39    -32    -18      2     15     15     16     18     21     21     22      5
   -18    -16    -17    -16    -20    -20    -18    -19     -8     -6    -22    -37    -35    -27    -25    -31    -25    -20    -31    -33    -33    -31    -26     -5      7     14     18     19     21     21     22      6
   -15    -16    -19    -19    -18    -19    -20    -24    -16    -11    -10    -35    -33    -23    -36    -41    -34    -22    -23    -27    -31    -24    -24    -11      0     12     19     19     18     17     18      8
   -17    -17    -19    -19    -18    -20    -21    -26    -28    -24     -7    -19    -28    -20    -30    -37    -35    -26    -22    -32    -31    -21    -22    -14     -1     13     14      8      4      1      0      0
   -18    -17    -18    -19    -19    -18    -21    -26    -35    -36    -14     -9    -20    -21    -26    -32    -28    -20    -25    -35    -27    -20    -21    -12      0     15     10     -2     -1      0     -9     -9
   -19    -17    -18    -13    -11    -20    -22    -23    -34    -38    -20     -7    -17    -23    -25    -24    -20    -22    -30    -29    -23    -20    -20    -12      0     17     17     11     15     12     -7    -11
   -20    -19    -18    -11     -9    -19    -21    -13    -16    -27    -23    -12    -13    -21    -24    -25    -28    -31    -31    -28    -24    -21    -18    -11      1     18     18     18     21     16      0     -9
   -17    -18    -17    -19    -20    -16    -18    -15     -7    -22    -28    -28    -24    -25    -27    -28    -30    -25    -27    -27    -23    -24    -21    -17     -2     18     17     17     21     18      6      0
   -21    -19    -17    -23    -27    -19    -19    -26    -10    -13    -27    -27    -28    -26    -25    -27    -29    -26    -29    -26    -19    -21    -24    -24     -9     15      9     11     21     19      6      9
   -23    -22    -20    -25    -36    -27    -25    -37    -22     -4    -20    -23    -24    -25    -24    -26    -30    -35    -37    -32    -26    -22    -25    -26    -16      1    -12      1     21     20      8      9
   -19    -23    -22    -26    -41    -31    -26    -38    -39    -13    -15    -24    -21    -23    -25    -30    -32    -35    -36    -34    -32    -29    -26    -29    -25    -19    -27      0     21     19     12      5
   -19    -24    -25    -30    -45    -35    -25    -38    -44    -29    -10    -12    -18    -22    -26    -29    -28    -32    -33    -30    -28    -26    -26    -34    -30    -27    -29      0     20     19     17      6
   -23    -25    -26    -37    -45    -35    -27    -31    -28    -27     -8    -11    -19    -23    -25    -23    -25    -32    -35    -30    -25    -23    -25    -36    -31    -27    -24      5     20     18     17      9
   -19    -21    -22    -26    -29    -29    -28    -25    -25    -27    -12    -13    -11    -20    -22    -21    -26    -31    -32    -34    -34    -26    -27    -36    -32    -26    -18     11     21     19     18     10
   -16    -19    -21    -19    -19    -29    -29    -27    -29    -26    -11     -5      0    -16    -21    -20    -26    -31    -30    -34    -39    -31    -30    -34    -30    -25    -13     13     20     19     19     10
   -13    -17    -19    -21    -24    -29    -28    -24    -23    -22     -5      6      2    -12    -20    -22    -28    -31    -29    -34    -37    -31    -31    -31    -26    -23    -12     10     20     20     20      8
   -13    -15    -17    -20    -28    -28    -27    -22    -20    -19      1     13      0    -10    -21    -27    -29    -29    -27    -34    -34    -29    -33    -32    -22    -20    -13      6     20     20     19      7
