    19     20     20     21     25     23     15      3      2      2      2      3     17     26     23     25     22      5      9     23      2    -10     -2      3      7      9     22     23     26     26     26     26
     6     10     17     21     24     22     14      4      2      3      2      2     16     25     23     24     22      6      6     10     -8     -7     -2      5      6      4     13     16     27     26     26     26
     5     11     15     17     19     20     11      3      3      6      4      3     16     25     23     24     23      8      1     -5     -7      0      2      9      9     -4     -3     16     27     26     26     26
    24     29     21      2      0      1      1     -3      0      6      4      3     16     24     21     22     21      6     -4     -9      0      7      8     11     12    -12    -22     12     27     26     26     26
    33     34     29      9      9      1     -4     -9    -11     -2      3      4     15     21     21     24     23      8     -6     -6      5      9     10     13     12    -12    -25      5     25     26     25     26
    29     29     22      8     10      5      3      3     -4     -8     -2      2     13     23     17     11      6     -3    -18    -13      5      9     11     14      9    -11    -16      1     17     25     24     24
    20     23     14      4      7      7      4      6      8      5     -1      0      6     -3    -27    -47    -54    -53    -55    -32      2     12     14     17     11    -10    -16      0     13     21     24     22
     8     16     13      0     -1     11      8      8     10     12      5    -14    -32    -51    -66    -75    -73    -68    -70    -43     -3     11     16     20     17     -5    -17     -6      9     19     13    -16
   -12     11     12    -18    -24     11     14     12      9     10      7    -31    -64    -58    -61    -71    -64    -57    -56    -40    -10      4     14     18     16     -3    -17    -10      4     -5    -39    -56
   -49     -9      0    -38    -38      0     16     16     11     12      2    -46    -65    -53    -55    -60    -56    -49    -26    -22    -16     -1      7     13      7     -9    -11     -9     -1    -49    -74    -52
   -56    -44    -31    -30    -36    -28      3     17     16     14     -1    -32    -19    -12    -24    -33    -36    -20      5      7     -2     -1      4      9     -1    -13      0     -2    -24    -66    -74    -53
   -36    -39    -39    -17    -24    -33    -16     10     16      9      8     16     20     23     16      3      1     18     28     29     23      5      0      4    -16    -32    -31    -38    -63    -75    -76    -52
   -24    -19    -19    -19    -16    -16    -22     -3     11      7     20     27     23     22     21     13     15     24     28     30     32     17      1     -1    -34    -58    -68    -75    -75    -76    -78    -52
   -17    -11    -12    -14     -8    -11    -22    -20      0      8     24     29     27     22     21     -2     -3     24     26     30     32     24      3    -18    -48    -65    -70    -73    -74    -76    -79    -54
   -16    -11    -11    -11     -6     -6    -14    -25    -14      3     18     22     19     19     10    -19    -13     23     27     29     31     20     -7    -42    -63    -66    -67    -68    -73    -76    -79    -53
   -14    -13    -11    -10     -5     -4     -9    -17    -26    -15     10     17     17     18    -23    -38    -25      8     25     25     25     14     -7    -40    -63    -65    -64    -67    -75    -77    -79    -51
   -13    -15    -13    -14     -8     -9    -10     -8    -25    -29     -4     21     17      4      0      9      0     -7     12     14     15     11      4    -27    -50    -63    -69    -72    -78    -78    -79    -53
   -16    -15    -10     -9    -11    -10     -8     -1    -14    -21    -24     17     13     -3     17     26     14     -2      0      5     11      0      2    -17    -39    -60    -71    -73    -72    -69    -69    -53
   -13    -12     -9     -9    -10     -8     -6      1      4     -2    -30     -9      5     -7      7     19     16      3     -2     13     10     -4      0    -13    -36    -61    -61    -49    -42    -35    -28    -31
   -12    -13    -11     -8     -8    -11     -7      1     16     17    -16    -25     -6     -5      1     11      5     -6      2     17      3     -6     -2    -16    -37    -64    -53    -30    -32    -33    -12    -13
   -10    -13    -11    -19    -23     -8     -5     -2     17     24     -5    -26    -10     -1      1      0     -5     -2     10      7     -2     -5     -4    -15    -38    -69    -67    -57    -64    -58    -22    -14
    -9    -11    -11    -23    -27    -10     -6    -17     -9      9      2    -17    -15     -2      2      4      9     15     13      8      1     -3     -6    -17    -41    -71    -70    -69    -76    -66    -34    -18
   -14    -12    -13     -9     -8    -14    -10    -13    -22      5     12     11      4      6      8     12     16      6     10     10      2      3     -1     -7    -34    -71    -69    -69    -75    -69    -46    -33
    -7     -9    -12     -2      5     -9     -8      4    -18    -10     11     10     12     10      8     11     14     10     15      9     -2      1      4      3    -23    -66    -56    -60    -76    -71    -47    -51
    -4     -5     -8      0     19      4      1     20      0    -25      0      5      7      9      7     10     14     23     27     20     10      3      6      7    -12    -42    -21    -45    -77    -72    -51    -52
   -10     -4     -5      1     27     11      2     21     25    -13     -8      6      2      6      9     15     16     21     25     21     19     15      9     11      2     -7      2    -43    -77    -72    -58    -46
   -11     -2      0      8     33     17      0     21     30      7    -19    -13     -2      4      9      9      7     15     18     14     14     12      8     18      9      3      5    -43    -76    -71    -65    -47
    -4      0      1     19     32     16      3     10      3      2    -25    -14      0      6      5     -2      0     12     19     13      8      5      6     21     11      3      0    -51    -75    -69    -65    -51
   -10     -6     -4      0      5      6      6      0      0      2    -17    -11    -13      0     -1     -7      0     10     13     17     19      6      7     20     12      2    -10    -60    -76    -71    -67    -53
   -15    -10     -7     -9    -10      5      7      3      6      1    -18    -26    -32     -9     -5     -8      1      8      7     16     24     11     11     16      8      1    -19    -63    -75    -73    -71    -53
   -19    -14     -9     -7     -2      6      5     -1     -4     -5    -29    -47    -40    -16     -7     -4      4      8      4     14     19      9     10     10      1     -3    -20    -58    -75    -73    -71    -52
   -19    -16    -13     -8      3      4      2     -6     -8     -9    -41    -59    -38    -20     -5      3      7      5      2     13     14      6     12     10     -5    -11    -19    -51    -74    -73    -71    -49
