   -30    -31    -31    -30    -29    -29    -32    -37    -38    -38    -38    -38    -32    -28    -29    -30    -28    -31    -32    -30    -43    -52    -48    -44    -41    -37    -30    -29    -27    -27    -27    -28
   -36    -34    -32    -31    -30    -31    -33    -37    -37    -36    -38    -38    -32    -28    -29    -29    -27    -31    -35    -40    -52    -51    -48    -43    -41    -41    -35    -32    -28    -28    -27    -27
   -36    -33    -32    -34    -34    -33    -36    -38    -36    -35    -37    -38    -32    -28    -29    -29    -27    -31    -39    -51    -54    -48    -45    -41    -40    -47    -44    -33    -28    -28    -27    -27
   -26    -23    -29    -41    -44    -43    -42    -44    -42    -38    -38    -38    -32    -28    -30    -30    -28    -33    -43    -54    -53    -45    -42    -39    -39    -52    -54    -36    -29    -28    -27    -27
   -22    -20    -25    -39    -41    -44    -48    -50    -51    -47    -40    -37    -33    -30    -30    -30    -29    -32    -45    -52    -50    -44    -41    -38    -40    -54    -57    -40    -30    -28    -27    -27
   -24    -22    -28    -40    -41    -43    -45    -46    -51    -52    -44    -39    -34    -29    -31    -35    -36    -39    -50    -54    -48    -44    -40    -37    -41    -54    -54    -42    -33    -29    -28    -28
   -28    -27    -34    -42    -42    -41    -43    -43    -44    -46    -47    -44    -37    -40    -50    -59    -62    -63    -66    -59    -46    -42    -40    -37    -41    -53    -54    -43    -35    -30    -28    -29
   -32    -30    -35    -45    -46    -39    -41    -42    -42    -42    -44    -50    -56    -63    -69    -73    -72    -71    -73    -63    -47    -40    -38    -36    -39    -51    -54    -47    -37    -31    -33    -46
   -40    -30    -34    -53    -56    -40    -39    -41    -42    -42    -42    -57    -70    -67    -70    -73    -70    -67    -67    -61    -48    -41    -37    -37    -40    -50    -55    -49    -40    -42    -56    -64
   -54    -38    -38    -60    -62    -45    -39    -39    -41    -40    -42    -62    -69    -65    -68    -70    -67    -64    -53    -51    -48    -42    -40    -39    -43    -51    -52    -48    -42    -61    -71    -62
   -57    -52    -50    -53    -59    -58    -45    -38    -37    -36    -40    -52    -46    -44    -51    -55    -56    -49    -37    -36    -40    -41    -41    -41    -46    -50    -43    -42    -50    -67    -70    -63
   -48    -49    -51    -44    -52    -61    -54    -41    -35    -35    -33    -27    -24    -23    -27    -35    -37    -29    -25    -24    -28    -39    -44    -43    -52    -56    -54    -56    -65    -70    -71    -62
   -43    -40    -41    -43    -46    -51    -55    -47    -38    -36    -26    -21    -21    -21    -23    -28    -29    -25    -23    -23    -23    -33    -44    -45    -57    -65    -68    -70    -70    -70    -71    -61
   -40    -37    -38    -40    -39    -44    -53    -55    -45    -37    -25    -21    -21    -22    -23    -36    -37    -24    -23    -23    -23    -29    -43    -52    -60    -67    -69    -69    -70    -71    -72    -61
   -40    -38    -38    -39    -37    -39    -48    -57    -51    -41    -29    -25    -26    -26    -30    -44    -41    -25    -23    -23    -23    -30    -48    -63    -67    -67    -68    -68    -71    -71    -72    -61
   -40    -40    -39    -39    -37    -37    -43    -51    -55    -49    -34    -30    -28    -28    -47    -53    -47    -33    -25    -26    -26    -33    -47    -62    -66    -67    -67    -67    -71    -71    -72    -60
   -40    -42    -41    -42    -39    -39    -42    -44    -53    -54    -41    -28    -29    -35    -37    -33    -37    -41    -32    -32    -31    -34    -42    -56    -61    -66    -68    -69    -71    -71    -72    -61
   -43    -42    -41    -41    -41    -40    -40    -38    -45    -48    -49    -30    -31    -38    -29    -25    -31    -40    -40    -37    -33    -39    -43    -51    -56    -65    -69    -69    -69    -68    -68    -61
   -42    -42    -41    -41    -42    -40    -39    -35    -35    -38    -51    -41    -34    -39    -33    -28    -31    -38    -41    -34    -34    -41    -45    -50    -55    -65    -65    -60    -57    -55    -52    -52
   -41    -42    -42    -41    -41    -41    -38    -34    -28    -29    -45    -49    -39    -39    -35    -31    -36    -42    -38    -31    -36    -42    -45    -51    -56    -66    -61    -51    -53    -53    -44    -44
   -40    -42    -41    -45    -47    -40    -37    -36    -29    -28    -42    -51    -43    -38    -36    -38    -41    -39    -33    -34    -38    -42    -45    -50    -58    -68    -67    -62    -65    -62    -46    -43
   -40    -41    -42    -47    -49    -41    -39    -44    -43    -37    -40    -49    -47    -40    -37    -38    -36    -33    -33    -36    -38    -42    -45    -51    -59    -69    -68    -68    -70    -66    -52    -46
   -42    -42    -43    -41    -41    -44    -42    -44    -50    -40    -36    -36    -39    -38    -37    -36    -35    -39    -37    -37    -40    -39    -43    -46    -56    -70    -69    -69    -70    -67    -57    -53
   -39    -41    -42    -38    -36    -43    -42    -37    -49    -47    -36    -37    -36    -37    -38    -37    -35    -37    -35    -38    -43    -41    -40    -41    -52    -69    -65    -66    -71    -69    -58    -61
   -37    -39    -40    -36    -30    -39    -40    -31    -40    -52    -41    -39    -38    -38    -40    -37    -34    -30    -29    -33    -37    -40    -39    -39    -47    -60    -51    -60    -72    -69    -60    -61
   -40    -38    -39    -36    -26    -37    -41    -31    -28    -46    -44    -38    -41    -40    -39    -34    -31    -30    -29    -31    -32    -35    -38    -37    -41    -45    -41    -60    -72    -69    -64    -59
   -41    -37    -36    -33    -22    -33    -43    -31    -24    -33    -50    -50    -46    -42    -38    -34    -34    -31    -31    -35    -35    -36    -38    -34    -38    -39    -39    -59    -72    -69    -66    -59
   -38    -36    -35    -28    -21    -31    -42    -36    -34    -34    -53    -53    -47    -42    -38    -37    -35    -32    -31    -35    -38    -39    -39    -32    -36    -39    -41    -63    -72    -68    -66    -61
   -41    -39    -38    -36    -34    -36    -41    -40    -35    -35    -51    -51    -52    -44    -40    -39    -34    -32    -33    -33    -33    -38    -38    -32    -35    -39    -45    -67    -72    -69    -67    -61
   -43    -41    -39    -41    -41    -38    -40    -38    -32    -36    -51    -57    -60    -47    -41    -39    -35    -33    -36    -33    -30    -35    -36    -33    -35    -38    -48    -68    -72    -70    -69    -60
   -45    -42    -41    -40    -38    -38    -40    -39    -36    -39    -55    -65    -62    -50    -43    -39    -35    -35    -38    -34    -32    -37    -36    -34    -36    -38    -48    -65    -71    -70    -70    -59
   -45    -43    -42    -40    -36    -40    -41    -40    -38    -41    -59    -69    -60    -51    -43    -38    -37    -38    -40    -35    -35    -40    -35    -33    -37    -38    -46    -62    -71    -70    -70    -58
