   -38    -38    -37    -36    -33    -34    -42    -53    -54    -54    -55    -54    -40    -32    -34    -33    -35    -51    -48    -34    -54    -66    -58    -52    -49    -48    -35    -34    -31    -31    -31    -32
   -51    -47    -40    -36    -33    -35    -43    -52    -55    -54    -54    -55    -41    -33    -35    -34    -36    -51    -50    -46    -64    -62    -58    -51    -50    -52    -43    -40    -31    -31    -31    -31
   -51    -46    -42    -40    -38    -37    -45    -54    -54    -51    -53    -54    -41    -33    -35    -34    -35    -49    -55    -61    -63    -55    -53    -47    -47    -60    -60    -41    -30    -31    -31    -31
   -34    -28    -36    -54    -55    -54    -55    -60    -57    -51    -53    -53    -41    -34    -36    -36    -37    -50    -60    -65    -55    -47    -47    -45    -44    -68    -77    -44    -31    -32    -32    -32
   -25    -24    -29    -47    -47    -54    -60    -65    -67    -58    -53    -53    -42    -36    -37    -34    -35    -48    -62    -61    -49    -46    -45    -43    -44    -68    -80    -52    -33    -32    -32    -32
   -29    -28    -35    -48    -46    -50    -52    -52    -60    -64    -59    -54    -44    -35    -40    -46    -50    -59    -73    -68    -49    -45    -44    -41    -46    -67    -72    -55    -40    -33    -33    -34
   -37    -34    -43    -52    -48    -48    -51    -49    -48    -51    -58    -57    -50    -60    -83   -101   -107   -107   -108    -86    -53    -43    -41    -38    -45    -66    -72    -56    -44    -36    -33    -36
   -48    -40    -44    -57    -57    -44    -47    -47    -45    -44    -51    -69    -87   -105   -119   -127   -126   -121   -122    -97    -59    -44    -39    -36    -40    -61    -73    -63    -47    -38    -44    -72
   -68    -45    -45    -73    -79    -45    -42    -43    -45    -46    -49    -85   -117   -111   -114   -123   -117   -111   -109    -94    -66    -51    -42    -38    -41    -60    -73    -66    -53    -62    -94   -111
  -103    -65    -57    -92    -92    -56    -40    -40    -43    -43    -53   -100   -118   -106   -109   -113   -109   -103    -81    -77    -71    -57    -49    -43    -49    -65    -68    -66    -58   -103   -127   -107
  -110    -98    -86    -85    -90    -83    -53    -38    -39    -41    -57    -87    -74    -68    -79    -88    -91    -75    -51    -49    -58    -58    -52    -47    -58    -69    -58    -59    -79   -119   -127   -108
   -91    -94    -94    -73    -79    -88    -72    -46    -40    -46    -48    -41    -37    -35    -41    -53    -55    -39    -30    -29    -34    -51    -56    -52    -72    -88    -87    -93   -116   -128   -129   -107
   -79    -74    -75    -75    -72    -73    -77    -59    -45    -48    -37    -31    -35    -35    -37    -44    -42    -33    -29    -28    -26    -40    -55    -58    -89   -112   -121   -127   -127   -129   -130   -106
   -72    -67    -68    -70    -65    -68    -77    -75    -56    -48    -33    -29    -31    -35    -36    -59    -59    -33    -31    -28    -26    -34    -53    -74   -102   -119   -123   -125   -127   -128   -131   -108
   -71    -67    -67    -67    -62    -63    -70    -80    -69    -53    -39    -35    -38    -38    -46    -74    -69    -34    -31    -28    -27    -37    -64    -97   -117   -119   -121   -122   -126   -128   -131   -107
   -69    -69    -67    -67    -61    -61    -65    -73    -81    -71    -47    -40    -40    -39    -78    -92    -80    -48    -32    -32    -33    -43    -63    -95   -117   -118   -118   -121   -127   -129   -131   -105
   -69    -71    -69    -70    -64    -65    -66    -64    -81    -84    -60    -36    -40    -52    -56    -47    -56    -63    -45    -43    -42    -46    -52    -82   -105   -116   -123   -125   -130   -130   -131   -106
   -72    -71    -66    -66    -67    -66    -64    -58    -69    -76    -79    -40    -44    -60    -40    -31    -42    -59    -57    -52    -46    -56    -54    -73    -94   -114   -124   -125   -124   -122   -123   -107
   -69    -68    -66    -66    -67    -64    -63    -55    -52    -59    -84    -65    -52    -64    -49    -37    -40    -53    -58    -43    -46    -60    -57    -70    -91   -114   -115   -104    -97    -92    -86    -88
   -68    -69    -67    -65    -64    -67    -64    -55    -40    -39    -72    -81    -63    -62    -55    -45    -51    -63    -54    -40    -53    -62    -59    -72    -92   -118   -108    -87    -89    -90    -72    -72
   -66    -69    -67    -74    -78    -64    -62    -59    -40    -33    -62    -82    -66    -58    -56    -56    -62    -59    -47    -49    -58    -61    -61    -72    -93   -122   -121   -111   -117   -112    -80    -72
   -65    -67    -68    -78    -82    -66    -63    -73    -66    -48    -55    -74    -71    -59    -55    -53    -48    -43    -44    -49    -55    -60    -63    -73    -96   -124   -123   -122   -129   -120    -90    -76
   -69    -68    -69    -65    -64    -70    -67    -70    -79    -53    -46    -47    -53    -51    -49    -46    -42    -51    -47    -47    -55    -54    -58    -64    -89   -123   -121   -121   -128   -122   -102    -90
   -63    -66    -68    -58    -52    -65    -64    -52    -75    -68    -47    -48    -46    -48    -50    -47    -44    -48    -43    -49    -60    -56    -53    -54    -79   -119   -109   -113   -129   -125   -102   -106
   -60    -62    -65    -55    -38    -52    -55    -37    -57    -82    -57    -53    -51    -49    -51    -48    -44    -35    -32    -38    -48    -54    -51    -50    -68    -96    -76    -99   -129   -125   -106   -107
   -66    -60    -61    -55    -30    -45    -53    -35    -32    -70    -66    -52    -55    -52    -49    -43    -42    -37    -34    -37    -39    -43    -49    -46    -54    -63    -53    -97   -129   -125   -113   -101
   -67    -59    -57    -49    -25    -40    -55    -35    -28    -49    -76    -70    -60    -54    -49    -48    -50    -42    -40    -44    -44    -47    -49    -39    -47    -52    -50    -96   -128   -124   -119   -102
   -60    -56    -55    -38    -26    -40    -52    -46    -53    -53    -80    -70    -57    -51    -52    -59    -56    -45    -38    -44    -49    -52    -51    -36    -45    -52    -56   -104   -128   -123   -119   -107
   -66    -62    -61    -55    -51    -50    -50    -55    -57    -54    -73    -68    -70    -58    -58    -63    -56    -46    -44    -40    -39    -51    -50    -37    -44    -53    -66   -113   -128   -124   -121   -108
   -71    -66    -63    -66    -66    -51    -48    -53    -50    -55    -74    -82    -88    -66    -61    -64    -55    -48    -49    -41    -33    -45    -46    -41    -48    -55    -74   -116   -128   -126   -124   -108
   -74    -69    -66    -63    -59    -50    -51    -57    -60    -61    -84   -102    -94    -72    -63    -61    -52    -48    -51    -42    -37    -47    -46    -47    -55    -60    -76   -111   -128   -126   -125   -107
   -74    -72    -69    -64    -52    -52    -53    -62    -64    -65    -95   -113    -92    -76    -61    -53    -49    -50    -53    -43    -42    -49    -44    -46    -62    -67    -74   -105   -127   -126   -124   -104
