    -9     -9     -9    -10    -13    -12     -5      4      5      5      5      4     -7    -14    -12    -13    -11      3      0    -12      3     12      5      0     -1     -1    -12    -12    -15    -14    -14    -14
     2     -1     -7    -10    -13    -12     -4      4      6      5      5      5     -6    -13    -11    -12    -10      3      2     -3     10      8      5      0      0      2     -4     -7    -15    -14    -14    -14
     2     -1     -5     -7    -10    -10     -3      4      5      2      4      4     -5    -13    -11    -12    -10      1      5      8      8      2      0     -4     -3      8      9     -7    -16    -15    -14    -14
   -12    -17    -10      3      4      3      4      9      7      2      3      4     -5    -12    -10    -10     -9      1      9     10      0     -5     -4     -6     -6     14     24     -3    -15    -14    -14    -14
   -20    -21    -17     -2     -3      2      8     12     13      6      4      4     -5    -10    -10    -12    -12      0     10      7     -4     -6     -6     -7     -6     14     26      2    -14    -14    -13    -14
   -17    -17    -11     -1     -4     -1      0      0      6     10      8      5     -3    -11     -6     -2      0      9     20     14     -4     -7     -7     -9     -4     13     18      5     -7    -13    -13    -12
   -10    -12     -5      1     -2     -3     -1     -2     -3      0      5      6      1     10     30     46     51     51     51     31      0     -8     -9    -11     -5     13     19      6     -4    -10    -13    -10
     0     -6     -4      5      5     -5     -4     -4     -6     -6      0     16     33     49     62     69     68     63     64     41      7     -6    -10    -13    -10      8     20     12     -1     -8     -3     21
    18     -1     -3     20     24     -4     -9     -8     -6     -5     -1     31     59     54     56     65     60     54     52     38     13      0     -8    -11     -9      7     20     15      3     12     40     56
    50     16      7     37     36      4    -10    -11     -8     -7      2     44     60     50     51     55     53     47     27     23     18      6     -1     -7     -1     12     15     14      8     48     70     53
    56     45     33     32     35     28      1    -11    -11     -8      6     33     23     17     26     34     37     23      2      0      8      7      1     -3      6     17      7      9     27     63     70     54
    39     42     41     22     26     32     18     -4     -9     -3      0     -5     -8    -10     -5      4      5     -8    -16    -16    -12      1      4      0     19     34     34     39     60     70     71     52
    29     25     25     24     21     20     23      7     -4      0     -9    -13     -9     -9     -8     -3     -4    -12    -15    -17    -19     -8      4      6     35     56     64     70     70     71     72     51
    22     17     18     20     15     17     24     21      4     -1    -13    -15    -13     -9     -9     10     10    -12    -14    -17    -18    -12      2     21     48     62     66     68     69     70     73     53
    21     18     17     17     13     13     18     26     16      3     -8    -10     -7     -7     -1     23     18    -11    -14    -17    -18     -9     12     41     61     63     65     66     69     71     73     52
    19     19     17     17     12     11     14     20     27     19     -1     -7     -6     -7     26     38     28      0    -13    -14    -13     -4     11     40     61     62     62     65     70     71     73     50
    19     20     19     19     14     15     16     13     27     30     10    -10     -7      3      7     -1      7     13     -2     -4     -5     -2      1     29     50     60     66     68     72     72     73     51
    21     20     16     15     17     16     14      8     18     24     26     -7     -3     10     -7    -15     -5      9      8      2     -1      6      3     20     40     58     67     68     67     65     66     52
    18     18     15     15     16     14     13      6      3      9     32     15      3     14      1     -9     -7      3      8     -4     -1     10      5     17     38     59     60     50     44     40     36     37
    17     18     17     14     14     16     14      7     -6     -7     21     29     13     12      6     -2      2     12      4     -7      4     12      8     19     39     62     54     35     37     38     24     24
    16     18     16     23     26     14     12     10     -6    -13     11     29     16      9      7      7     11      9      0      0      9     11      9     19     39     66     65     56     62     58     30     23
    15     16     17     26     29     15     13     23     16      0      5     22     20      9      6      4      0     -4     -3      1      6     10     12     21     41     67     67     66     71     64     39     26
    19     17     19     15     14     19     16     19     28      4     -1     -1      4      3      1     -1     -5      2      0      0      5      4      8     13     35     66     64     64     70     66     49     38
    13     15     17      9      2     14     13      3     24     17      0      0     -1      0      1     -1     -3      0     -4      0     10      7      3      3     26     62     53     56     71     68     49     52
    10     12     14      6     -9      2      4    -10      7     30      9      5      2      1      2      0     -3    -10    -14     -8      0      6      2      0     16     41     22     43     71     69     52     52
    16     11     12      6    -16     -4      2    -12    -14     20     16      4      7      3      0     -4     -4     -9    -12     -9     -7     -3      0     -2      3     11      2     41     71     68     58     47
    16      9      7      0    -20     -8      3    -12    -18      1     24     18      9      4      0      0      2     -4     -7     -3     -2      0      1     -8     -2      2      0     41     70     68     64     48
    11      7      6     -8    -19     -7      1     -3      4      4     27     18      6      2      3     10      7     -2     -8     -3      1      4      2    -11     -4      2      5     48     70     66     64     53
    16     13     11      6      3      0      0      5      8      5     20     15     17      7      8     14      7     -1     -4     -8     -8      2      0    -11     -4      3     15     56     70     67     65     54
    20     16     13     15     15      1     -1      3      2      6     21     28     34     14     11     14      6      0      0     -7    -13     -3     -2     -6      0      5     22     59     70     69     68     54
    23     19     15     13      9      0      0      7     11     11     30     46     39     20     12     11      3     -1      0     -7    -11     -2     -2     -1      6     10     23     55     70     69     68     53
    23     21     18     14      3      1      2     12     15     15     40     56     37     23     10      3      0      0      2     -6     -7     -1     -5     -1     12     17     23     49     69     69     68     51
