     0      0      1      1      2      1      0     -3     -3     -3     -3     -2      0      2      1      2      0     -5     -2      1     -3     -5     -4     -4     -2     -2      0      0      0      1      1      1
    -2     -1      0      1      2      1      0     -2     -3     -2     -2     -2      0      1      1      2      0     -4     -2      0     -5     -6     -5     -4     -3     -2      0      0      1      1      1      2
    -3     -2      0      0      0      0      0     -2     -2     -1     -2     -2      0      1      1      2      1     -3     -3     -3     -5     -6     -5     -4     -2     -3     -3      0      2      1      1      2
     0      1      0     -2     -3     -3     -3     -4     -2     -1     -2     -2      0      1      1      2      0     -4     -5     -4     -4     -5     -5     -4     -2     -5     -6      0      2      1      1      1
     1      1      1     -1     -2     -4     -5     -5     -5     -2     -2     -2      0      1      1      2      1     -4     -6     -5     -4     -6     -6     -4     -2     -4     -6      0      2      2      1      1
     0      0      0     -2     -2     -4     -5     -4     -4     -4     -3     -2      0      1      0      0     -3     -7     -9     -7     -5     -6     -6     -4     -2     -4     -4     -1      0      1      1      1
    -2     -1     -1     -2     -2     -4     -6     -6     -3     -1     -3     -3     -2     -4     -9    -14    -16    -16    -15    -10     -3     -4     -4     -2     -1     -4     -4     -2      0      0      1      1
    -5     -2     -2     -3     -4     -3     -5     -6     -4     -2     -2     -6    -11    -14    -17    -19    -19    -18    -18    -12     -5     -4     -3     -1      0     -2     -4     -2     -1      0      0     -5
    -9     -3     -2     -7     -8     -2     -3     -5     -5     -4     -3    -10    -17    -16    -16    -18    -17    -15    -16    -13     -7     -5     -3     -1      0     -2     -3     -2     -1     -4    -11    -12
   -16     -7     -5    -12    -11     -3     -2     -3     -5     -5     -4    -13    -17    -15    -15    -16    -15    -14    -10    -10     -8     -5     -4     -2     -1     -3     -2     -2     -2    -13    -18    -10
   -17    -14    -11    -11    -11     -8     -3     -2     -4     -4     -6    -11     -9     -7    -10    -11    -11     -8     -4     -3     -5     -5     -3     -2     -3     -4     -1     -2     -8    -17    -18    -11
   -13    -13    -13     -9     -8     -8     -6     -2     -2     -5     -4     -2     -1     -1     -2     -4     -4     -1      0      1      0     -2     -3     -2     -6     -8     -9    -12    -17    -19    -20    -12
   -11    -10    -10    -10     -7     -5     -7     -4     -2     -4     -1      0     -1     -1     -2     -3     -2     -1      0      1      2      0     -3     -3     -9    -14    -17    -21    -21    -20    -21    -13
   -10     -9     -9     -9     -6     -5     -7     -7     -4     -3      0      0      0     -1     -2     -7     -6     -1     -1      0      2      0     -2     -5    -12    -16    -18    -19    -20    -21    -22    -16
   -10     -9     -8     -8     -6     -5     -7     -9     -6     -3     -1      0      0     -1     -4    -10     -8     -2     -1      0      1      0     -4    -10    -15    -16    -15    -15    -18    -20    -22    -15
   -10     -9     -8     -8     -6     -6     -7     -7     -9     -6     -2     -1     -1     -1    -11    -14    -11     -4      0      0      0     -1     -4    -10    -15    -16    -14    -15    -19    -20    -22    -16
    -9     -9     -8     -8     -7     -8     -7     -6     -9     -9     -5      0     -1     -4     -6     -4     -5     -6     -2     -1     -1     -1     -2     -7    -12    -15    -17    -18    -21    -22    -22    -17
    -9     -8     -7     -7     -7     -8     -7     -5     -7     -9    -10     -1     -1     -6     -3     -1     -2     -4     -3     -2     -2     -4     -2     -5    -10    -15    -17    -19    -19    -18    -17    -13
    -8     -8     -7     -6     -7     -6     -6     -5     -5     -6    -11     -6     -3     -7     -4     -2     -1     -3     -3     -1     -2     -5     -2     -4     -9    -15    -13     -9     -7     -4      0     -2
    -8     -8     -7     -6     -6     -8     -7     -5     -2     -2     -8    -10     -6     -6     -5     -3     -3     -5     -3     -1     -4     -5     -3     -5     -9    -16    -11     -5     -5     -3      3      2
    -8     -8     -7     -9    -10     -8     -6     -5      0      1     -4     -9     -5     -4     -4     -3     -4     -4     -2     -3     -5     -5     -3     -5    -10    -18    -16    -13    -16    -13     -3      0
    -8     -8     -7     -9    -11     -8     -6     -6     -3      1     -1     -5     -5     -2     -2     -1      0      1      0     -1     -2     -3     -3     -5    -11    -18    -17    -17    -19    -16     -6     -2
    -9     -8     -8     -7     -6     -8     -6     -5     -4      2      2      1      0      0      1      2      3      1      2      1      0      0     -1     -3    -10    -18    -18    -18    -19    -17     -9     -6
    -7     -7     -8     -5     -3     -6     -6     -2     -3      0      3      2      3      2      2      3      3      2      3      2      0      0      0     -1     -8    -17    -16    -17    -20    -18    -10    -11
    -7     -7     -7     -5      0     -3     -4      0     -1     -4      1      2      2      3      2      2      2      4      6      4      3      2      1      0     -6    -13    -10    -16    -21    -17    -11    -11
    -8     -6     -6     -4      0     -2     -5     -1      0     -4     -1      2      1      2      3      2      1      3      4      4      5      5      2      0     -4     -6     -6    -16    -21    -18    -13    -11
    -8     -6     -5     -3      1     -2     -5     -2      0     -3     -5     -2      1      2      1     -1     -2      0      1      3      4      4      2      0     -3     -4     -5    -15    -21    -18    -14    -10
    -6     -5     -5     -1      0     -2     -5     -3     -6     -5     -8     -2      2      2      0     -5     -5     -2      0      1      3      2      0      1     -2     -4     -5    -15    -20    -17    -14    -10
    -7     -7     -6     -5     -5     -5     -4     -5     -6     -5     -6     -1     -1      0     -3     -7     -5     -3     -2      0      1      0      0      0     -2     -4     -7    -17    -20    -18    -15    -11
    -8     -7     -7     -7     -8     -5     -4     -5     -5     -5     -6     -5     -6     -3     -5     -7     -5     -4     -5     -2      0     -1     -1     -1     -3     -4     -8    -17    -20    -18    -16    -11
    -9     -8     -7     -7     -6     -5     -5     -6     -6     -6     -8    -11     -9     -6     -6     -6     -4     -5     -6     -4     -2     -3     -3     -3     -4     -6     -9    -16    -20    -18    -16    -11
    -9     -9     -8     -7     -5     -6     -5     -7     -7     -7    -12    -15    -10     -7     -5     -4     -4     -5     -7     -4     -3     -5     -3     -3     -7     -9     -9    -14    -19    -18    -17    -11
