   -31    -31    -32    -32    -32    -31    -31    -31    -31    -31    -31    -32    -31    -31    -31    -32    -29    -25    -28    -32    -34    -36    -35    -34    -33    -32    -31    -30    -30    -30    -30    -31
   -31    -31    -32    -32    -32    -32    -31    -31    -30    -30    -31    -32    -32    -31    -31    -32    -29    -26    -30    -35    -36    -35    -34    -33    -33    -33    -32    -31    -30    -31    -30    -31
   -30    -29    -31    -32    -33    -32    -32    -32    -31    -31    -32    -32    -31    -31    -31    -32    -30    -27    -32    -38    -38    -34    -33    -32    -33    -35    -34    -32    -31    -31    -30    -31
   -28    -28    -29    -33    -34    -33    -33    -33    -33    -33    -32    -32    -31    -31    -31    -32    -30    -27    -32    -38    -38    -34    -31    -31    -33    -36    -36    -33    -32    -31    -30    -30
   -27    -26    -29    -33    -34    -33    -34    -35    -36    -36    -33    -32    -31    -31    -31    -33    -30    -27    -31    -37    -36    -32    -30    -30    -33    -37    -37    -34    -32    -31    -30    -30
   -27    -27    -29    -33    -33    -32    -33    -34    -37    -37    -34    -32    -31    -31    -31    -32    -30    -28    -31    -35    -35    -32    -30    -30    -33    -38    -38    -34    -33    -31    -30    -30
   -27    -28    -30    -34    -34    -32    -31    -32    -34    -37    -36    -33    -31    -30    -31    -31    -30    -31    -33    -35    -35    -33    -31    -32    -34    -38    -38    -34    -32    -31    -31    -31
   -27    -28    -31    -34    -34    -32    -30    -31    -33    -35    -35    -34    -32    -32    -33    -32    -32    -33    -34    -34    -34    -32    -32    -32    -35    -38    -38    -36    -33    -31    -31    -33
   -26    -27    -30    -34    -35    -33    -32    -31    -32    -33    -33    -34    -33    -33    -34    -34    -33    -33    -33    -33    -32    -31    -31    -33    -35    -38    -39    -37    -34    -32    -31    -35
   -26    -26    -29    -33    -35    -34    -33    -32    -31    -31    -32    -33    -33    -33    -34    -34    -34    -33    -32    -31    -31    -31    -31    -33    -35    -38    -38    -36    -33    -32    -32    -35
   -26    -27    -28    -31    -34    -36    -35    -33    -31    -29    -30    -30    -29    -29    -31    -32    -32    -31    -30    -29    -30    -31    -33    -34    -35    -36    -35    -33    -32    -32    -32    -35
   -26    -26    -27    -28    -33    -37    -36    -34    -31    -28    -27    -26    -25    -25    -26    -28    -29    -28    -28    -28    -29    -32    -34    -35    -35    -35    -33    -31    -30    -31    -31    -34
   -26    -25    -26    -27    -31    -35    -36    -35    -32    -29    -26    -25    -24    -24    -24    -26    -27    -27    -27    -28    -29    -32    -34    -35    -34    -34    -31    -30    -29    -30    -30    -32
   -24    -25    -25    -26    -28    -31    -34    -36    -34    -31    -27    -26    -25    -25    -24    -26    -27    -25    -25    -27    -29    -30    -35    -35    -33    -32    -32    -31    -30    -30    -30    -30
   -25    -25    -26    -26    -27    -29    -32    -35    -34    -32    -28    -27    -27    -26    -26    -27    -28    -26    -26    -27    -29    -30    -35    -36    -33    -33    -33    -33    -32    -31    -30    -30
   -25    -26    -27    -27    -27    -27    -30    -33    -34    -33    -30    -28    -28    -27    -28    -28    -28    -27    -27    -28    -29    -30    -35    -36    -33    -32    -34    -33    -32    -30    -30    -30
   -26    -27    -27    -28    -27    -27    -29    -31    -33    -33    -30    -29    -29    -29    -28    -28    -28    -29    -29    -30    -30    -30    -34    -36    -33    -32    -32    -31    -30    -29    -30    -29
   -27    -28    -28    -29    -28    -27    -28    -29    -30    -31    -30    -29    -29    -28    -27    -27    -28    -30    -31    -31    -29    -31    -35    -35    -33    -32    -32    -31    -31    -31    -32    -32
   -28    -28    -29    -29    -29    -28    -28    -27    -27    -28    -29    -29    -28    -28    -27    -27    -29    -31    -32    -31    -30    -31    -35    -35    -32    -32    -34    -34    -35    -37    -39    -38
   -28    -28    -29    -29    -29    -28    -27    -27    -27    -28    -30    -30    -29    -28    -27    -28    -30    -31    -31    -29    -29    -31    -34    -35    -33    -32    -33    -35    -35    -37    -39    -38
   -27    -28    -28    -29    -29    -27    -27    -28    -29    -30    -31    -32    -31    -30    -29    -30    -31    -31    -29    -29    -29    -31    -34    -35    -34    -31    -32    -33    -32    -32    -34    -35
   -27    -28    -28    -29    -29    -28    -28    -30    -33    -34    -34    -33    -33    -32    -31    -32    -33    -32    -32    -32    -31    -32    -34    -35    -34    -31    -32    -32    -31    -32    -34    -34
   -27    -28    -28    -29    -29    -29    -30    -32    -35    -37    -35    -35    -34    -34    -34    -35    -35    -35    -35    -35    -35    -34    -35    -35    -33    -32    -32    -32    -31    -32    -34    -34
   -27    -28    -28    -29    -29    -30    -31    -32    -35    -38    -36    -36    -36    -36    -36    -36    -36    -36    -36    -37    -37    -36    -35    -34    -33    -32    -31    -31    -31    -32    -34    -34
   -27    -28    -28    -28    -29    -31    -31    -30    -33    -37    -36    -36    -36    -37    -37    -36    -34    -34    -35    -36    -36    -37    -35    -34    -33    -32    -31    -30    -30    -32    -34    -34
   -27    -28    -28    -28    -29    -31    -30    -29    -30    -34    -35    -36    -37    -37    -37    -34    -32    -33    -34    -35    -36    -37    -36    -33    -32    -32    -30    -30    -30    -32    -34    -33
   -28    -28    -28    -28    -27    -30    -31    -29    -27    -29    -34    -37    -39    -38    -35    -31    -29    -30    -32    -35    -36    -37    -36    -33    -31    -30    -30    -30    -31    -32    -33    -34
   -28    -28    -28    -27    -26    -28    -32    -30    -26    -27    -34    -39    -41    -38    -33    -28    -27    -29    -32    -34    -36    -36    -35    -32    -31    -30    -30    -31    -31    -32    -33    -34
   -28    -28    -28    -28    -27    -29    -31    -30    -26    -27    -34    -39    -40    -37    -31    -28    -27    -28    -30    -32    -33    -34    -33    -31    -30    -30    -31    -32    -31    -31    -33    -34
   -28    -28    -28    -28    -28    -29    -31    -29    -26    -28    -35    -38    -39    -35    -30    -28    -27    -28    -28    -30    -30    -31    -31    -30    -30    -30    -31    -32    -31    -31    -33    -33
   -28    -28    -28    -28    -28    -29    -31    -28    -26    -28    -34    -37    -37    -34    -30    -29    -28    -28    -28    -29    -29    -30    -30    -29    -28    -28    -30    -32    -31    -31    -33    -33
   -28    -28    -28    -28    -28    -30    -30    -28    -27    -29    -33    -35    -35    -34    -31    -30    -30    -29    -29    -29    -29    -30    -30    -28    -26    -25    -29    -32    -31    -31    -33    -32
