   -13    -13    -13    -14    -16    -15    -10     -3     -2     -2     -2     -2    -11    -16    -15    -15    -15     -5     -7    -15     -1      6      1     -2     -4     -6    -14    -15    -17    -17    -17    -16
    -5     -7    -11    -13    -15    -14     -9     -3     -2     -3     -2     -2    -11    -16    -15    -15    -15     -5     -5     -6      5      4      1     -3     -4     -3     -9    -11    -17    -17    -17    -17
    -4     -8    -10    -11    -12    -13     -7     -2     -3     -5     -3     -2    -10    -16    -15    -15    -15     -6     -2      3      5      0     -1     -6     -5      2      1    -10    -17    -17    -17    -17
   -16    -19    -14     -2      0     -1     -1      1      0     -4     -3     -3    -10    -15    -14    -14    -14     -6      1      6      0     -4     -5     -7     -8      7     13     -8    -17    -17    -17    -17
   -21    -22    -19     -6     -5     -1      2      5      6      1     -2     -3    -10    -14    -13    -15    -15     -7      3      4     -2     -5     -6     -8     -7      7     15     -3    -16    -16    -16    -16
   -19    -20    -14     -5     -6     -3     -2     -2      2      5      1     -2     -9    -15    -11     -7     -5      0     10      8     -3     -5     -7     -9     -6      7      9     -1    -11    -16    -16    -15
   -13    -15     -9     -2     -5     -5     -3     -4     -5     -2      1      0     -5      0     15     27     31     31     32     19     -1     -7     -9    -11     -7      6     10      0     -8    -14    -16    -14
    -7    -11     -8      0      0     -7     -5     -5     -6     -7     -3      8     18     30     39     44     43     40     41     25      1     -7    -10    -12    -10      3     10      3     -6    -12     -9      8
     5     -8     -8     10     14     -7     -9     -7     -6     -6     -4     18     38     34     36     42     38     34     33     23      5     -3     -9    -11     -9      2     10      6     -3      2     22     33
    27      3     -1     22     23      0    -10    -10     -7     -7     -2     27     38     31     33     35     33     29     14     12      8      0     -4     -8     -4      5      7      5      0     28     43     31
    31     24     17     17     21     16     -2    -10    -10     -9      0     17      9      6     13     19     21     11     -4     -5      0      0     -3     -6      0      7      0      0     13     38     43     31
    19     21     21      9     14     20     10     -6    -10     -7     -6    -12    -14    -16    -11     -3     -2    -12    -18    -19    -15     -4      0     -2      9     19     18     22     36     43     44     30
    12      8      9      9      8      9     13      1     -7     -6    -14    -18    -16    -16    -15    -10    -11    -16    -19    -20    -21    -11      0      0     20     34     39     43     44     44     45     30
     7      4      5      6      3      6     13     12      0     -6    -16    -19    -18    -16    -15      0      0    -16    -18    -20    -21    -15     -2     10     28     38     41     42     43     44     46     31
     7      4      4      4      1      2      8     15      8     -2    -12    -15    -13    -13     -8      9      6    -16    -18    -19    -20    -13      4     25     37     38     39     39     43     44     46     30
     6      5      4      4      1      0      4     10     15      8     -7    -12    -12    -12     12     21     13     -6    -17    -17    -16     -9      3     24     37     38     37     39     44     45     46     29
     6      7      6      6      3      3      5      4     14     16      1    -14    -12     -4     -1     -7     -1      2     -8    -10    -10     -8     -3     16     29     36     40     42     45     45     46     30
     8      7      4      4      5      4      3      0      7     11     13    -12     -9      0    -12    -17    -10      0      0     -4     -8     -1     -1     10     22     35     41     42     42     40     40     30
     6      5      4      4      4      3      2     -2     -4      0     16      4     -4      2     -6    -13    -11     -3      0     -9     -7      1      0      8     20     35     35     28     24     20     16     18
     5      6      5      3      3      5      2     -2    -12    -12      8     14      2      1     -2     -8     -4      2     -2    -11     -3      2      1      9     21     37     31     17     18     19      7      7
     4      6      4      9     12      3      1      0    -12    -16      2     15      5      0     -2     -1      1      0     -7     -6      0      2      2      9     22     40     39     33     37     33     12      7
     4      4      5     12     14      4      2      8      4     -6     -1      9      8      0     -2     -3     -6    -10     -9     -5     -2      1      3     10     24     41     41     40     44     38     19     10
     6      5      6      4      3      7      4      6     13     -3     -7     -7     -3     -4     -6     -7    -10     -4     -7     -6     -2     -2      0      4     19     41     40     40     44     40     26     19
     2      4      5      0     -4      4      3     -3     10      5     -7     -6     -7     -6     -5     -7     -8     -6     -9     -6      1     -1     -3     -2     13     39     33     35     44     41     27     30
     0      1      3     -2    -13     -3     -1    -13     -1     15      0     -3     -4     -5     -4     -6     -9    -14    -17    -12     -6     -2     -4     -4      6     24     11     26     45     42     29     30
     4      0      1     -2    -18     -7     -2    -14    -16      7      4     -4     -1     -4     -5     -9    -10    -13    -15    -13    -12     -9     -6     -7     -2      3     -2     25     45     42     34     27
     4      0     -1     -6    -21    -11     -1    -14    -20     -6     11      8      1     -2     -6     -6     -5    -10    -12     -9     -9     -7     -5    -11     -6     -3     -4     24     44     41     38     27
     0     -2     -2    -13    -21    -11     -2     -7     -3     -3     14      8      0     -3     -4      0     -2     -8    -12     -8     -5     -3     -4    -13     -7     -3      0     29     44     40     38     30
     4      2      1     -2     -4     -5     -4     -1     -1     -3     10      7      8      0      0      2     -2     -8     -9    -11    -12     -4     -5    -13     -8     -2      5     35     44     41     39     31
     7      4      2      4      4     -4     -5     -3     -5     -2     10     16     20      5      2      3     -2     -7     -5    -10    -15     -8     -7    -10     -6     -2     10     37     44     42     41     31
     9      6      4      2      0     -4     -3      0      0      1     17     28     24      9      3      1     -4     -6     -4    -10    -12     -6     -7     -7     -2      0     10     34     44     43     42     30
     9      8      6      3     -3     -3     -2      2      2      3     24     35     22     11      2     -3     -5     -4     -2     -9     -9     -4     -8     -8      1      4     10     29     43     42     42     28
