    -3     51     29     -1    -52    -48     33    -44     70    310    -51     48     10    -27     78    -45
   334    270    -11    -49     25    -49     87    -11      8    168    139     10     77    107    160    -45
   144     -3     46    -49    -53    -52    196     53    -18    -53     83    -19    -12    213     33     12
   -45    140    -47     -8    -47    167    176    -61    -50    139    285    -14    -37     -9    412    258
   183    330    231     14    150    246    163    -49      9    311    230     73     26    378    501      5
   279    271    324     32    108     19    350    -47    304    419    109    127    -53    274    -60    181
   156    158    108     58    -48    230     44    303    116     12     67    135    -63    -73      6    115
    73    -55     61    -35    -15     -4    335      8    385    101    117    -55     26     32    -75    162
   -38     44     67     27    101    127    210    400    366    -48    271    -51     36    -74    -73    299
    53     92    -46    -15    167     19    -51    271     47    450    136    101    -64    335    206    161
    73    149    371    133     95    -53     77    143    251    436      4     58    -65    148    -72    163
    37    -53    193     13     33     33     70     44    142    153    -53     54     -2    374    -74    152
   -49    -52    269     -6    -29    197      7    143     58    122     45     -1    -29    640    -53    -15
    99    291    450    221    -42    132     63    149    169     68    -35    229     49    241      3    -56
    -4    121    176    121     68    295     91    -53    215    -39    133    236      9    -27     -2     -8
   187    -18    252    -49     52    -62    291     61    181    142     32     63    -52    -58    -75    617
