    36    -58    118    240    -64    -64    -56      2    158     71     65    -61    -61    -57    -56    -56
    79    163     44    135    -63    -63    -57     11    338    190    -58    -42    294    -59    -55    -56
   224    331     90     63    -24    -63    -29    162    406    125    -58     73    349    -62    -56    -57
   175    136    -59    -59    138    504    452    222    -82    -73    -57     41    351     23    -58    186
   -34    156    -59    -57    321    762    381    -10    -80    -71    -62    -56    329     33    615    107
   209    -71    -72    -56    240    242    -59    -14    -59    -56    222    342    389    310    660    -82
   109    -70    -16    -45    -60    -57    142    291    -58    -56    443    754    630    193    -21    -82
   178    -69    -13    104    -63    -58    305    400    -58    -56    500    717    409     71     42    -82
   191    -69    -68     70     68    -58    106    -57    215    -60    179    550    581    206    -54    -82
   186    -68    -68    -65    204    334    -64    -59    169    -59    158    451    561    -76    -76    -71
   249     27    -68    -67     27    323    -66    -64    -60    103    164    480    611    115    -85    -71
   208    -66    -63    -44    -28    -61    -60    -61    -49    103    117    414    618    117    174    -77
   163    -65    -56    -57    315    -55    -62    -60    -57     95    110    137    207    723    501    -80
    97    -59     94     10    393    174    -62    -62    -60      2     45    -57    404    783    447    -81
   148    -65    -62     61    283    321    -64    -65    -62    -58     42    -44    509    759    279    -83
   130    -68    -62     71    328    373    -69    -63    -62    -59     -6     66    353    539    269    -82
