    98    -50    -49     41     12     24    -39    -39    114     67    -46    -48     53    -49    -51    -51
    90    154     62    -45    -45     16    -25    -30    -32     16    -48    -48    101    101    -52    -51
   -51    -49    -48    -45      5      4     49     55    -43    -41    -51    -50    -46     97    -19    -51
   129     60    -47    -48    -50    103     34    301    318    419    -13    -51    -46     23     69    -41
   489     86    318    -51    -50    -34     78    -28    -29    314    338     -6    -46    129    139     34
   456    423    441    265    -47    -36    -39    -37    -36    -46    267    170     89     -1    -18     16
   -35     73     33    332    -47    -48    -11    -21    -42    -27    -50    125    186    378     95    -16
   -38    -39    -41    305    328    -47    -14    209    399    -50    -48     39     30    -27    -24    -24
   -39     45     33    -26    404    344      9    -44    396    159     95    -40     19     44     15    238
   -40     -1    -41     72    -43    521     84    188    -43    -32     28    -43    -15    -29    -34    122
   -40    104    216    301    176    187    169    152     95     66     34     17     46    251    278     43
   -29    -33    119     82    403    -49    -16    -48    -42     -2     90    -45    -27     25    118    157
   -26    -41    -47    -46    477    225    -14     30    -49    -51     95     17    -35    -33     59     36
    -6    -43    -49     18    -44    169     21     98     76     21     78    -20    -46    -32     49     52
    56    175    220     37     63     -7     41     53     51    -15     35     50    -44    -29     -5      6
     8    -24      4    -42      1     55     79    -43    -45     -7    -48      2     48    -30     20    136
