   258    -52     26     66    -57    -73    -48    -14     23    177    213    -69     56     96    -46    -47
    -2    134     93     38    -66    -72    -45     -4      6    151    -65    -29    127    -58    -34    -26
   185    109    -29    -71    -78    -72    234    395    251     39    -63    -26     43    -70    -38     33
   142    210     75    -65    -53    484    543    276   -138   -111    -60    -10     81    -55    287    537
   176    243    -63    -33    140    434   -137   -139   -132   -101    -71     50    182    -11    710     69
  -120    -98    -99    -36    171    -60    156    -60     -9    129     -2    130    298    617    429   -137
     3    -35    -25    -22    -63    117    109    238    191    -18    134    356    362   -139   -140   -136
     9    -68     32    -10    -21     22    289    466    -52    112    241     95   -149     18    -58   -136
     5    -45    -44    -79    -93     94    125    230    113     41     50    -28     19     -1   -155   -137
   -41     94    109    -76     91    -16    -72    175    197    203    197     35     24    146    280    -28
    11     95    -78    106    192    -27    -79    -10    222    152    -58     14    -36     30   -138    -87
   -86    -80    -60    -72    -71     65     44     -3    162    -59    -41    -36   -103   -141   -112    -80
    41    -76    -46    -52    -48     88    -14     -3     91     41     42    -55    -73    262    -92   -130
    44    138    317    196    306    105     59    151    -60    -26    -33    -52    129    276   -105   -131
    51    148    -51     57    155    293    158    -67    -65    -47     17     53    172    141   -148   -139
     4    -86    -56     45     51    129    -95    -73    -68    -60     12      3     43    -99   -160   -134
