    54     -3     -2     -4     -5     -4     -4     -3     -6      0      2      1     -1     -3     -4     -4
    50     -2      0     -2     -2     -4     -4     -3     -6     37     61      0     83      3     -3     -4
    -8     -1      0     42     63      0     -4     11     -5     10      5     -2     96     58     -2     -5
   169     85      0     -1      3      1     -4     -5     -5      0      1      0     58     52     -2     84
   331    115      0      0      0      0     -4     27     -3     -3     -2      0     51     65     -1     -3
   199     -6     44      1     -2     -6     -7     -5     -4     -5     -3      0     40      0     -5    237
   -13    -11      0     24      0     -9    -11    -11     -9     -8     -3      0     -2     -7     -9    244
    19    -10     -8     11     41     -6     -8     -9     -9     -7     -5      0     -5     -5     -7    224
    64     -8     -9     -4     11     -5     -7     -8     -6     -5     -5      0     -5     -7     -8    208
    67     -7     -8     -9     -8     -7     -8     -8     -5     -3     -5      0     -4     -4     -1    113
    47     -8     -8     -7     -1     16     -4     -3     -2     -4     -3      0     -3     -6     -7     -3
    32     -8     -6     -4     38      0      0     10     15     33     20      0     -3     -6     -8     -4
    61     -8     -3     -4     42      0     17     41     -1      0      1      0     -3     -4     -7    136
    88     -8     -5     -2     -8     33     46      0     -5     14     85      0     -3     -4     -7    176
   146     -9     -6     -2     -9     53     47     -4     -8     -3     44     -2     -4     -5     -8    214
   118     -9     -5     -3     -8    109      0     -4     -5     -5     -3     -5     -8     -6     -7    249
