   -31    -33    -13    -31    -30    -31     -5    -33    -29     -1     48     93     79    -18     32    -33
    -6     11     58     99    106      3    -32    -33    -20     19    103     51     34    -32     29    -33
   -31     -2     90    171    178     59    -32    -32    -30    -31     42     49     33    -33    -33    -33
   -30    -33    -35     50    130     97    -28    -26     24    -28    -34     22     40    -33    -33    -30
   -24    -31    -32     30     27    -29    153    184    156    160    -31    -34    -35    -33    -28    -25
   -23    -26    -31    -34    -33     62     88     67    135     91     41    -34    -30    -28    -25    -25
    44     15    -28    -32    -32     21     10     -7    -29    -25      1    -32    -26     -5      0    -25
   -23    -27    -28    -31    -32     56     45     76     27    -31    -32    -27    -12    -18    -16    -16
   -28     -7    -28    -29    -28    -29    -30    160     49     -7    -31     22     37    184    221     52
   -29    -29    -29    -29     75     43    -20    -29    -31    -31    -31    -12    -26     86     75     76
   -29     16     55    -28     27    143    129    104     81     33     18     12     29     70    -24    -27
   -28     62    180    164     16     61     83     17     15     49      6     56    237    327      6    -26
   -29     38    146    154     79    -31    -32    -33    -32    -21     14     64    295    301     39    -26
   -29    -30    -32    -33    -30    -31    -23    -29    -29      2      1     31     48     14    -25    -25
   -29    -29    -19    -32    -29    -32    -32     45     32     13     56    -33    -31    -27    -25    -25
   132    173     86     53     84     33     53    167    165     76     79     36     74    170    382    340
