   175    -12    -14     -6     -4     -5    -11    -14     -4     -6     -9    -13    -10    -12    -15    -15
   369     -9    -11     -3     -4     -6    -11    -13     55     -6    -15    -16      4      0    -15    -14
   376     -1    -13     -8     -8     -6    -10    -10     -1     -2    -22    -19      6      0    -13    -14
   164    -10    -11    -17    -16     60     13     23     22     18    -11    -20     21     -4    -10     35
   418      5      3    -20    -20      9     18     19     17     12     -3    -13     -8     -3     14     25
   683     13      4     -5    -13    294    108    241     65     -8     -6    -10     33      9     25     26
   779      6      1      0    -11     85    127    279     -2    -13     44     22     21     24     25     26
   589      2      0     -1      0    -10     -9      9      5    -14    -11      8     22     24     25     26
   488      2      0     -1      3      3     -2     -5     26     -5     -6    220    292     25     25     26
   473      0      0      0     18    126      0     -4     -2     -5     -3    136    331     22     15     41
   440      4      5      4      0     59      1     -3     -2     -7     -3      5    255     24     26     14
   420      1      0      2     15      0     -6     -7     -7     -8     -3     -4    258     21    111     19
   426      0    -10     -8    241      1     -4     -7     -8     58     68     -7    243    264    229     21
   445     -3    -13    -12    203      2     -5     -1     -3     -9     -5     -8     67    312     49     24
   405      0      0     -8     -3     16      4      0     -2    -11     49     -9     -6    163     25     25
   379      1     -4     -3      1     14      7     -3     -6    -11    -13     -9      2     58     25     25
