   -31    -32    -31    -30    -21    -31    -31    -31     18     17    -34    -33    -32    -30    -30    -30
   120    104    -32    -32      0     14    -17    -24     61     69    -34    -31    -33    -32    -31    -30
   104    131    -32    -33    -36    -32    -31    -31    -27     55    -32    -30    -33    -34    -31    -30
   -27     58    -32    -30    -33    -33    -30     30      8     41     32    -31    -34    -34    -31    -31
   -26    134      0    -31    -31    -32    -33    -34    -33     44     34     37    -35    -36    -32     17
    99    204    153    -30    -19    253    429    436    252    229    222      4     22     50     23    -31
    80    206    243    132    -29    111    217    249     47    132    186     21     19     -4     -1    -30
   -25     38    234    175    -32    -27    -17    -26    -26    -25    102    -18    -32      3    -11    -30
   -26    -27     57    132     86    -29     17     98    110    -29     83     29      4    -31    -29    -29
   -28    -29    -28     70    154     60     10     25     40     14     53    -30    -11     86     91     28
   -25     -3    -27    -11     -6    -31    -30    -29    -19     25     42    -16    -31    -32    -31    -16
   -14    -14     19    -16      6      7    -21    -34    -35    -35    -33     18     22    -31    -31    -34
   -26    -28     47    -29    120    -10    -17     -9     58     74     51     15     52     80    -30    -33
   -28     20    115    -29    151     20    -38     -6     32     34    -11     -8     14     50    -31    -33
   -28     -7     63    -29    145     48    -35    -28     38    -10      3     13     69     52    -31    -33
     0      3     66    -28     74     69     69    -14    -24     22      2    -28     86    111     62      3
