   221    261    261    336    390    382    312    255    302    324    461    473    365    261    238    218
   -14      0    183    107      2    -19    -17    -17    -15    -12    -27    -23    -22    -19    -17    -16
   -12    -15    -23     75     96    -19    -17    -17    -16    -23    -26    -22    -23    -21    -17    -16
   -15    -19    -23    -23    -25    -23    206    330    344    164    -24    -22    -23    -22    -17    -16
   -15    -14    -23    -23    -23    -22    -28    -30    -28    -24    -22    -22    -24    -24    -20    116
   -18     -4    -24    -23    -19    -14    -12    -14    -16    -14    -16    -22    -25     45     39    -25
   -16    -16    -18    -25    -19    -11    -10    -11      5    -13    -14    -23     35    136    -27    -25
   -16    -17    -16    -21    -21    -13     12    218     62    -13    -14    -25    -27    -26    -28    -25
   -18    -18    -18    -19    -21    -16    -16    -15    -17     51     -2    -23    -24    -27    -27    -25
   -19    -19    -18    -16    -15    -19    -17    -15    -11    -17    -18    -23    -23    -22    -22    -19
   -18     -6     14     77     90    -21    -18     17     23    -17    -18    -23    -25    110    121    -19
   -18    -18    -18    -19    -21    -20    -20    -19    -19     20    -20    -21    -24    -27    -26    -22
   -17    -18    -16    -18    -16    -20    -20    -19    -17    -17    -18    -20    -22    -22    -27    -24
   -17    -15    -13    -19      8     34     -7    -17    -17      6    -14    -19    -20    -21    -27    -24
   -18     70     76    -19    -15    -25    -23    -18    -16    -18    -18    -18    -18    -22    -27    -24
   -19     67    -18     17    103     78      2    -19    -18    -19    -19    -17     52     -2    133     36
