   -55    -54    -51    -58    -68    -69    -50    -51    -51    -52    -71    -69    -64    -51    -48    -22
   125    -19    -55    -62    -58    -68    -51    -46    -51    -70     54     50    -62    -58    -48    -14
   115      7     -8      7    -60    -68    -52    -52    -52    -77     41     23    -63    -69    -50     -8
   -50    -59     -3     35    102    -70    -66    -94   -115   -100      6     48     -1    -73    -53      2
   -59    -61    -64     48     58    -67    -17    109    142    306      6    -49    -61    -63    -70   -103
   -97     25     61    -32    122    396    536    489    423    466    327    -65    -75    -74    -91   -116
   -76    125     88    -77    -12    278    254    193    222    133    198    -71   -102   -127   -131   -114
   -77    -25     50     34    -69    -50    -52    -59    -49    -44    -44    -79   -124   -125   -132   -112
   -79    -74    -75    114    116    -52    -55    322    200    -59    -57     46    -37   -103    102     82
   -79    -77    -76     59    248    -19    -65    -10     -7    -17    -61    -52   -102     64    267    315
   -76    -69    -76    -71    108     25    -36    -34    103     63    -35    -30   -105   -118   -120    -25
   -75     84    178     67    -71    188    181     57     54    -10      1    189     64     21   -128   -101
   -72      8    145    197    166    -69    -67    -52     56    109     45    135    295    357   -130   -111
   -69     32     62    -53     69    -86    -71    -63    -58    -56    -63     42    182     70   -128   -111
   -74    -68    -64    -53    -48    -86    -75    -72    -61    -57    -42    -54    -61    -80   -130   -116
   -81    -64     17    -45    -71    -97    -67     30     16    -43    -54    -30    -68    -53   -116   -112
