     9     10      9      9      9      9      9     10      9      9      7      5      7      8      8      9
     8      9      8      9     10      9      9     10     10      8      5      4      7      9      9      9
     7      7      6      6      8      9      9     10      8      5      2      2      7      9      9      9
     6      7      6      2      6      7      8      8      6      6      5      4      8      9      8     10
     7      7      6      4      3      6      6      7      7      6      6      5      8     10      9     12
     7      7      8      7      4      7      7      7      7      8      8      7     10     10      8     12
     7      7      9      8      6      8      8      7      7      8      9      8      9      8      6      8
     6      7      8      7      7      7      8      6      6      7      8      9      9     10      8      7
     7      7      7      7      7      7      8      6      8      8      8      9     10      9      7      9
     7      7      7      7      7      7      8      7      8      8      7      9     10     14     16     21
     7      7      6      9     12     10     10     10     10     10      9      9      9     11     11     16
     7      7      7     10     14     14     13     13     13     13     13     11      8      7      9     14
     6      7      7      7     13     14     14     13     12     13     15     13      7      4      9     12
     7      7      7      5      8     12     14     12      9     12     15     12      6      5      8     12
     7      7      6      5      6     11     12      9      7      8     11      9      7      7      8     12
     7      7      5      5      7      9      9      6      6      4      5      7      7      7      8     12
