   130     38     -8     52     76     46     34      0    117    -41     -5     18     57    -13     43     18
    38    -51    -57    -62    -50    -65    -12    -52     25    -68    -60    -10     33     -8     33    -12
    64    -46    -68    -73    -77    -36     71     41     73    -75     41     42     35    -33     15     30
   192     19    -50    -35    -47      3    165    184    158     16     51     25     10    -71     93     63
   352     85     -8    -34     87    172    134     12     29     83     16      3    -12    -32    122    277
   287     25    -54      5    102    273    153     96     80     67    -50      8     69    138    166    195
   205     38     13    -78     76    246    133    143    165    106      0     93    172    139    103     39
   164     51     24    -74      1     85     64     88    164    136    -12     79    108    -16     31     54
   138     18      2      7     17    132     82    125    -23    -10     11    -45    -26      3     61     99
   107     -7     34     63     49    -23     96     90    -20     34    -58    -69    -12     83    -34    135
   129    -23     82     81     -2    -67     39    -39    -10    -20    -67    -53     -5     35     33    195
   112     10     22      9    -69     -9    -63    -63    -61    -61    -68    -69    -55     13     25    152
   154      5     43     18     74    -60    -66    -14    -22    -44    -57    -63    -69    -40     46     82
   137     67     58     63    128    -83    -68      0     26    -54    -62    -42    -62    117    131     86
   185     44    -31     56     68    -85     -7     36     47    -44    -10     10     49    112    107     78
   168     67      5     81     50     16    101     87    -16    -21     -2     65     84     90    135    183
