   278    -16    -48     90     47    205    -49    -15    171      5    189     41    204     31    -39     69
   286    151    -47    135     74    212    -49    -23     13    241    121    -25    306    618    -48     61
   132    251    -47      0     65    119    -49     68    -20    398    -43    -48    278    626    -48    131
   454    349    297    -25    -45    -41     -7    140    -24    405    -46    -46    226    412    -49    642
   934    455    539    -46    -44    208    250    141     94    105    -49    -46    233    319    132    782
   832    -21    265     82     -5    341     47    232    326    -51     30    -39    305    -49    399    750
   536     42     27    256    109    -52    -50    465    420    -51    -49    -48    127    -38    100    634
   478     54    -55    212    244    -52    -53    497    407    -51    -50     -6    152    -44     79    644
   413     -8    -21    -18    270    406    439    142    327     78     33    -48    156    134     11    529
   413    -47     79     47    -52    503    291    -53    283    178    146    -48    505    253    225    169
   339     53    195    185    134    451     58    -40     97    -50     20    -50    458    104    307      9
   334    190    151     72    324     26     81     34     35    -47     91    -49    574    -58    394    239
   432    212    142    447    495    179    -48     26     25    -31     59     69    507    -11    646    218
   495    140    -50    449    -16    467    -38    104     70    -32     81    162    -50    241    588    366
   496     -8     44     59    -55    303    324    180    -25    112    188    116    -50    306    356    449
   430      6    -51     16    -55    316    103    -31    -51    133    119    -50     -5     23    174    303
