   102     62     52    140    162    165    101     60    145    162    271    315    220     48     66     79
    58    107    211    152    103    -47    -27    -46      2     59    -36    -18      7     95    -45    -33
    -3     19    -24    119    242    228    -44    -39     -5    -46    -28    -17     33    106      6    -46
   -14    -36    -20     41     61    115    103    -30     50     43    -46    -45     -9     55    -41     -5
   351    -47    113    -45     63     -4    209    165    119    -34     60    -45     16     60      8    -44
   413     96    198    173    -46    -48    -47    -48    -47    -46     41     59     13    110    -50    -52
    99    -50    -48     82     54    -38    -14    -31     59    -34    -45     58    -50      6    -54    -52
   152    -37    -49    -48    164     34     34    162    270    -46    -46    161    141    -43    -30    -52
    87     -5     31    -48     93    191    -38    -46     47    163     21     18     10     56     64    102
    97    -14    -49    -46    -47    306     86    104      6    -26    -47     40     34     -1    -50    -48
    30     47    148    -14    214    -47    184     21      5      7    -41     25     97    256    116    116
   138    -32     35     86    308     19    -46     25     76    144    150    -47     27    178     32      8
   102    -21     48     93     77    282     10    -29    -35     -7    -45     19    -47    -36      1    -14
    92    -47    -37    138    115    190     13    -11    -31     54    117      0    -25     80    -27    -51
   116     66     69    -47    -23     23     64    -48    -21     22    -24     16    -47     39     32    -52
   321     58     29    130    185    276    150     65     72    101    133     70     55     13    296    158
