   -45     38    -27    -47    -52    109    208    -24    -45    -43    -29     86      8    171     74     15
   -43    -45    -42    -47     12    105    222    -23    -47    122    260     74    -41    402    265     -4
   -41    -42    -41    -41    -33    131    175    -44    -44    394    455     12    -41    372    325     -5
   -44    -45    237    124    -38    -43    -49    -63     17    611    692    202    -39    222    273    -44
   -50    -46    514    462    -36    -43    -68    -67    156    364    498    259    -39    -31    -50    140
   -70     70    291    534    139    -49    -48    -49    209    153    -44    -16    -48    -51    -61    326
   -60    -43    -56    307    318    176    -48    -48    310    211    -42    -47    -63    -78    -79    345
   -59    -15    -25    -54    345    360    -47    -50    416    241    -42    -51    -77    -79    -80    361
   -59    -40    -15     30    -54    344    -29    185    -47    105    -48    -46    -68    -79    -23    325
   -58    -52     29    221     74     27    152    203    -46     77    -48    -48    -67    108    139    233
   -57    -57     95     80    182    -52    150     50     34    -14    -53    -51    -66    -54    252    465
   -56     89    -51    -51    191    203    -50     27      0    -49    -52    -50    -59    -70    141    380
   -55    246     68     -6    -43    130     85     54     97    -46    -49    -41    -48    -45    -40    312
   -53    252     35    -20    -41     65    190    -24    172     33    -51    105    -44    -45    -78    299
   -55     37    157    -43    -52    -54    247    114    183    135    -41     17    -45    -53    -79    286
   -58     59     86    -44    -55    -61    230    146     44     52    -41    -44    -53    -59    -79    235
