   -34    -25     76    -12    -57    -56     49    -28     60     97     14    -53    -48     90     24    -25
   123    -32     46     33     97     90      1     11     96    -58     13    -45     94    177    168    -25
   138    179    138    156    -62    -10    -30    -23    154     53    196     -3     60    -53    112    -26
   278    -28    381    103    232    -27    -51    -97   -131   -102    183    117    184    -60    -32    -28
   244    478    232    386     11    111   -130   -133     11    112    -54     68    114    146    -55   -112
   -40    427    249    396    262    260     95     94     -7    234    236    -47    -62    164    -79   -130
   -35     26    195    -64    145    163     40    -26    210     47    318    -55   -105   -150   -159   -129
   -77     -8    206    289    -56    224    185    -22    112    158    210    181   -144   -103   -158   -129
   -79      2    -72    356    274    434    204    523    350      9     60    383   -112   -127    -50   -130
   -77     -7      9    147    650    -73    260    109    235    -33    -47     70   -108     38    179    378
   -74    100     65    130    670    568     92    -32    -41      3     20    -42   -111   -136   -138     -6
   -71    292    314    409    -54    496    136      0    112    -40    101    325    125   -135   -152   -105
   -27    -59    302    572    762    101     75    -22    121    149    151    238    261     65   -155   -122
   -60     -8    247    -32    432    -78    120    -48      6    151    -41    130     41    141   -153   -122
   -70     88    229    128     31    -74    120    109    -47    281    214    -30    119    -36   -155   -131
   245    -71    -52    -23     94     51    -82    -56    -50    -41    -35     73    -59    231   -157   -126
