    31    -11    -14     -3     -2     -2    -11    -15     89     -5     80      1     10     -9    -14    -16
    24     47      3      1      0      3    -10    -14     -6     75     73     28     53     15    -11    -17
   -19     -5     68     27    142     24      2     -7      0     10     91     77      7     15      7    -15
    -7     17     86    147     25    202     30     44     43    110      1     49      6     26     82      8
   261    223    155    107    144     27     99     42     38     85    162     -4      5    110     28     43
   111    274    304     43    108    249      9     66     48     -4    196     91     19     22     43     44
    22    136      9    172    142     27    139    102      0     89    -11     10     38    131     44     46
    33     45     11    275    185     62     51    169     13    -17     -9     25     58     39     75     46
    13     66     63      5    264    119    284     64    217     99     -1     16     36    124     45     46
     7    103    137    159      0    328    121      3     77    176     85      9    140     59     24     81
     6    152    246    235      4    202     58     47    121    101     79     10     41     78     67     19
    17     88    135     90    287     -6     60     -2     23     29     48      4    171     75     44     60
    14     97     94     34    296      4     -1     24     -9    -12     34     86    160     99     80     79
    63     80    -11    187     -3     97      1     43     77     -8     59     21     14     29     44     38
    12     52    204     43    109     16    118     71     15     86     24     29     -2     37     44     41
    41     49      0     18      3    100     24      4     25     64     32     -7     35     34     46     42
