   166    -40    -12    -41    -24    -44     76     12     69    112      8     35    -28      3     43      6
   173    -40     84    -25     17    -44     78      3     62    -15     56     74    154    303     -9     13
   132    -39    147     16     31    -41     37    -41    -41      9    169    114    145    282    -39     11
   368    -40    229     17     29     94     82    -35     36      1    121     94     70    124     56      5
   639      8    277     -9    180    243    266    -28     49    -43      6     63     -6     66    150    377
   581    -11    -22     55     85     76    -22    -43    -41    -40    -40    189    -40     29     32    513
   261    -17     -9     58     59     47     -2    -42    262    -40     -3    137    -48     70    -44    537
   270    -29     39    -43     -6     84    131    -43    230    -40     45     70      8    -16    -30    546
   200      4     13     52    -16    280    -42     81    -41     66     45    147     -5     54     -1    519
   176     28     19    -26     57    223    190    141    -40    164    -42    191    -51      1    -55    134
   205     43    100    -46    186    -44    249      7    -43     71    -20    122      3    191    -57     66
   223    -30     95    158    134     98    -20    -44    -41     91      8    119      5    481    -40     78
   266    -26    237    286    -39    220    -46    -44    -39    -43    -45    145    -40    512    118    176
   269    -23    161    277     48    140     -9    -44     38    -41    -41    206     17    392    125    313
   272    -44     75     -7     91     10    219    -44     47     44      6    165     89    212     83    374
   423     61    129     54    292    -31    206    -41     89    196     82    142    238    227    291    506
