     2     -7    -12      4      6      5     -6    -11      3      2     12      5      2     -4    -14    -14
     2      3      4      9      7      4     -5    -10      1     10      8      0     14     24    -14    -14
   -17     -1      2     12     13      8     -3     -2      9     20     -4     -6     14     26     -7    -12
     0      5      5     -1      0     16     49     69     68     64      7     -9     13     20     -1     21
    50     37     36     -8     -5     44     60     65     60     52     18     -1     12     20     48     70
    56     41     35     18     -3     33     23     34     37      2      8      4     34     39     70     71
    29     25     21     24      4     -9     -9     10     10    -14     -8     21     62     70     71     73
    21     17     13     26     27     -1     -6     38     28    -13     -4     41     63     66     71     73
    21     19     17     16     30     26     10      7     13      8      6     29     60     68     72     73
    18     17     16     14      9     32     14      6     12      8     12     19     62     60     44     37
    18     26     29     23     16     29     20      7     11      1     11     21     67     67     71     39
    19     19     19     19     28      0      4      1      2      0     10     13     66     64     71     52
    16     14      2      4     30     16      7      2     -3     -8      6      2     41     43     71     58
    16      7     -7      3      4     27      9     10      7     -3      4      2      2     48     70     64
    20     15     15      5      8     28     34     14      7      0      2      0      5     59     70     68
    23     18      9     12     15     56     39     12      3      2     -1     -1     17     55     70     68
