   207    147    137    106    141    126    148    173    102     78     25     13     64     82    133    210
   206     77     81     74     87     71    109    157     68     -4    -34    -33    -14     30    119    183
   130     31    -32    -21     27     57     85     86     39    -35    -35    -32     20     51    115    189
   195      5    -32    -34    -10    -19     35     68     55    -40    -31    -30     62     20     58    289
   431     40    -21    -31    -33    -32    -44    -44    -42    -38    -33    -15    119    118     50    433
   467     -4     -4     -8    -31    -18    -11    -29     46     47     26      2     51     18    -37    348
   311    -35     10     -3    -31     -1      1    -28    -27     43     55     23    -13    -45    -47    282
   279    -34      6    -15    -32     21     45    -30    -27     82     48     20    -40    -43    -46    254
   285    -34    -34    -33    -29     25     24     23     17     87     57     61    -20    -45    -46    363
   295    -27    -34    -32     -7     17     34     47     17     45     49     41    -38     76    102    459
   285    -35    -35     17    102    157     84    111    100     80     96     63    -35     54     61    408
   269    -33    -31     56    158    197    201    178    236    240    174    118    -37    -44    -45    409
   258    -24     27     32    188    197    232    223    210    245    247    167     -9    -34    -46    383
   291     19     59    -20     39    114    221    178    134    223    229    154     27    -33    -45    366
   305     11      3    -33    -19     90    108     43     -7     88    143     91     31    -35    -46    361
   566    462    376    393    495    769    704    441    332    321    316    322    448    716    877    860
