     0     47    152    125      9      4    215     63    279    281      7     78    248      0    202      2
     1    231    108    106     42     38    215     56    232     -3    103     63    433      0    329      2
     1    171     65      1      8      6    222     40     41     -5    192    146    389      0    239    135
    -1    385     24    142     76    365    129     76     -2    -10    212    167    355     -2    382    226
    -3    560     -2    183    186    552     52    139    -14     61      8    235    329     47    558    -10
   -13     59     46    144    265    147     96     43     -1    156    150    279    229    207    267    -11
    -9      9    119     -4    126    251     59    297    116    172    213    202     81    -17    -18    -13
    -5      5    101     41     -3    281    241    212     95    207    211    262    -15     26    -18    -15
    14     17     -7    202     59    260    399    272    264     36    325    224     50    -17    -13    -13
    24     36     -6     -5    506     23    234    227    245    337    291    258    218    170     17     65
    31    104     24    181    352    305     44     76     21    220     -2    236    336    215    -13     71
     5     -5    344    348     83    162     13      3    137    190      0    261    429    487    -17    131
    -6     -4    412    210    576    117     30     49      4    154      5    158    295    482    -17     39
    -5     -1    373     61    347     -2     58    217     29    199    114    238    199    486    -17    -10
    -7     38     40    245    293      5     64    261    126      0    336    215    152    441    -18    -11
    -8     -7     67    217    301    109     58    132     97     18    283    247     18    316    -18    -11
