   -30    -30    -21    -32    -36    -38     60    -29      9    115    -43    -43    -37    -29     77    -27
   177     94    -33    -36     35    -37    114    -29     65    -39    -22     44     99     36    149    -27
   132     37    -11    -14    -47    -37     90    -30    -29    -45     13     55     21    -40     10    -27
   199     91    147     10    -20    -44    -37    -50    -62    -59     21     63      8    -43      1    -28
   197    125     97     42    -37    -42    214     -3    -64    195    -41     22    -40    -48     37    -56
   -32    217     34     22    -27    -27    135     18     -5    177    146     36    -46    -42    -50    -62
    68      9    171    -47    -36     99     37    159    234     55    203    -43    -57    -68    -70    -61
     4      1    131     32    -41    112     24    -30     65     10     54    -47    -66    -67    -71    -60
   -40     33    -12    209     -7    192      3    223     24     37     91     83    -56      1     -3    -61
   -41      9    -22    -10    330    -41    100    113    -18    192    -22     97    -55    116    -53     90
   -40     72     77     74    198      3      4    -27     -2     45    -36     16    -58     77    -62     45
    -4     -2    355    484    -40    104    -36    -36     70    129    -39     71    -52    338    -67    112
    83    -36    481    399    280      8    -38    -34     42     88    -32    152    -41    446    -69     23
    57    -28    373     16    153    -50    -42    -34     87    108     47    261    -36     57    -68    -59
     5    -36    143     -2    229    -51     37    -39     94     25    190    162    -35    -45    -69    -60
    12    -36     90    -12    167    -55    -22    -38     85     49    130     48    -31    -11    -35    -58
