   -13    -14    -13    -14    -15    -16    -13    -13    -12    -13    -17    -17    -15    -12    -12    -12
   146     16    142     97     72     21    -13     25    -10      5     53     47    -16     20     13    -12
    97    227    165    201     32     55    126    203    162    147    -16    -14     -7    112     25    -12
   -11      2     35      6    143     17     -2    -20    -24    -23    -16      7    -15     23     29     83
    14    -14      4    -15    -15    -16    -25    107     73    -20    -16    -15    -16    -14    -17    -22
    12    -17    -21    -15     -5    294    336    385    374    223    104    -17    168    251     12    103
   163    153     64     71     39     97    141    126    134      2     -7    -18     29     83     -7    -17
     3     48     53     31    -17    -11    -11      1     85     29    -11    -19    -26      6      2     25
   -16     26    -13      3    -18    -12    161    416    162    -14     56     13     -4    -26    -26    -23
    45     85    104     33     22     12    -14    -12    144    152     34    -18    111    272    302    227
    10    -16    -16    116     82     84     -4     35    196    102     17    -18    -23    -25    -25    -20
     4     79      5    -12    -18    236    230     87    -16    -16     83     55    -21    -24     32    -22
    34     53    119    175     70     89     64    115    124    166    153    115    165    -16     43    -24
   144    232    189     57    133     91     81      0    -13     18     -5     44     46    -15     30     -9
   -16    -14    -14    168    167     64     14     25    -13     99    134     70    -11    -18    -13    -24
   -17    115    113    -15    -15    -22    -15     -6      1     62     11    -13    -15    -18    -27     15
