   248    169    131    116    134    174    158    111    133    222    224    218    250    234    124    105
   -32    104    166    192    162    -22    -27    -35    -36     71    -34    -34    118    204    -24      5
   121     12    -36     25    149    143    230    472    459    272    -32    -32    -34     75     63    110
   253    164    126    -34    -34    143    367    443    411    269     75    -31    -34     94    171    509
   535    206    242    -31    -32     87    147    -64    -63    -50     62     30    -35    -39    310    511
   219    -50    159    179    -32    -37    -34    -37    -35    -32    -34      4    232    206    177    127
   -48    -48    -47    163    198     13     27    252    208    -25    -31    101    214    190     55    153
   118     -3    -45    -46    237    171    110    285    261    231     47     94     76    -72    -65    149
    93    -32    -23    -44      9    235     68    -32     -6    206     65    -41    -61    -73    -72    125
    65      9      1    -27    -35    192    109     93     31    -36    -13    -43     37     16    -29    -59
    20     23     38    158    171    -44    -14    -44    -39    -40    -44    -45     51    154    181    256
    -6    -44    -41    -43     33     35    -42    -41    -40    -41    -44    -43    -53    -65     11    264
   -31    -43    -31    -32    -33    141     13    -40    -37    -36    -40    -39    -41    -39    -18    129
   134     85     20     26    -30    128     76      5     11    -14    -27    -34    -37      8     61    169
   200    143    117    -37    -40    171    137    -16     21     36    -33    -34    -37     33     51    131
    40    -46    -38    -34    -21     25    -51    -41     -5     13    -33    -36    -43    -51    -74     80
