    86     98     60    -42      2     66    118     40    -35    167    -54     -1     79    192    -30    207
    -2     92     83    -25    123    -23     44      0    -31     -9    -47     12    -44    289     40    172
    13      1     13      1     84    112     -5     14     -1     88     -2    -41    -44    128    145    276
   103    -34    179     19     39    -51    104    -16     65    223    273     -9    -40     98     15    470
   473    293    437    251    -26    -29     13    -52     61     60    246    171     13    -66     21    531
   -77    405    -24    408     17    -41     -2    -41    -39    125    -34    193    -58     94    -79    499
   -51     33    115    274    208    -13    -31    -36    146     68     75    -17    -52    -40      1    527
   -56    -12     84     94    274    340    124    -46    418    237     50    -63      8     40    -71    535
   -43     12     39    134    -69    542    141    214    -42    251    133      6    -40    -32    -85    639
   -68     28    118    160    234    365    245    103     60     60    -11    -57    -58     58     99    170
    -2     60    209     26    356    -48    158     40     63      8     48    -35     23     -7     81    590
   -63    172    -52    208    457    282    -12     17     57    -43    115    131    -49   -109    165    611
     9    143     39    248     95    395      5    -15     77     12     29     68    -54    -53     66    509
   -31    151    181     66    280     63    170     30     74    136     47    137     -5    -50    -86    565
    57     64    167    -40     41    -66     89    -45     45    135     10     74     82    -66    -69    496
    -5    111     26    -32     84    -71    164    115     26     68      8    -12     80     27    -35    732
