    20     21     25     15      3      3     26     25     22     23      2      5      9     23     27     26
    29     21     20     11      6      4     25     24     23      1      7     11     12     16     27     26
    34     29     10      3     -2      4     23     24     23     -6      9     14     12      5     26     26
    23     14     11      8     12      5      6    -27    -53    -32     12     20     17      0     21     24
    11     12     11     16     12      7    -53    -55    -49    -22      4     18     16     -9      4    -39
   -36    -17    -24     17     16     16     23     16     18     29     23      9     -1      0    -24    -52
   -11    -12     -8     -3     11     29     27     21     24     30     32      3    -34    -68    -74    -52
   -11    -10     -4     -9      3     22     19     10     23     29     31     -7    -63    -64    -73    -51
   -13     -9     -8     -1    -14     21     17     26     14     14     15      4    -39    -69    -69    -53
   -12     -8     -8      1     17     -9      5     19     16     17     10      0    -36    -30    -32    -12
    -9    -11     -8     -2     24      2     -1      4     15     13      1     -4    -38    -57    -58    -14
    -7     -2      5      4      5     12     12     12     16     15      3      4    -23    -56    -69    -33
    -4      1     27     21     25      6      9     15     23     27     19     11      2      2    -72    -46
     0     19     33     21     30    -13      6      9     15     19     14     21     11      5    -69    -47
    -6      0      6      7      6    -11      0     -1     10     17     24     20     12    -10    -71    -53
   -14     -7      6      5     -4    -29    -16      3      8     14     19     12      1    -19    -73    -49
