   231    100     -7    -18     53    114    134      0     47     28    217    172    100    118    100     56
   189     40    183     23    -39    -39    -30    -12      2    144    200    -36    -35     33    -30      5
   -29    -30     35    185    147    105    108     42    -32     12     -2    -35     -1    -21     24     57
   106    139      9      1    -28    104    146    312    251    333    -35    -32      4     -2    100    -32
   -37    321    130    -32     21    391    626    209    200    174     65    -33    -16    100    -39    490
   138    280    109    -21     64    398    -33    -31    110    -30     -5      3    -31    -41    178    139
   -47    -47     -5     19     24    -31    -20    -34     51     -4    -29    -39     89    304    187    -14
   -47    -46    -44     65    -12    120     51    658    155    -30    -14    127    117    -66     28      5
   -26     41     24    -11    132    -33    159    173    -36    212     46    -38    -56    320    187    197
   -46    -32     46      7    -34    -45     50    -34    210    119      7     -6    -55     14    -54    -46
   -46    251    193     53     -3     75     86    135    347     13     68    114     23    146     91     24
     4     38     34    236     52    -36    -36    -36    126    142    100      4    161    305    -68     85
     9    -11    -28    -33     49    -38     73     77    -23    -30    -33     74     69    -40    -69     38
   -42    -34    -29    -29     14    175     84     36     98     77    196      3    -36    -39    -61     45
   -44     77    240     50     90    -44    113     63     -2     24     -9    -33    -36     -1    -69     54
   129    121      5    118    145    371    292    115     53     56     89     48    145     99    219    299
