   -27    -34    -37    -26    -25    -24    -33    -37    -29    -28    -16    -22    -26    -32    -40    -39
   -27    -25    -23    -21    -22    -25    -33    -36    -29    -16    -18    -26    -15     -9    -39    -39
   -43    -28    -25    -17    -15    -21    -31    -30    -23    -13    -27    -33    -14     -6    -33    -38
   -31    -22    -22    -28    -25    -15      7     21     19     18    -22    -34    -15    -10    -29    -13
     3      0      0    -33    -31      3     15     19     15      9    -15    -29    -16    -10      6     21
     8     -1     -1    -12    -32     -5    -13     -4     -1    -28    -23    -23     -2     -1     20     21
   -11    -14    -12     -9    -23    -38    -39    -24    -24    -42    -34    -11     16     20     20     22
   -17    -19    -20     -7     -7    -31    -35     -3    -10    -40    -32      3     16     18     21     22
   -15    -16    -18    -18     -6    -10    -23    -25    -20    -23    -24     -5     14     19     21     22
   -17    -18    -18    -21    -24     -7    -20    -26    -20    -22    -20    -12     15     14      4      0
   -17    -11     -9    -13    -16     -7    -13    -24    -20    -28    -20    -11     18     18     21      0
   -17    -17    -16    -15     -7    -27    -24    -25    -25    -26    -19    -17     18     17     21      9
   -19    -20    -27    -25     -4    -15    -21    -24    -30    -32    -22    -25      1      1     21     12
   -19    -25    -35    -25    -27     -8    -18    -23    -25    -30    -23    -25    -27      5     20     17
   -16    -19    -19    -25    -25     -5      0    -20    -26    -30    -26    -27    -25     13     21     19
   -13    -17    -24    -22    -19     13      2    -20    -28    -27    -29    -31    -20     10     20     20
