131 128 129 132 136 127 133 130 175 202 148 114 123 139 133 128 119 109  90 111 187 139  91 145 121 134 162 159 137 120 157 139
167 157 151 144 138 128 139 153 179 201 160 128 131 140 135 136 143 140 133 132 198 148 116 154 137 112 162 160 124  96 148 144
230 229 215 205 193 175 180 195 186 202 152 129 131 142 143 138 136 137 140 139 204 178 131 145 172 115 148 147 144 116 130 116
230 232 230 230 237 229 231 232 189 182 144 135 161 166 156 145 140 146 158 166 207 180 135 133 170 131 126 126 131 108 121 101
237 233 230 235 234 224 238 239 199 185 139 157 231 224 212 200 189 178 184 160 195 149 131 155 167 132 107 126 123 113 122  99
234 235 235 236 238 229 244 240 195 177 147 160 234 235 170 147 133 106 103 115 112  84  89 130 172 180 151 115 118 116  99  88
235 236 234 235 238 230 242 241 187 166 145 161 237 184  95  65  42  37  52  87  84  28  24  38 108 178 180  81  92  96  70  77
234 235 233 234 238 230 242 240 196 189 158 160 226 137 177 154  77  84  23  21  85  99 107  63  30  75 170  92  73  89  65  89
231 233 232 234 238 231 242 240 196 182 155 166 172 173 210 200 177 136  22  25  97 150 125  95  50  30 145 128  75  86  52  97
230 233 232 233 238 231 240 239 197 174 166 149 149 202 203 208 198 114  17  28  57 104  77  90  74  31  82 107  85  67  64  79
234 234 232 233 241 236 249 243 205 182 158 139 138 115 140 189 150  49  21  51  71  57  43  73  81  36  41  90  77  45  79  81
238 238 239 242 233 219 214 211 182 178 153 133 129 127 115 127 100  65  61  77  97  55  40  39  52  70  97 100  91  69  81  71
237 242 227 213 173 163 155 151 162 170 148 139 137 147 146 131 128 110 129 115  84  74  93  93  98 120 124 116 107 110  99  66
236 208 165 155 148 149 148 151 156 158 154 155 147 144 142 134 127 125 131 132 126 112 122 120 125 122 111 103  99 111 107  84
228 121  72  91 108 124 154 178 184 188 168 147 145 140 140 137 132 127 124 127 127 124 120 119 117 114 115 111 110 101  97  76
232 112  43  40  38  50 104 168 171 185 163 136 126 132 134 130 124 122 117 123 120 121 120 116 117 118 117 118 106  95 101  82
236 169  62  35  39  67  90 136 127 160 154 122 119 134 113 114 113 110 114 115 116 116 113 113 110 115 120  91  51 100 119  94
236 177  62  43  48  62 118 133 152 192 163 121 135  76  31  41 101 125 121 123 121 122 121 121 123 130 123  68  38  99 130 125
222 158  95  83  66  58  87 111 174 225 165 134 119  27  26  23  74 131 135 136 136 133 132 134 134 139 117  89  80 101 144 123
232 171 119  93  95 101 108 137 173 191 168 126  73  34  76  34  61 131 138 139 138 134 133 130 133 135  96  73 108 122 162 142
240 165 119 149  98 102 124 150 150 167 151 114  43  70 108  45  54 139 139 137 135 137 137 134 130 130  86  57 105 146 173 154
236 217 162 200  79  51  72 130 122 125 118  92  46  57  80  73  54 136 141 140 132 124 120 124 121 120  65  67 102 189 219 183
241 174 118 207 132 108  89  99  94  95 101  60  48  42  52  86  72 129 126 123 118 111 111 112 117  94  54  76 126 202 222 208
231 159  91 131  81  48  60  62  64  60  55  35  41  54  67  74  82 119 116 101  98  98  96  85  88  67  46  78 114 177 195 205
242 238 172  91  47  53  47  49  66  58  48  41  46  57  93  87  78  84  65  48  41  38  44  48  49  50  47  76  89  69 113 186
234 237 237 197  67  48  53  63  68  74  59  46  46  65  88 101  50  44  35  27  24  26  28  28  34  50  60  68  98 133 189 212
231 230 227 175  62  38  43  50  51  53  43  42  46  66  80  88  38  27  24  26  33  57  88 111 135 161 167 165 188 222 229 230
229 225 223 144  60  32  29  36  43  38  36  49  59  55 101  68  21  36  60 100 147 190 212 234 239 237 238 239 239 229 228 227
228 229 228 216 184 127  94  65  43  40  36  39  51  51  68  62  96 164 203 217 232 239 236 238 236 233 234 233 233 232 232 232
232 231 231 229 226 228 211 186 152 125 142 167 136 110 131 181 223 231 232 232 232 234 235 237 237 236 236 236 235 235 234 234
231 232 234 233 232 229 231 237 240 230 233 247 240 225 235 245 228 233 237 236 237 238 237 238 237 236 236 237 237 236 236 234
231 232 233 234 234 231 235 234 231 234 234 235 236 242 241 234 234 237 238 238 238 239 239 238 237 236 237 237 237 236 236 234
