1.421374
0.972468
1.180270
-0.673731
1.195524
2.866479
-0.372020
2.919837
2.818594
4.995597
2.396051
2.628208
0.792337
2.482774
0.774056
1.522163
1.441878
4.364058
1.781181
0.559040
3.459395
1.853779
2.977865
-0.136892
0.720001
-0.271491
0.726087
1.485076
0.720324
0.328508
0.176269
1.535073
1.150340
0.847567
0.163375
2.631860
5.708918
-0.112952
-0.400725
3.067831
3.513525
1.359631
2.368370
1.557983
0.740923
2.372421
0.609718
1.788685
2.228431
1.125237
2.309632
1.530341
1.127701
-0.690277
2.500714
3.270093
