-0.07031250
-0.50781250
-0.18750000
0.31250000
-0.10937500
0.16406250
0.00000000
0.05468750
-0.34375000
-0.27343750
0.00781250
-0.07812500
0.06250000
-0.26562500
-0.06250000
0.10937500
0.09375000
0.03125000
-0.15625000
0.00000000
0.03125000
-0.25781250
-0.21875000
-0.11718750
-0.39062500
-0.17187500
0.10156250
0.00000000
0.07812500
-0.10156250
-0.11718750
-0.25000000
-0.25781250
-0.33593750
0.02343750
0.07031250
-0.45312500
0.32031250
0.21093750
-0.14843750
-0.05468750
-0.03906250
-0.15625000
-0.22656250
0.18750000
-0.62500000
-0.08593750
-0.12500000
-0.10937500
-0.16406250
0.05468750
-0.09375000
-0.47656250
-0.25000000
-0.47656250
0.08593750
