0.17968750
-0.28906250
-0.14843750
0.03125000
0.32031250
-0.07031250
0.42968750
0.14062500
0.05468750
0.28125000
-0.17968750
0.10156250
-0.06250000
-0.15625000
-0.06250000
0.13281250
0.13281250
0.39843750
0.02343750
0.07812500
0.12500000
-0.17187500
-0.00781250
-0.06250000
0.13281250
-0.10156250
-0.28906250
-0.06250000
0.05468750
0.10156250
-0.07812500
0.12500000
-0.13281250
-0.04687500
-0.21093750
0.22656250
0.32031250
0.14843750
-0.04687500
0.17968750
0.01562500
0.28125000
0.14062500
0.40625000
0.33593750
0.06250000
0.50781250
0.04687500
0.03906250
-0.22656250
-0.14062500
0.08593750
-0.03125000
0.06250000
-0.01562500
-0.17968750
