-0.04687500
-0.32031250
-0.26562500
-0.41406250
-0.03125000
-0.20312500
-0.07812500
-0.17187500
-0.09375000
0.04687500
-0.38281250
-0.18750000
-0.07031250
-0.47656250
-0.47656250
-0.13281250
-0.14843750
0.03125000
-0.37500000
-0.30468750
-0.23437500
-0.16406250
-0.41406250
-0.11718750
-0.21875000
-0.07812500
-0.23437500
-0.14062500
-0.03125000
-0.31250000
-0.20312500
-0.01562500
-0.07031250
-0.16406250
-0.11718750
-0.23437500
-0.09375000
-0.04687500
-0.07031250
-0.15625000
-0.31250000
0.01562500
-0.09375000
0.03906250
-0.17187500
-0.12500000
-0.10156250
-0.14843750
-0.07031250
-0.32031250
-0.28125000
-0.10937500
-0.14843750
-0.07812500
-0.28906250
-0.25000000
