8.273485302925109863e-02
-2.170483916997909546e-01
1.347588468343019485e-02
-2.311096340417861938e-01
5.829796567559242249e-02
2.792550809681415558e-02
-1.525353174656629562e-02
3.447921201586723328e-02
4.920370131731033325e-02
-2.587506473064422607e-01
-2.312744557857513428e-01
-2.575748860836029053e-01
7.352384179830551147e-02
3.199860826134681702e-02
3.230961784720420837e-02
-9.868400543928146362e-02
4.830857738852500916e-02
6.118259858340024948e-03
4.462232440710067749e-02
-1.608546823263168335e-01
9.175183624029159546e-02
-1.852864176034927368e-01
-7.838297635316848755e-02
-6.558446679264307022e-03
-1.762543916702270508e-01
5.339200422167778015e-02
-1.084467172622680664e-01
5.388196557760238647e-02
-7.151136547327041626e-02
5.052742362022399902e-02
1.033188104629516602e-01
4.079421982169151306e-02
9.144263714551925659e-02
-7.612056285142898560e-02
-2.069612294435501099e-01
-1.261584907770156860e-01
1.070450991392135620e-01
-1.450000554323196411e-01
-3.767159953713417053e-02
9.194165468215942383e-02
1.062157973647117615e-01
1.201454699039459229e-01
-9.874983876943588257e-02
-2.526493929326534271e-02
-1.331640779972076416e-01
1.074002608656883240e-01
-7.282489538192749023e-02
8.119998127222061157e-02
-1.248052492737770081e-01
9.797185659408569336e-02
-6.487606465816497803e-02
-7.777735590934753418e-02
-5.017596483230590820e-02
1.433315873146057129e-01
-2.585039287805557251e-02
-2.205372974276542664e-02
2.167018502950668335e-02
6.483573466539382935e-02
1.311308592557907104e-01
1.259862333536148071e-01
1.118733286857604980e-01
1.127669513225555420e-01
-1.562734693288803101e-01
-1.634396463632583618e-01
-1.704681813716888428e-01
-1.662119626998901367e-01
-1.758670657873153687e-01
-1.841047704219818115e-01
1.353640705347061157e-01
1.116622760891914368e-01
-5.101512372493743896e-02
1.156981885433197021e-01
3.405544161796569824e-02
-1.139598637819290161e-01
-9.096744656562805176e-02
5.099228769540786743e-02
-1.498849391937255859e-01
-1.068071573972702026e-01
1.429760754108428955e-01
1.008346751332283020e-01
5.412306636571884155e-02
-1.339918822050094604e-01
-7.164536416530609131e-02
-4.499930143356323242e-02
-1.690689101815223694e-02
1.102437898516654968e-01
1.253414303064346313e-01
-6.335107237100601196e-02
1.120440661907196045e-01
9.457936882972717285e-02
7.211736589670181274e-02
-2.665775120258331299e-01
4.751317203044891357e-02
5.872021894901990891e-03
6.762345135211944580e-02
-1.704706847667694092e-01
5.761657282710075378e-02
-1.781057417392730713e-01
-1.287673860788345337e-01
-1.840517371892929077e-01
-1.541660279035568237e-01
9.974191337823867798e-02
2.657766826450824738e-02
-8.591038733720779419e-02
1.467583626508712769e-01
-1.082141622900962830e-01
-2.066914439201354980e-01
1.235999464988708496e-01
-9.028546512126922607e-02
9.889993816614151001e-02
3.404562547802925110e-02
1.003358736634254456e-01
-1.188831031322479248e-01
-4.227588698267936707e-02
-8.434021472930908203e-02
-2.384147644042968750e-01
-2.918164730072021484e-01
-9.508571773767471313e-02
1.870741881430149078e-02
-1.815387792885303497e-02
-4.362098127603530884e-02
-1.199863925576210022e-01
-3.281283751130104065e-02
-1.056257039308547974e-01
9.526864439249038696e-02
1.171112880110740662e-01
1.560255140066146851e-01
1.124919578433036804e-01
-6.392414867877960205e-02
-1.157716363668441772e-01
-1.772352606058120728e-01
9.242405742406845093e-02
-7.083024084568023682e-02
2.559798210859298706e-02
6.209206208586692810e-02
1.212203316390514374e-02
-2.182005345821380615e-01
-2.263843268156051636e-01
-1.793619841337203979e-01
7.769384235143661499e-02
-1.256706863641738892e-01
1.012129113078117371e-01
-1.283742636442184448e-01
-2.208335883915424347e-02
8.633802644908428192e-03
4.743709415197372437e-02
6.427519768476486206e-02
-1.086640879511833191e-01
-1.203486695885658264e-01
-1.986753344535827637e-01
1.096716076135635376e-01
7.173284143209457397e-02
-1.133574321866035461e-01
7.539123296737670898e-02
-1.940751522779464722e-01
1.098751053214073181e-01
1.020901091396808624e-02
8.294877409934997559e-02
-2.000029236078262329e-01
6.998929381370544434e-02
4.586533829569816589e-02
-1.705573052167892456e-01
-1.566569209098815918e-01
8.448578417301177979e-02
8.325199782848358154e-02
-6.717699766159057617e-02
-1.500885039567947388e-01
9.224453568458557129e-02
1.054278537631034851e-01
5.133483931422233582e-02
-1.306870728731155396e-01
3.210644051432609558e-02
-1.758118271827697754e-01
-5.088339373469352722e-02
-3.962212055921554565e-02
5.975210294127464294e-02
1.134711652994155884e-01
3.801621869206428528e-02
-1.704618185758590698e-01
-2.019695639610290527e-01
-8.251910656690597534e-02
-1.401035934686660767e-01
-1.533273160457611084e-01
8.448347449302673340e-02
4.733913391828536987e-02
-7.211124897003173828e-02
-5.014265328645706177e-02
-1.197401210665702820e-01
5.619246512651443481e-02
2.750908210873603821e-02
-1.351576019078493118e-02
1.449720710515975952e-01
-5.255192518234252930e-02
1.251264959573745728e-01
-1.450241357088088989e-01
1.209889799356460571e-01
1.171907931566238403e-01
5.713033303618431091e-02
1.064854860305786133e-01
-1.560564488172531128e-01
-1.238257959485054016e-01
-9.348522126674652100e-02
8.968729525804519653e-02
7.350014150142669678e-02
-1.701250225305557251e-01
8.391878753900527954e-02
2.664266712963581085e-02
-1.698375642299652100e-01
1.042994782328605652e-01
9.709230065345764160e-02
-3.289463743567466736e-02
-2.502927184104919434e-02
4.550213366746902466e-02
-1.216696053743362427e-01
-2.174728810787200928e-01
6.402762234210968018e-02
-2.221347391605377197e-01
4.435835778713226318e-02
-1.056016311049461365e-01
-3.653344698250293732e-03
-1.177359893918037415e-01
1.381336748600006104e-01
-6.427545845508575439e-02
-8.938016742467880249e-02
-8.471242338418960571e-02
-1.051144227385520935e-01
-8.635009825229644775e-02
1.586739718914031982e-01
1.235227286815643311e-01
-3.777499869465827942e-02
4.629268869757652283e-02
-2.371264994144439697e-02
1.350445486605167389e-02
-1.885880082845687866e-01
5.433563515543937683e-02
-1.482764184474945068e-01
-2.044252902269363403e-01
-2.446154057979583740e-01
5.480870604515075684e-02
4.826476052403450012e-02
-1.471054553985595703e-01
1.299040615558624268e-01
-4.868036881089210510e-02
1.080528497695922852e-01
1.715488499030470848e-03
1.077407002449035645e-01
-1.103049591183662415e-01
-1.278222054243087769e-01
-1.918026506900787354e-01
1.404920220375061035e-01
-6.255507469177246094e-02
-3.540330007672309875e-02
5.326658487319946289e-03
1.093556284904479980e-01
-7.389089465141296387e-02
-7.489334791898727417e-02
-4.740963503718376160e-02
1.574829220771789551e-01
1.077592596411705017e-01
1.049433648586273193e-01
-2.225535511970520020e-01
1.292580664157867432e-01
6.019695103168487549e-02
5.885184556245803833e-02
5.558469519019126892e-02
-1.509555894881486893e-02
-8.594012260437011719e-02
-1.769661158323287964e-02
-1.645597368478775024e-01
3.314339369535446167e-02
1.269724518060684204e-01
-1.753128021955490112e-01
-6.933471560478210449e-02
9.008739143610000610e-02
1.135104894638061523e-01
8.890643715858459473e-02
-5.544640123844146729e-02
-1.397765427827835083e-02
-1.993332803249359131e-01
-1.097634434700012207e-01
-1.380816400051116943e-01
-1.403325796127319336e-01
8.870216459035873413e-02
3.827345743775367737e-02
-9.601251035928726196e-02
5.108553543686866760e-02
4.926156252622604370e-02
-1.069021001458168030e-01
1.299758702516555786e-01
-1.479997485876083374e-01
-3.893810212612152100e-01
-3.415844738483428955e-01
5.652675032615661621e-02
-1.763132587075233459e-02
3.559025377035140991e-02
6.604202091693878174e-02
3.874154388904571533e-02
5.006291344761848450e-02
-3.080647587776184082e-01
-1.844287812709808350e-01
-2.075208909809589386e-02
1.448044031858444214e-01
1.042730286717414856e-01
9.288682043552398682e-02
-1.519255787134170532e-01
1.152384281158447266e-01
-4.749963060021400452e-02
8.643772453069686890e-02
-1.020285859704017639e-01
-1.514132320880889893e-01
9.514226019382476807e-02
-3.113475143909454346e-01
9.828325361013412476e-02
8.565674722194671631e-02
6.659204512834548950e-02
-1.521389186382293701e-01
9.218895435333251953e-02
-1.689922064542770386e-01
7.969909161329269409e-02
-1.882216036319732666e-01
-1.366176009178161621e-01
1.090617924928665161e-01
-1.230447664856910706e-01
1.004817336797714233e-01
-6.201713159680366516e-02
1.059357225894927979e-01
-1.427807211875915527e-01
-2.869010716676712036e-02
9.648221731185913086e-02
7.561715692281723022e-02
6.333227455615997314e-02
1.617343351244926453e-02
-1.559277474880218506e-01
1.002897694706916809e-01
-1.151867285370826721e-01
7.123675942420959473e-02
-2.055822014808654785e-01
5.584227852523326874e-03
9.691868722438812256e-02
1.220040023326873779e-01
-1.360548194497823715e-02
9.156647324562072754e-02
1.493275463581085205e-01
-1.265112161636352539e-01
4.605140909552574158e-02
-1.547641307115554810e-01
-1.442755013704299927e-01
8.366101235151290894e-02
1.180963441729545593e-01
1.220187619328498840e-01
7.776065915822982788e-02
6.532762199640274048e-02
-1.395926326513290405e-01
1.532573625445365906e-02
-1.006103977560997009e-01
-1.655142605304718018e-01
-1.546915620565414429e-01
1.054206639528274536e-01
-1.713115572929382324e-01
-4.813741147518157959e-02
1.479734778404235840e-01
1.100316792726516724e-01
-1.208400800824165344e-01
-1.050713360309600830e-01
5.333236232399940491e-02
-1.355038434267044067e-01
-1.447822004556655884e-01
-1.340528279542922974e-01
1.780307665467262268e-02
6.785860657691955566e-02
3.655270114541053772e-02
7.481999695301055908e-02
-5.934294685721397400e-02
6.110711395740509033e-02
-2.089990079402923584e-01
-1.243455484509468079e-01
-1.362127512693405151e-01
7.653172314167022705e-02
-1.526501178741455078e-01
8.538163453340530396e-02
-8.929317444562911987e-02
3.115882398560643196e-03
-5.042872577905654907e-02
-8.388407528400421143e-03
1.343555599451065063e-01
-2.897819690406322479e-02
1.777665764093399048e-01
1.290900856256484985e-01
1.175577566027641296e-02
6.685690581798553467e-02
1.078382208943367004e-01
3.551441803574562073e-02
-1.699533313512802124e-01
-3.672874718904495239e-02
-1.683378666639328003e-01
1.321064308285713196e-02
2.835233323276042938e-02
6.613287329673767090e-02
-1.260168254375457764e-01
2.298793755471706390e-02
-6.121420860290527344e-02
2.072969377040863037e-01
-5.698028951883316040e-02
-6.512639671564102173e-02
-4.984937235713005066e-02
1.309590041637420654e-01
-1.086650341749191284e-01
1.108572706580162048e-01
-1.011561006307601929e-01
1.776111423969268799e-01
1.237658634781837463e-01
-1.269072741270065308e-01
-7.996039092540740967e-02
-6.831462681293487549e-02
1.982832700014114380e-02
-9.659697115421295166e-02
-5.204485356807708740e-02
1.384648382663726807e-01
1.579500436782836914e-01
8.875344693660736084e-02
9.891810268163681030e-02
-2.251446545124053955e-01
6.669419258832931519e-02
1.505420915782451630e-02
7.056833803653717041e-02
-4.051073268055915833e-02
-1.838442236185073853e-01
9.197189658880233765e-02
-2.144795507192611694e-01
-1.997797340154647827e-01
9.042576700448989868e-02
-2.061595320701599121e-01
8.504101634025573730e-02
8.457572013139724731e-02
8.939004689455032349e-02
9.818344563245773315e-02
-2.873072922229766846e-01
8.275976032018661499e-02
-1.952306330204010010e-01
-2.043223232030868530e-01
9.863523393869400024e-02
-2.195018827915191650e-01
6.747825443744659424e-02
8.914483338594436646e-02
-9.861224144697189331e-02
9.356743097305297852e-02
-1.336757689714431763e-01
1.001800522208213806e-01
-9.165495634078979492e-02
-5.414706468582153320e-02
-6.510848551988601685e-02
1.274430304765701294e-01
-6.999140232801437378e-02
-5.985793471336364746e-02
-5.576807260513305664e-02
-6.326082348823547363e-02
1.904275119304656982e-01
1.392161473631858826e-02
1.568768173456192017e-01
1.470638066530227661e-01
9.426774457097053528e-03
-2.398961931467056274e-01
-1.804178059101104736e-01
4.259769991040229797e-02
1.342966314405202866e-02
7.780139893293380737e-02
-2.409921139478683472e-01
3.210357576608657837e-02
-1.284558176994323730e-01
2.192107401788234711e-02
8.859556168317794800e-02
-5.038427561521530151e-02
1.181133314967155457e-01
-1.446176320314407349e-01
6.702800095081329346e-02
-9.835224598646163940e-02
1.080590859055519104e-01
-5.147874355316162109e-02
-1.454038918018341064e-01
5.010259151458740234e-02
-1.105011925101280212e-01
1.281386464834213257e-01
-9.141644090414047241e-02
5.813155695796012878e-02
1.010094359517097473e-01
-9.173665195703506470e-02
8.351901918649673462e-02
-1.447080373764038086e-01
-6.267644464969635010e-02
1.325518637895584106e-01
-2.027255743741989136e-01
1.176089122891426086e-01
3.568413853645324707e-02
-1.463076174259185791e-01
-4.821377620100975037e-02
-1.679060459136962891e-01
5.340067297220230103e-02
-7.477853447198867798e-02
-1.460904479026794434e-01
1.250411123037338257e-01
-4.855393618345260620e-02
-2.758941352367401123e-01
-6.840870529413223267e-02
-1.970403939485549927e-01
-2.737364359200000763e-02
9.987158328294754028e-02
-1.900266706943511963e-01
1.665751077234745026e-02
1.371165271848440170e-02
-2.208795249462127686e-01
9.245456196367740631e-03
3.262909129261970520e-02
3.595756739377975464e-02
-1.426795274019241333e-01
-2.072172909975051880e-01
-1.935765892267227173e-01
2.230332978069782257e-02
-1.329196095466613770e-01
2.111406251788139343e-02
-1.301718205213546753e-01
1.073370650410652161e-01
1.242835074663162231e-01
-2.299313666298985481e-03
-2.599861705675721169e-03
1.233821064233779907e-01
-1.201737374067306519e-01
-1.552755534648895264e-01
9.028847515583038330e-02
1.012362614274024963e-01
-1.219085976481437683e-01
1.069409698247909546e-01
-2.733695805072784424e-01
9.486246109008789062e-02
6.313765794038772583e-02
-3.205362334847450256e-02
1.069406270980834961e-01
1.322392970323562622e-01
8.985181152820587158e-02
-2.665032744407653809e-01
-9.320836514234542847e-02
-1.693117469549179077e-01
1.155460253357887268e-01
-1.024760454893112183e-01
9.265927225351333618e-02
-1.084956005215644836e-01
1.004933863878250122e-01
1.050269007682800293e-01
-9.213194251060485840e-02
-1.292725354433059692e-01
-1.263693422079086304e-01
-1.365901231765747070e-01
-2.145862877368927002e-01
5.172183737158775330e-02
2.346040122210979462e-02
6.492618471384048462e-02
7.516331225633621216e-02
-2.879670560359954834e-01
6.341978907585144043e-02
-2.086830586194992065e-01
-1.394041776657104492e-01
1.644408553838729858e-01
1.153784096240997314e-01
-9.936066716909408569e-02
-6.509140878915786743e-02
4.708921164274215698e-02
-6.398461014032363892e-02
1.609683334827423096e-01
-1.290524750947952271e-02
1.423645615577697754e-01
1.349737867712974548e-02
1.796589940786361694e-01
1.623453199863433838e-01
-7.022495567798614502e-02
-6.263354420661926270e-02
-6.003158912062644958e-02
-6.279575824737548828e-02
-8.606299012899398804e-02
-7.017675042152404785e-02
1.724393814802169800e-01
-4.273769631981849670e-02
-3.568022251129150391e-01
-2.633545994758605957e-01
-6.108406558632850647e-02
1.352320332080125809e-02
-5.011766217648983002e-03
1.246793475002050400e-02
-6.848694384098052979e-02
3.060963936150074005e-02
9.971585869789123535e-02
-1.954230219125747681e-01
-1.099095419049263000e-01
1.327092200517654419e-01
-1.030329838395118713e-01
1.351618915796279907e-01
7.661111652851104736e-02
-1.627502031624317169e-02
-1.528451144695281982e-01
1.491968929767608643e-01
-1.280797421932220459e-01
1.154519394040107727e-01
-5.652314424514770508e-02
-5.256119742989540100e-02
8.882346749305725098e-02
-6.963055580854415894e-02
1.260972023010253906e-01
1.022752225399017334e-01
1.062748730182647705e-01
-8.536434173583984375e-02
-5.210840702056884766e-02
-3.935410082340240479e-02
8.131605386734008789e-02
1.230378895998001099e-01
-5.842896923422813416e-02
-8.971234411001205444e-02
-6.842101365327835083e-02
-1.109817847609519958e-01
1.796492487192153931e-01
1.440288424491882324e-01
4.764252901077270508e-02
1.243672221899032593e-01
-1.671960502862930298e-01
1.436451971530914307e-01
-7.174450904130935669e-02
1.752308942377567291e-02
7.930058985948562622e-02
1.183518022298812866e-01
-1.855049282312393188e-01
8.829473704099655151e-02
-1.476877778768539429e-01
-1.710329949855804443e-01
-7.264784071594476700e-03
-1.374348998069763184e-01
8.085330575704574585e-02
-6.756459176540374756e-02
9.091612696647644043e-02
2.310431376099586487e-02
1.016241535544395447e-01
-1.853014230728149414e-01
1.093759760260581970e-01
-1.001109182834625244e-01
-1.112035568803548813e-02
-1.443775594234466553e-01
-1.219619810581207275e-01
7.441642135381698608e-02
-1.522699594497680664e-01
8.757742494344711304e-02
-1.354192197322845459e-01
-6.037962064146995544e-02
5.162860825657844543e-02
1.139349043369293213e-01
-1.818639338016510010e-01
1.323102265596389771e-01
-3.522358089685440063e-02
8.280256390571594238e-02
-4.446015506982803345e-02
-9.806425869464874268e-02
7.700175046920776367e-02
1.153601109981536865e-01
7.351810485124588013e-02
1.961960271000862122e-02
-1.836398094892501831e-01
-1.441317945718765259e-01
1.032286509871482849e-01
9.321352839469909668e-02
9.175002574920654297e-02
1.038224101066589355e-01
-1.981107592582702637e-01
9.412930905818939209e-02
-9.679148346185684204e-02
-2.046291232109069824e-01
1.419719010591506958e-01
-2.410997301340103149e-01
7.478551566600799561e-02
1.393086314201354980e-01
1.495073586702346802e-01
1.393574923276901245e-01
1.274947673082351685e-01
-8.999839774332940578e-04
-2.131095826625823975e-01
-2.017366141080856323e-01
1.130100935697555542e-01
-1.121516972780227661e-01
1.496702879667282104e-01
-1.155716329813003540e-01
-4.101492092013359070e-02
-8.090187609195709229e-02
7.522608339786529541e-02
1.385498512536287308e-02
1.513899117708206177e-01
-7.748562097549438477e-02
-9.715804457664489746e-02
1.288876682519912720e-01
-8.205665647983551025e-02
-1.048794612288475037e-01
-7.132677733898162842e-02
6.825023144483566284e-02
-7.768704742193222046e-02
-8.739409595727920532e-02
1.455650329589843750e-01
1.391194611787796021e-01
5.440326035022735596e-02
-6.330918520689010620e-02
-1.556473076343536377e-01
-1.233775317668914795e-01
5.949372053146362305e-02
7.461384683847427368e-02
-1.291845887899398804e-01
4.295749589800834656e-02
-6.177352368831634521e-02
7.417849451303482056e-02
4.118752852082252502e-02
-8.748208172619342804e-03
-2.335302531719207764e-01
1.810350082814693451e-02
-1.183737441897392273e-01
-3.658825904130935669e-02
-1.737772822380065918e-01
4.947044700384140015e-02
3.279642760753631592e-02
-1.549251377582550049e-01
1.196076422929763794e-01
1.079924479126930237e-01
1.088608056306838989e-01
-4.095620289444923401e-02
-2.338385283946990967e-01
-1.007024124264717102e-01
-9.524817019701004028e-02
-1.045532450079917908e-01
1.214362904429435730e-01
1.287551671266555786e-01
-1.853589117527008057e-01
-5.590479355305433273e-03
-1.017434373497962952e-01
5.141264200210571289e-02
1.002780795097351074e-01
1.434794515371322632e-01
1.542237848043441772e-01
1.241241544485092163e-01
-4.224020615220069885e-02
-2.660094574093818665e-02
-1.483401954174041748e-01
-9.656000882387161255e-02
-1.723320037126541138e-01
1.557773444801568985e-02
8.529702574014663696e-02
8.964398503303527832e-02
8.429004251956939697e-02
8.633168041706085205e-02
-1.322275847196578979e-01
-1.256452947854995728e-01
-1.581834703683853149e-01
-4.333332646638154984e-03
9.375897794961929321e-02
9.825976938009262085e-02
9.222281724214553833e-02
-1.675786077976226807e-01
9.211044758558273315e-02
-1.337261945009231567e-01
4.449317604303359985e-02
1.122806444764137268e-01
6.858868151903152466e-02
1.078116595745086670e-01
9.995876252651214600e-02
-1.012823730707168579e-01
9.496393799781799316e-02
-1.583513766527175903e-01
1.104273945093154907e-01
-3.147648647427558899e-02
-2.154505439102649689e-02
-1.025432944297790527e-01
-1.359756439924240112e-01
9.904121607542037964e-02
-1.250211447477340698e-01
-6.559486687183380127e-02
7.149786502122879028e-02
-9.731645137071609497e-02
-1.291362345218658447e-01
-1.122614741325378418e-01
1.334688663482666016e-01
1.105880588293075562e-01
-1.155251711606979370e-01
-2.720615565776824951e-01
1.249186992645263672e-01
1.082211211323738098e-01
1.317209750413894653e-01
1.459697633981704712e-01
1.468512564897537231e-01
-1.369396299123764038e-01
-3.032658398151397705e-01
-2.371658831834793091e-01
1.027809157967567444e-01
-1.959853321313858032e-01
-5.458001047372817993e-02
7.475076615810394287e-02
-5.671238899230957031e-02
-7.002901285886764526e-02
1.225015744566917419e-01
1.375119388103485107e-01
1.370300203561782837e-01
1.123251169919967651e-01
-4.706826433539390564e-02
-9.113349765539169312e-02
5.096518993377685547e-02
-5.284631624817848206e-02
1.410393863916397095e-01
-3.273886442184448242e-02
-2.117556333541870117e-02
1.586467325687408447e-01
1.862017065286636353e-01
-8.623704314231872559e-02
-8.836200088262557983e-02
-1.480777710676193237e-01
3.401988744735717773e-02
5.518121644854545593e-02
5.049626901745796204e-02
-1.047822311520576477e-01
3.170641139149665833e-02
-1.450525075197219849e-01
-2.220335453748703003e-01
-2.408282458782196045e-01
-8.230926841497421265e-02
-8.611886948347091675e-02
8.102706819772720337e-02
-1.509902626276016235e-01
8.582688122987747192e-02
-1.015965864062309265e-01
3.520898148417472839e-02
6.758987903594970703e-02
-1.495407372713088989e-01
-1.660066992044448853e-01
9.577456116676330566e-02
6.500770151615142822e-02
-1.076788082718849182e-01
-1.694769710302352905e-01
-1.437545716762542725e-01
-1.316571831703186035e-01
9.599971771240234375e-02
-1.712686717510223389e-01
-8.527754247188568115e-02
6.657684594392776489e-02
7.821416109800338745e-02
-4.296429455280303955e-02
-1.724770963191986084e-01
-1.230894923210144043e-01
6.170743703842163086e-02
-7.438144530169665813e-05
-1.160592138767242432e-01
6.466212868690490723e-02
-1.302017569541931152e-01
7.190508395433425903e-02
-6.708610802888870239e-02
1.229893118143081665e-01
1.085179224610328674e-01
-2.489385381340980530e-02
-1.391864120960235596e-01
-7.258321344852447510e-02
6.740575283765792847e-02
-1.488288193941116333e-01
-3.457371145486831665e-02
1.454960703849792480e-01
9.457120299339294434e-02
1.745889633893966675e-01
1.758656650781631470e-01
-4.025562480092048645e-02
-8.932920545339584351e-02
-6.395629048347473145e-02
1.613941742107272148e-03
-5.245808139443397522e-02
1.623858213424682617e-01
-4.641585797071456909e-02
7.630275934934616089e-02
-1.643827855587005615e-01
1.202314347028732300e-01
1.132337749004364014e-01
1.332071423530578613e-01
-3.325153142213821411e-02
1.259813457727432251e-01
-1.430526226758956909e-01
-1.731265932321548462e-01
-1.300303786993026733e-01
1.009372398257255554e-01
-1.523797214031219482e-01
1.228059455752372742e-01
-7.936190068721771240e-02
1.370320469141006470e-01
-2.116410434246063232e-02
-6.843284517526626587e-02
-1.054478958249092102e-01
1.317141801118850708e-01
1.238624975085258484e-01
-1.356937438249588013e-01
-1.862948834896087646e-01
-1.883053183555603027e-01
-1.445126533508300781e-02
1.835581287741661072e-02
7.696974091231822968e-03
4.026083648204803467e-02
-1.648407280445098877e-01
7.549688220024108887e-02
7.959946244955062866e-02
7.847046107053756714e-02
8.309455215930938721e-02
-1.420303285121917725e-01
3.747836500406265259e-02
-2.324735559523105621e-02
1.784580200910568237e-02
-6.700488924980163574e-02
-2.095524519681930542e-01
-2.110905647277832031e-01
8.258049935102462769e-02
-1.307372841984033585e-02
-3.164582252502441406e-01
6.845095753669738770e-02
7.524161040782928467e-02
7.359753549098968506e-02
-4.435484856367111206e-02
8.018320798873901367e-02
-1.962360739707946777e-01
-2.223860025405883789e-01
-2.326284497976303101e-01
-1.625256985425949097e-01
-1.631089001893997192e-01
3.164433687925338745e-02
4.782544821500778198e-02
-1.499583572149276733e-01
5.160886794328689575e-02
-4.758350923657417297e-02
5.449588969349861145e-02
1.081515550613403320e-01
-2.029873132705688477e-01
8.190366625785827637e-02
8.138860017061233521e-02
7.324578613042831421e-02
4.478448256850242615e-02
-2.859044671058654785e-01
7.411447912454605103e-02
-1.326680630445480347e-01
2.579993195831775665e-02
-7.628181576728820801e-02
1.076153665781021118e-01
-3.325010538101196289e-01
-2.389066666364669800e-02
-2.097797393798828125e-01
4.850601777434349060e-03
1.675928710028529167e-03
3.213669359683990479e-02
-2.420274168252944946e-01
-1.401168666779994965e-02
-1.848621964454650879e-01
2.358243055641651154e-02
-1.082508936524391174e-01
-1.350953876972198486e-01
-1.217958480119705200e-01
-3.235328011214733124e-03
8.599497377872467041e-02
1.107310876250267029e-01
1.241013631224632263e-01
9.666088968515396118e-02
-1.224832013249397278e-01
-1.587167084217071533e-01
4.682339727878570557e-02
-2.159789651632308960e-01
2.032275497913360596e-02
-8.080860227346420288e-02
-1.889328956604003906e-01
-1.510178595781326294e-01
5.314661934971809387e-02
5.320401117205619812e-02
-1.439835131168365479e-01
2.345985174179077148e-02
-9.536557644605636597e-02
1.629409193992614746e-01
-3.865720331668853760e-02
4.093527048826217651e-02
-5.536748468875885010e-02
1.259893029928207397e-01
-4.826188459992408752e-02
1.656069457530975342e-01
1.325173974037170410e-01
1.761366873979568481e-01
1.033677160739898682e-01
8.843093365430831909e-02
-1.878141313791275024e-01
-8.743745833635330200e-02
-9.446479380130767822e-02
-1.037680283188819885e-01
1.587073802947998047e-01
-3.143801540136337280e-02
1.132895871996879578e-01
5.547795444726943970e-02
-1.676336303353309631e-02
1.493097692728042603e-01
-1.593293398618698120e-01
-5.187710374593734741e-02
4.181568697094917297e-02
-1.242998763918876648e-01
8.340556919574737549e-02
-1.560477614402770996e-01
3.121431730687618256e-02
-4.767581820487976074e-02
6.506618112325668335e-02
4.911913350224494934e-02
-5.285808071494102478e-02
-6.166077032685279846e-02
-2.338805198669433594e-01
6.614475697278976440e-02
4.461868852376937866e-02
-1.901663541793823242e-01
6.890631467103958130e-02
-1.938542574644088745e-01
-1.441979259252548218e-01
-1.762479543685913086e-01
7.183425873517990112e-02
8.110912144184112549e-02
7.520163059234619141e-02
-4.385994747281074524e-02
8.996942639350891113e-02
-2.222215086221694946e-01
-2.855782583355903625e-02
-2.011519968509674072e-01
1.221773326396942139e-01
-1.352991461753845215e-01
-1.152167767286300659e-01
-6.679332256317138672e-02
-4.866629093885421753e-02
-7.102537155151367188e-02
-1.049328818917274475e-01
9.215126931667327881e-02
1.303047835826873779e-01
9.357582032680511475e-02
-6.473903357982635498e-02
5.678820610046386719e-02
7.904441654682159424e-02
-1.097138077020645142e-01
7.979582995176315308e-02
-1.445229947566986084e-01
8.433195203542709351e-02
-1.467860490083694458e-01
1.073676794767379761e-01
-1.552874445915222168e-01
-4.729656130075454712e-02
-1.132293418049812317e-01
-1.556432545185089111e-01
3.672113642096519470e-02
4.699536040425300598e-02
-1.171976774930953979e-01
6.778661906719207764e-02
1.183809861540794373e-01
2.985719218850135803e-02
-1.980670839548110962e-01
-1.992742158472537994e-02
-1.140332520008087158e-01
1.387675851583480835e-01
1.273378878831863403e-01
-7.278801500797271729e-02
1.506128013134002686e-01
1.391549408435821533e-01
2.742338366806507111e-02
-1.925757974386215210e-01
-1.333422511816024780e-01
1.333997100591659546e-01
1.606440693140029907e-01
-9.568787366151809692e-02
-1.977202855050563812e-02
9.191676974296569824e-02
1.813116483390331268e-02
-1.516563743352890015e-01
8.507691323757171631e-02
-1.117421165108680725e-01
-1.117197498679161072e-01
-2.816916108131408691e-01
-3.561582863330841064e-01
1.621044613420963287e-02
1.962028257548809052e-02
3.837277740240097046e-02
2.735153585672378540e-02
3.921575844287872314e-02
-2.014753520488739014e-01
-3.379671871662139893e-01
-1.396931111812591553e-01
1.099627837538719177e-01
1.092784255743026733e-01
1.017317995429039001e-01
3.255801647901535034e-02
-1.319091916084289551e-01
-4.064457491040229797e-02
1.287932395935058594e-01
-1.185981109738349915e-01
-2.520523667335510254e-01
5.387566238641738892e-02
6.778807193040847778e-02
1.843949407339096069e-02
8.417661488056182861e-02
-1.100494116544723511e-01
-1.999944448471069336e-01
-1.638932079076766968e-01
6.640204042196273804e-02
-1.682163327932357788e-01
6.418817490339279175e-02
3.393455874174833298e-03
-8.043278008699417114e-02
1.535067707300186157e-01
-7.293384522199630737e-02
-8.465985953807830811e-02
-6.216200813651084900e-02
-4.773173108696937561e-02
1.769558191299438477e-01
-9.233923256397247314e-02
1.696024090051651001e-01
1.581997573375701904e-01
7.382956100627779961e-04
-2.950364947319030762e-01
-1.342125087976455688e-01
3.859909996390342712e-02
3.962289169430732727e-02
1.611945102922618389e-03
-1.863546222448348999e-01
8.948240429162979126e-02
5.423911288380622864e-02
-2.531112730503082275e-01
1.605694927275180817e-02
1.328874528408050537e-01
7.479300349950790405e-02
-8.754682540893554688e-02
-1.329136341810226440e-01
-1.002772375941276550e-01
-1.113496869802474976e-01
9.960497170686721802e-02
-1.333364695310592651e-01
1.339057385921478271e-01
7.455131411552429199e-02
-1.377649754285812378e-01
1.097974330186843872e-01
-7.793828845024108887e-02
4.700713232159614563e-02
-1.731605231761932373e-01
-1.495792120695114136e-01
-1.780205368995666504e-01
8.426509797573089600e-02
-6.695358455181121826e-02
-2.803222043439745903e-03
1.444465667009353638e-01
-4.268104210495948792e-03
-4.298330843448638916e-02
-4.501911252737045288e-02
-4.744007438421249390e-02
-1.387029886245727539e-01
1.854404956102371216e-01
8.608198910951614380e-02
-2.853215858340263367e-02
-1.855727136135101318e-01
1.579420566558837891e-01
-9.011504054069519043e-02
1.116193905472755432e-01
-8.438154309988021851e-02
9.227432310581207275e-02
6.213863193988800049e-02
7.026059180498123169e-02
-1.844082027673721313e-01
1.654015928506851196e-01
-3.359684050083160400e-01
-2.825326919555664062e-01
9.533184766769409180e-02
8.582051843404769897e-02
7.539876550436019897e-02
2.159775234758853912e-02
7.801267504692077637e-02
6.286730617284774780e-02
-1.971994787454605103e-01
-1.807359904050827026e-01
9.861497581005096436e-02
-7.406672835350036621e-02
2.744497545063495636e-02
-7.569734752178192139e-02
1.470786631107330322e-01
-3.889240697026252747e-02
-1.437320560216903687e-01
1.713438779115676880e-01
1.202677935361862183e-01
-8.744680881500244141e-02
6.526151299476623535e-02
5.181361734867095947e-02
-1.003672033548355103e-01
-1.147946044802665710e-01
1.039057523012161255e-01
-7.130473107099533081e-02
1.018542349338531494e-01
-1.819283515214920044e-01
-8.082275837659835815e-02
8.625694364309310913e-02
-1.179958805441856384e-01
1.161774843931198120e-01
-8.688695728778839111e-02
-1.053951382637023926e-01
-5.735205858945846558e-02
-9.390255808830261230e-02
1.279934793710708618e-01
-6.657491624355316162e-02
-6.892330199480056763e-02
1.322603821754455566e-01
1.411355584859848022e-01
9.796532243490219116e-02
-9.904066473245620728e-02
-7.458933442831039429e-02
-6.586734950542449951e-02
-7.852540165185928345e-02
-5.620954930782318115e-02
1.798481196165084839e-01
1.375380605459213257e-01
1.655979454517364502e-02
-1.949128806591033936e-01
-6.045633926987648010e-03
-2.112767398357391357e-01
-1.167640089988708496e-01
6.483405828475952148e-02
1.931435242295265198e-02
-1.241874545812606812e-01
1.042064875364303589e-01
-2.926585376262664795e-01
4.693393036723136902e-02
-1.775130629539489746e-01
1.083298623561859131e-01
-1.152375489473342896e-01
1.099310591816902161e-01
-9.980027377605438232e-02
1.228766888380050659e-01
3.160065412521362305e-02
-8.288379013538360596e-02
-1.143746674060821533e-01
9.896832704544067383e-02
1.162623539566993713e-01
-1.040485724806785583e-01
1.274248808622360229e-01
-9.968034923076629639e-02
1.173114776611328125e-01
-4.669518023729324341e-02
-1.360269486904144287e-01
-1.191254779696464539e-01
1.135450527071952820e-01
9.859818965196609497e-02
1.143819689750671387e-01
1.315364837646484375e-01
7.718618214130401611e-02
-7.617907226085662842e-02
-1.345307230949401855e-01
-4.935587570071220398e-02
1.364767402410507202e-01
-7.966838777065277100e-02
6.844179332256317139e-02
-5.595586076378822327e-02
8.502840995788574219e-02
-1.025876495987176895e-02
1.129229292273521423e-01
-1.162132620811462402e-01
-1.106816902756690979e-01
-6.215848401188850403e-02
7.685746997594833374e-02
-4.671413823962211609e-02
-7.878565043210983276e-02
2.993854507803916931e-02
-2.312473356723785400e-01
1.692552566528320312e-01
1.571206748485565186e-01
9.756673127412796021e-02
-4.088746756315231323e-02
-6.866981089115142822e-02
1.148886755108833313e-01
1.063596084713935852e-01
1.378719657659530640e-01
1.563351452350616455e-01
1.236912682652473450e-01
-2.104687094688415527e-01
1.108440309762954712e-01
1.229894980788230896e-01
-2.858752943575382233e-02
1.480595618486404419e-01
1.466394513845443726e-01
-1.555628925561904907e-01
1.082899570465087891e-01
-1.517317444086074829e-01
-8.384639769792556763e-02
1.053637042641639709e-01
-1.444537788629531860e-01
-5.966812372207641602e-02
-1.506074815988540649e-01
-1.400961428880691528e-01
1.048846319317817688e-01
-1.164331883192062378e-01
8.421532064676284790e-02
-4.326748847961425781e-02
1.913201957941055298e-01
1.611043512821197510e-01
-5.148192867636680603e-02
-4.758135229349136353e-02
-6.070447340607643127e-02
-4.566269740462303162e-02
-5.988042429089546204e-02
-8.180500566959381104e-02
2.024585753679275513e-01
1.668910682201385498e-01
-1.958665624260902405e-02
1.652304083108901978e-01
-1.578107103705406189e-02
-5.112972110509872437e-02
9.669809602200984955e-03
-4.131130129098892212e-02
2.122633308172225952e-01
1.624298468232154846e-02
-2.710626274347305298e-02
1.971815228462219238e-01
-3.541103377938270569e-02
1.766840964555740356e-01
-9.071449935436248779e-02
-1.196730732917785645e-01
-9.029437601566314697e-02
-1.029657050967216492e-01
-8.174952119588851929e-02
-1.298421472311019897e-01
2.048451751470565796e-01
1.843581199645996094e-01
1.092256307601928711e-01
8.990282565355300903e-02
-8.810664713382720947e-02
-1.345472186803817749e-01
-1.009261608123779297e-01
-9.248766303062438965e-02
1.204515993595123291e-01
-7.382003962993621826e-02
1.248350590467453003e-01
1.356704235076904297e-01
-2.079152464866638184e-01
-2.030100822448730469e-01
9.247306734323501587e-02
-1.188789308071136475e-01
6.720566749572753906e-02
8.218783885240554810e-02
1.022465601563453674e-01
7.909417897462844849e-02
-1.157515719532966614e-01
-1.805924326181411743e-01
-2.005908042192459106e-01
-1.679486036300659180e-01
8.672211319208145142e-02
-3.335756435990333557e-02
6.707925349473953247e-02
8.107818663120269775e-02
-1.757771223783493042e-01
1.008385270833969116e-01
-1.807357743382453918e-02
-9.199183434247970581e-02
1.041280999779701233e-01
-2.218194752931594849e-01
9.914758801460266113e-02
4.805536940693855286e-02
9.048693627119064331e-02
1.012825742363929749e-01
-4.710510745644569397e-02
-1.238331943750381470e-01
-2.686504721641540527e-01
-1.191898733377456665e-01
2.310820519924163818e-01
2.183642238378524780e-01
-6.859984993934631348e-02
-3.844529762864112854e-02
-6.920523196458816528e-02
-3.436366468667984009e-02
-1.953409612178802490e-02
-5.295908823609352112e-02
2.268361896276473999e-01
2.150569558143615723e-01
4.614083096385002136e-02
9.351449459791183472e-02
-9.608846902847290039e-02
-1.248078569769859314e-01
1.141004338860511780e-01
-1.041628047823905945e-01
-1.579864323139190674e-01
-1.271862238645553589e-01
3.068781085312366486e-02
-1.020159572362899780e-01
-9.245801717042922974e-02
-6.793522089719772339e-02
7.097851485013961792e-02
1.909544691443443298e-02
-2.092868685722351074e-01
-1.437991708517074585e-01
1.763070933520793915e-02
-1.392584294080734253e-01
6.007289886474609375e-02
6.229624897241592407e-02
1.112803891301155090e-01
-6.101229786872863770e-02
-1.685838252305984497e-01
6.299497932195663452e-02
-3.498857840895652771e-02
-7.884629815816879272e-02
9.371230006217956543e-02
-3.211920708417892456e-02
1.141058504581451416e-01
1.348656564950942993e-01
-1.435673832893371582e-01
8.924388885498046875e-02
-1.263747960329055786e-01
6.725130975246429443e-02
-1.238710060715675354e-01
-1.128105893731117249e-01
8.661580830812454224e-02
-8.797559142112731934e-02
1.182971224188804626e-01
-6.517497450113296509e-02
6.580313295125961304e-02
7.525954395532608032e-02
-5.089847370982170105e-02
6.622840464115142822e-02
-5.300866812467575073e-02
-1.238941922783851624e-01
-1.153516396880149841e-01
-9.988038986921310425e-02
8.554144203662872314e-02
-1.440284103155136108e-01
6.309404969215393066e-02
9.086368978023529053e-02
9.234225004911422729e-02
-1.625298410654067993e-01
-9.968410432338714600e-02
-1.954361349344253540e-01
-6.623804569244384766e-02
-2.930008061230182648e-02
7.615073025226593018e-02
2.329249307513237000e-02
-1.761253178119659424e-01
-1.956821531057357788e-01
5.260497331619262695e-02
-1.360079646110534668e-02
-1.662833243608474731e-01
-1.762339088600128889e-04
7.525924593210220337e-02
6.956317275762557983e-02
-7.480253931134939194e-03
-2.078707963228225708e-01
-2.848511934280395508e-01
-3.123455047607421875e-01
-8.350369334220886230e-02
6.770531833171844482e-02
6.880701333284378052e-02
8.855131268501281738e-02
4.223021119832992554e-02
7.322802394628524780e-02
-2.550228536128997803e-01
-2.450522780418395996e-01
-6.431435048580169678e-02
-5.066643282771110535e-02
-1.390617042779922485e-01
1.200164556503295898e-01
7.215376198291778564e-02
1.260204315185546875e-01
1.428175568580627441e-01
2.251683548092842102e-02
1.559507250785827637e-01
-5.902763083577156067e-02
3.901623189449310303e-02
6.365519016981124878e-02
-2.126518636941909790e-01
-8.014143258333206177e-02
-2.436493784189224243e-01
-1.888168305158615112e-01
6.636340171098709106e-02
-1.172144263982772827e-01
4.620515182614326477e-02
-1.285579148679971695e-02
-1.488220840692520142e-01
-1.165495216846466064e-01
-2.777868211269378662e-01
3.078914992511272430e-02
3.976321220397949219e-02
4.261422902345657349e-02
2.526050992310047150e-02
-1.567108482122421265e-01
-1.051096096634864807e-01
1.995024271309375763e-02
-1.472772061824798584e-01
1.327934861183166504e-01
-7.731792330741882324e-02
8.353599905967712402e-02
-1.038645356893539429e-01
-8.167725801467895508e-02
9.771303832530975342e-02
-1.172310039401054382e-01
3.600676357746124268e-02
1.542308479547500610e-01
1.228096662089228630e-03
1.004392579197883606e-01
-3.716882690787315369e-02
-3.094069659709930420e-02
1.798619329929351807e-01
-1.771453171968460083e-01
-6.836279481649398804e-02
-2.513498663902282715e-01
-1.571247167885303497e-02
-3.266758471727371216e-02
2.535856887698173523e-02
8.270177245140075684e-02
5.336722731590270996e-02
-1.053177267313003540e-01
-1.717460900545120239e-01
2.703700028359889984e-02
-7.958581671118736267e-03
7.361655682325363159e-02
8.181344717741012573e-02
-1.830966621637344360e-01
-7.650373131036758423e-02
1.445566713809967041e-01
1.300781220197677612e-02
6.646721065044403076e-02
-1.969975084066390991e-01
7.268151640892028809e-02
8.442955464124679565e-02
-9.885390847921371460e-02
-7.278173416852951050e-02
-1.483578383922576904e-01
-3.626221120357513428e-01
-7.686309516429901123e-02
9.531186521053314209e-02
-6.405695527791976929e-02
6.704068183898925781e-02
-1.243260595947504044e-02
4.223318025469779968e-02
8.056614547967910767e-02
-2.172286063432693481e-01
4.822790622711181641e-02
-1.136750429868698120e-01
9.161806851625442505e-02
1.115807220339775085e-01
-1.164657846093177795e-01
-1.395474225282669067e-01
1.003824621438980103e-01
8.154316246509552002e-02
-8.129204809665679932e-02
7.417690940201282501e-03
9.719517081975936890e-02
5.136195942759513855e-02
-1.605773270130157471e-01
7.596494257450103760e-02
-1.131815686821937561e-01
5.392056703567504883e-02
-1.710987389087677002e-01
-1.859499067068099976e-01
-5.802915245294570923e-02
9.122076630592346191e-02
-1.578160002827644348e-02
2.633805572986602783e-02
2.211775816977024078e-02
2.364918123930692673e-03
1.865801028907299042e-02
-1.454594135284423828e-01
2.896947041153907776e-02
-1.751046925783157349e-01
-2.345784753561019897e-01
-9.654155373573303223e-02
-1.766314655542373657e-01
8.366786688566207886e-02
7.327316701412200928e-02
-1.313603073358535767e-01
-1.123823504894971848e-02
-1.513118296861648560e-01
-7.918597012758255005e-02
-1.431411951780319214e-01
-1.704920828342437744e-01
9.042275696992874146e-02
2.943170256912708282e-02
1.023990437388420105e-01
8.789085596799850464e-02
9.823190420866012573e-02
-1.193609759211540222e-01
-2.160118371248245239e-01
-7.143999636173248291e-02
-1.695913523435592651e-01
-2.134431451559066772e-01
1.016648709774017334e-01
9.285008907318115234e-02
1.028249412775039673e-01
-2.137806862592697144e-01
7.064431160688400269e-02
5.103961005806922913e-02
-2.043000608682632446e-01
7.961609959602355957e-02
-8.494781702756881714e-02
8.850410580635070801e-02
-1.611882895231246948e-01
-1.765818297863006592e-01
3.181035816669464111e-02
-2.493625134229660034e-01
2.468946855515241623e-03
-3.164562210440635681e-02
6.823360919952392578e-02
-4.986742138862609863e-02
-2.697999775409698486e-01
5.522438138723373413e-02
-2.050065547227859497e-01
5.502044782042503357e-02
-9.087439626455307007e-02
-8.478727936744689941e-02
1.127957850694656372e-01
6.906227022409439087e-02
-1.514784395694732666e-01
-7.146036624908447266e-02
7.338012009859085083e-02
-1.795168220996856689e-02
-4.042068496346473694e-02
-1.463377028703689575e-01
-8.696702122688293457e-02
-1.331125050783157349e-01
-4.686195775866508484e-02
7.904729992151260376e-02
-7.870551943778991699e-02
9.789638221263885498e-02
1.071112453937530518e-01
-1.609327048063278198e-01
-9.168002009391784668e-02
8.164643496274948120e-02
-1.330738216638565063e-01
-2.138811796903610229e-01
-2.724582143127918243e-02
3.668510168790817261e-02
6.450475752353668213e-02
9.853053838014602661e-02
-2.246000766754150391e-01
7.086393237113952637e-02
1.551730930805206299e-01
-1.402121335268020630e-01
1.340038031339645386e-01
-1.995559334754943848e-01
8.973406255245208740e-02
-8.483944833278656006e-02
-4.974877461791038513e-02
5.634986981749534607e-02
-8.099064975976943970e-02
1.218716353178024292e-01
1.345665752887725830e-01
9.055520594120025635e-02
-1.033555865287780762e-01
-1.512273848056793213e-01
-9.636113047599792480e-02
4.134257882833480835e-02
-9.202485531568527222e-02
5.647637695074081421e-02
-2.198061048984527588e-01
2.151276171207427979e-02
9.466749429702758789e-02
7.800577580928802490e-02
-5.618479847908020020e-02
-1.916750371456146240e-01
7.609578222036361694e-02
-6.375210732221603394e-02
2.399089559912681580e-02
6.611911207437515259e-02
9.378468245267868042e-02
-7.893970608711242676e-02
1.241066381335258484e-01
-1.678747832775115967e-01
9.898399561643600464e-02
-9.799587726593017578e-02
-6.520625948905944824e-02
-1.076647490262985229e-01
1.544276624917984009e-01
-9.101547300815582275e-02
-8.993401378393173218e-02
1.561212986707687378e-01
1.082898601889610291e-01
1.076835766434669495e-01
-1.791387498378753662e-01
1.021215096116065979e-01
-1.245864927768707275e-01
-1.127620860934257507e-01
-1.413823962211608887e-01
4.116070270538330078e-02
-1.754145622253417969e-01
6.618710234761238098e-03
9.236408025026321411e-02
6.552584469318389893e-02
-3.479802235960960388e-02
-1.844248175621032715e-01
-9.415580332279205322e-02
9.221341460943222046e-02
5.023969337344169617e-02
1.041591838002204895e-01
1.031848192214965820e-01
-3.093433566391468048e-02
1.425540596246719360e-01
-1.469314694404602051e-01
-3.116080164909362793e-02
8.477666229009628296e-02
6.570880115032196045e-02
-2.158842235803604126e-02
-1.357169151306152344e-01
-4.727042838931083679e-02
8.287771046161651611e-02
1.224706619977951050e-01
8.483884483575820923e-02
-2.671321034431457520e-01
3.860811516642570496e-02
1.344282627105712891e-01
7.451421022415161133e-02
6.412668526172637939e-02
-1.237808912992477417e-01
-1.261594295501708984e-01
7.653976231813430786e-02
-1.223792061209678650e-01
-1.371679902076721191e-01
-1.221022158861160278e-01
-1.173252090811729431e-01
3.990977630019187927e-02
-1.359712183475494385e-01
-1.279912889003753662e-01
5.926321446895599365e-02
-1.685334891080856323e-01
4.570588842034339905e-02
1.511074751615524292e-01
5.906209722161293030e-02
-1.124787237495183945e-02
1.655963435769081116e-02
6.752084195613861084e-02
-1.369441300630569458e-01
1.164291352033615112e-01
-1.890624016523361206e-01
1.229807958006858826e-01
1.238706484436988831e-01
-8.684954792261123657e-02
1.110129952430725098e-01
2.735890634357929230e-02
1.453809719532728195e-02
-7.684104144573211670e-02
8.431498706340789795e-02
-1.677535921335220337e-01
7.433866709470748901e-02
-1.369462311267852783e-01
-1.512315869331359863e-01
1.013410314917564392e-01
-1.627657562494277954e-01
9.475040435791015625e-02
2.601495943963527679e-02
-7.453511655330657959e-02
1.008229404687881470e-01
-1.193892657756805420e-01
-1.994514279067516327e-02
9.743241220712661743e-02
-6.107686087489128113e-02
1.127973422408103943e-01
1.317857205867767334e-01
-1.595607846975326538e-01
1.267124861478805542e-01
6.712884455919265747e-02
9.709221124649047852e-02
-1.177564039826393127e-01
1.118365898728370667e-01
-1.157549545168876648e-01
1.518656611442565918e-01
3.715315088629722595e-02
-1.096651181578636169e-01
5.306062474846839905e-02
1.344754099845886230e-01
-5.599258467555046082e-02
-3.846016526222229004e-02
1.357112377882003784e-01
-9.708584100008010864e-02
1.067420616745948792e-01
-2.846590057015419006e-02
1.445141583681106567e-01
-1.278585344552993774e-01
1.274568289518356323e-01
1.599885523319244385e-01
-8.379168063402175903e-02
1.459825038909912109e-01
1.023690551519393921e-01
-4.790315777063369751e-02
1.822352036833763123e-02
1.644050329923629761e-01
9.787008911371231079e-02
-1.502289921045303345e-01
-1.552782580256462097e-02
-1.325324624776840210e-01
1.665398031473159790e-01
-1.026315763592720032e-01
-1.042338088154792786e-01
-9.525447338819503784e-02
-1.252317279577255249e-01
-7.204956561326980591e-02
-1.209868416190147400e-01
1.909930855035781860e-01
1.515355259180068970e-01
-4.110006615519523621e-02
1.875685304403305054e-01
9.308572113513946533e-02
-2.649643830955028534e-02
1.060749441385269165e-01
1.284622997045516968e-01
-1.483755111694335938e-01
1.243219748139381409e-01
-3.616248816251754761e-02
-1.143925786018371582e-01
8.934996277093887329e-02
-1.970656216144561768e-01
1.067993789911270142e-01
9.440111368894577026e-02
-8.305185288190841675e-02
1.123547405004501343e-01
4.784066230058670044e-02
-1.369256377220153809e-01
1.115906834602355957e-01
-2.295219749212265015e-01
9.866514056921005249e-02
7.982138544321060181e-02
1.340102851390838623e-01
-9.381795674562454224e-02
8.890310674905776978e-02
-8.524021506309509277e-02
-9.099680930376052856e-02
1.206275001168251038e-01
-1.803198903799057007e-01
1.106414645910263062e-01
1.049083471298217773e-01
-2.755306959152221680e-01
1.035578623414039612e-01
1.017307490110397339e-01
-9.377101063728332520e-02
1.068496555089950562e-01
8.931767195463180542e-02
-4.329933598637580872e-02
-2.344640046358108521e-01
-2.191655635833740234e-01
-2.334941737353801727e-02
1.181060299277305603e-01
9.539777785539627075e-02
6.541886180639266968e-02
-7.045380026102066040e-02
9.992248564958572388e-02
-1.348047554492950439e-01
-1.248449608683586121e-01
6.360319256782531738e-02
-1.511080712080001831e-01
1.615334302186965942e-01
1.505155861377716064e-01
-8.315276354551315308e-02
-1.130775213241577148e-01
1.061376705765724182e-01
-8.000230789184570312e-02
-1.007803156971931458e-01
6.585123389959335327e-02
-3.748343884944915771e-02
1.249290034174919128e-01
-8.776350319385528564e-02
1.062288880348205566e-01
-1.220881789922714233e-01
-2.283500507473945618e-02
-8.559826016426086426e-02
5.834930390119552612e-02
1.050384342670440674e-01
-1.247303858399391174e-01
6.899377703666687012e-02
-1.149011552333831787e-01
4.242476820945739746e-02
-2.183820456266403198e-01
-1.595277786254882812e-01
-1.184191927313804626e-01
-1.790889352560043335e-01
1.848381571471691132e-02
-1.785373389720916748e-01
-1.451927125453948975e-01
4.179062321782112122e-02
3.332073986530303955e-02
-8.819648623466491699e-02
-1.099279522895812988e-01
-1.956191658973693848e-01
7.714350521564483643e-02
9.472333639860153198e-02
8.849904686212539673e-02
-1.655450910329818726e-01
9.904959797859191895e-02
-8.660848438739776611e-02
-1.669057607650756836e-01
-1.089050099253654480e-01
-7.073869556188583374e-02
4.509052634239196777e-02
-1.549714505672454834e-01
4.173416644334793091e-02
-1.282123476266860962e-01
1.003089249134063721e-01
-3.536550328135490417e-02
-1.370853185653686523e-01
-1.028280258178710938e-01
9.858021140098571777e-02
-4.309821501374244690e-02
8.535842597484588623e-02
8.295339345932006836e-02
-1.481770724058151245e-01
6.750340014696121216e-02
-2.371881902217864990e-01
-1.355493962764739990e-01
9.808254241943359375e-02
1.135821342468261719e-01
-1.226061880588531494e-01
2.930644527077674866e-02
1.088052839040756226e-01
-4.588649794459342957e-02
-7.955555617809295654e-02
8.885145187377929688e-02
8.233659714460372925e-02
-1.264007985591888428e-01
-1.657090038061141968e-01
9.105063229799270630e-02
-9.276840090751647949e-02
1.674783378839492798e-01
-1.025111451745033264e-01
-4.185545444488525391e-02
9.371096640825271606e-02
-1.101619526743888855e-01
1.049452796578407288e-01
-9.402645379304885864e-02
-1.511650532484054565e-01
1.633418500423431396e-01
-6.645744293928146362e-02
1.187202036380767822e-01
1.826830580830574036e-02
1.821686513721942902e-02
5.096054822206497192e-02
5.273112282156944275e-02
-1.892284899950027466e-01
-1.735527664422988892e-01
-3.868203610181808472e-02
-1.420260518789291382e-01
-8.596070110797882080e-03
-3.284846842288970947e-01
7.120766490697860718e-02
3.345032036304473877e-02
5.559884756803512573e-02
-1.388539969921112061e-01
7.949330657720565796e-02
8.579959720373153687e-02
7.981152087450027466e-02
-2.777688801288604736e-01
-1.217373535037040710e-01
-6.904783844947814941e-02
2.927791140973567963e-02
1.186112612485885620e-01
1.491094380617141724e-01
1.389412581920623779e-01
1.482192426919937134e-01
-1.387428194284439087e-01
-1.297676712274551392e-01
7.882217317819595337e-02
8.706603199243545532e-02
5.693516507744789124e-02
-6.806909106671810150e-03
-9.906474500894546509e-02
9.645721316337585449e-02
-1.060902923345565796e-01
-1.391080319881439209e-01
-1.004136130213737488e-01
-1.982970982789993286e-01
-2.946970798075199127e-02
8.231776207685470581e-02
1.049811318516731262e-01
-1.293447017669677734e-01
5.937369540333747864e-02
-2.000060975551605225e-01
-1.028538960963487625e-02
-1.880413293838500977e-01
-1.691220551729202271e-01
9.905488044023513794e-02
1.041243523359298706e-01
1.725977212190628052e-01
1.897598505020141602e-01
-1.101658791303634644e-01
-8.442932367324829102e-02
-7.436906546354293823e-02
-9.534587711095809937e-02
-1.073683500289916992e-01
-1.078922748565673828e-01
1.956525444984436035e-01
1.775718033313751221e-01
-3.508350579068064690e-03
-1.944978684186935425e-01
6.151782348752021790e-02
-3.981832705903798342e-04
2.842541225254535675e-02
4.286200925707817078e-02
-2.524795830249786377e-01
-1.008138880133628845e-01
9.302831441164016724e-02
-1.540358662605285645e-01
-2.349524758756160736e-02
-8.684394508600234985e-02
1.067805737257003784e-01
-6.033343076705932617e-02
7.423937320709228516e-02
-1.221458837389945984e-01
-5.962647870182991028e-02
-1.063919067382812500e-01
1.368361264467239380e-01
1.165460348129272461e-01
1.223960742354393005e-01
-2.740838825702667236e-01
1.247132569551467896e-01
1.045857444405555725e-01
-5.649463087320327759e-02
1.341412812471389771e-01
1.151353940367698669e-01
-3.271048516035079956e-02
1.227729842066764832e-01
-2.216953486204147339e-01
-2.517732791602611542e-03
-1.901548728346824646e-02
-1.828620210289955139e-03
-1.705101281404495239e-01
-1.296770945191383362e-02
-2.017186880111694336e-01
-1.971083581447601318e-01
-2.622156441211700439e-01
1.279630325734615326e-02
-2.229035645723342896e-01
4.521417245268821716e-02
7.858872413635253906e-02
-1.545037329196929932e-01
-8.233575522899627686e-02
1.050876602530479431e-01
-5.591508001089096069e-03
-3.931012004613876343e-02
1.179541647434234619e-01
1.362445205450057983e-01
-1.565122753381729126e-01
1.171626970171928406e-01
1.237852722406387329e-01
-8.488700538873672485e-02
-1.116256639361381531e-01
-3.056317195296287537e-02
-1.024342104792594910e-01
-7.136381417512893677e-02
1.641451120376586914e-01
-6.074079498648643494e-02
1.286445260047912598e-01
-2.308839373290538788e-02
-2.156551778316497803e-01
4.436213988810777664e-03
-2.360240742564201355e-02
7.383750379085540771e-02
-8.938276022672653198e-02
8.012747764587402344e-02
-1.429197788238525391e-01
1.053810492157936096e-01
-1.929993778467178345e-01
1.430365592241287231e-01
1.842553466558456421e-01
-9.864851087331771851e-02
-9.383972734212875366e-02
-1.143217906355857849e-01
-9.764938056468963623e-02
-1.261620968580245972e-01
-1.297980546951293945e-01
1.747886389493942261e-01
1.651440262794494629e-01
-2.619709372520446777e-01
-1.671693027019500732e-01
1.103599369525909424e-01
5.691062659025192261e-02
2.785352617502212524e-02
8.422871679067611694e-02
9.223285317420959473e-02
-4.502095282077789307e-02
-1.607231646776199341e-01
-2.112450003623962402e-01
-2.634590864181518555e-01
-2.619864344596862793e-01
-1.107459515333175659e-02
6.603696197271347046e-02
8.008960634469985962e-02
9.700435400009155273e-02
1.324266344308853149e-01
9.143968671560287476e-02
-2.493182569742202759e-01
-2.383876591920852661e-01
8.413007110357284546e-02
7.184462994337081909e-02
-1.123401746153831482e-01
-9.318380057811737061e-02
1.617485582828521729e-01
-4.802150651812553406e-03
6.001025438308715820e-02
-1.178819984197616577e-01
1.079483032226562500e-01
-3.461118787527084351e-02
-1.127092242240905762e-01
1.317968368530273438e-01
-1.262372285127639771e-01
1.821626676246523857e-03
-9.247492998838424683e-02
1.459436565637588501e-01
1.072817891836166382e-01
-1.045167967677116394e-01
7.697193324565887451e-02
4.169373214244842529e-02
1.333722323179244995e-01
1.088204085826873779e-01
-1.607145667076110840e-01
-3.545893728733062744e-02
-1.104403063654899597e-01
-1.092231646180152893e-01
-4.170198366045951843e-02
1.648856401443481445e-01
1.288921386003494263e-01
6.262596696615219116e-02
9.563494473695755005e-02
-3.514733910560607910e-01
9.979185461997985840e-02
-7.128190714865922928e-03
2.211945131421089172e-03
-2.073003537952899933e-02
1.012907177209854126e-01
-1.140871122479438782e-01
1.092842370271682739e-01
-2.527959048748016357e-01
6.152203306555747986e-02
1.781058125197887421e-02
-1.983286812901496887e-02
-3.418208286166191101e-02
5.880656838417053223e-02
-2.000836655497550964e-03
-2.038896232843399048e-01
-3.015905618667602539e-01
-9.105525910854339600e-02
4.672146216034889221e-02
4.522591084241867065e-02
-2.783085703849792480e-01
2.651851624250411987e-02
-2.693112567067146301e-02
4.087528958916664124e-02
-3.065679036080837250e-02
2.790017053484916687e-02
-2.231076359748840332e-01
-2.801640629768371582e-01
-2.002052515745162964e-01
1.078982278704643250e-01
1.074969470500946045e-01
-1.682696342468261719e-01
-3.402196988463401794e-02
-1.094118431210517883e-01
-1.397860199213027954e-01
-2.168924510478973389e-01
-1.409061849117279053e-01
1.246126368641853333e-01
1.288533657789230347e-01
3.434944525361061096e-02
-8.308910578489303589e-02
-1.318870782852172852e-01
4.718767479062080383e-02
-2.263526469469070435e-01
1.277053356170654297e-02
4.803509265184402466e-02
-1.617380529642105103e-01
-2.088954001665115356e-01
-7.917748298496007919e-04
5.015645176172256470e-02
1.040631011128425598e-01
-5.713145807385444641e-02
-1.488852966576814651e-02
-2.154380381107330322e-01
7.302032411098480225e-02
-1.488492041826248169e-01
7.439441978931427002e-02
-1.945539861917495728e-01
1.079927012324333191e-01
-7.473597675561904907e-02
8.899499475955963135e-02
5.771352350711822510e-02
-7.230808585882186890e-02
-1.407059133052825928e-01
6.989236921072006226e-02
-1.558070331811904907e-01
-1.444358676671981812e-01
1.118965223431587219e-01
1.136527732014656067e-01
8.751228451728820801e-02
1.475676745176315308e-01
1.044424101710319519e-01
-1.329746693372726440e-01
5.122929811477661133e-02
-1.146996319293975830e-01
-1.229954808950424194e-01
3.241050988435745239e-02
-3.885079175233840942e-02
-2.088088244199752808e-01
5.135021358728408813e-02
4.418272152543067932e-02
-1.221193522214889526e-01
-1.504646986722946167e-01
-4.402488702908158302e-04
-8.487655222415924072e-02
4.266683384776115417e-02
-1.554967761039733887e-01
7.197144627571105957e-02
-1.911854445934295654e-01
7.604154199361801147e-02
-2.434932142496109009e-01
-1.180684790015220642e-01
4.394323006272315979e-02
1.035547722131013870e-02
7.919957488775253296e-02
-1.227324306964874268e-01
-1.358132064342498779e-01
5.025781318545341492e-02
-2.432480752468109131e-01
-9.835016913712024689e-03
-6.349085271358489990e-02
-9.560901671648025513e-02
-1.217021793127059937e-01
8.410257101058959961e-02
-9.053539484739303589e-02
-3.484578430652618408e-02
7.490383088588714600e-02
1.266481727361679077e-01
1.279661208391189575e-01
1.641181409358978271e-01
3.679228713735938072e-03
-3.521688655018806458e-02
-2.487912401556968689e-02
1.515843272209167480e-01
-9.130903333425521851e-02
1.594510376453399658e-01
-7.400550693273544312e-02
1.703463494777679443e-01
1.421536654233932495e-01
-9.695656597614288330e-02
-2.680772840976715088e-01
2.436490729451179504e-02
3.455226495862007141e-02
4.351825639605522156e-02
-7.444862276315689087e-03
5.225609615445137024e-02
-2.368869036436080933e-01
-2.916964590549468994e-01
6.532864272594451904e-02
7.315419614315032959e-02
9.494485706090927124e-02
8.316399902105331421e-02
-1.156140267848968506e-01
-2.183243036270141602e-01
-1.422968655824661255e-01
-8.465213328599929810e-02
-1.620894968509674072e-01
1.204340308904647827e-01
1.214972138404846191e-01
4.491915553808212280e-02
2.074239961802959442e-02
2.697845362126827240e-02
-2.303667366504669189e-01
-2.025590389966964722e-01
-1.975631713867187500e-01
1.508192531764507294e-02
-2.112295031547546387e-01
4.090707376599311829e-02
4.788919165730476379e-02
9.374670684337615967e-02
9.977687895298004150e-02
-3.878153860569000244e-02
9.787692129611968994e-02
-1.439140439033508301e-01
-3.718583658337593079e-02
2.070784755051136017e-02
-1.705424785614013672e-01
-1.869737356901168823e-01
9.823120385408401489e-02
-1.430641412734985352e-01
-2.202587723731994629e-01
-1.009869724512100220e-01
-1.481802165508270264e-01
2.049746736884117126e-02
4.048175364732742310e-02
-1.498019993305206299e-01
1.870062761008739471e-02
2.075103577226400375e-03
7.512670010328292847e-02
-8.616116642951965332e-02
-1.414146274328231812e-01
-6.088645756244659424e-02
9.917505085468292236e-02
-1.182797830551862717e-02
-5.474657565355300903e-02
1.100280582904815674e-01
1.234904751181602478e-01
1.938776113092899323e-03
1.126357987523078918e-01
1.297881156206130981e-01
-2.939110100269317627e-01
-5.163907259702682495e-02
-3.636590018868446350e-02
5.287384986877441406e-02
1.074477732181549072e-01
1.671714521944522858e-02
2.927581593394279480e-02
-1.614555716514587402e-01
-2.406718581914901733e-01
-3.482533991336822510e-02
1.246532052755355835e-01
8.521326631307601929e-02
-6.527272611856460571e-02
9.535742551088333130e-02
-1.224269494414329529e-01
-1.424472033977508545e-01
-2.233953326940536499e-01
8.987510949373245239e-02
-3.285902738571166992e-02
-1.703182309865951538e-01
-2.400205582380294800e-01
5.737172439694404602e-02
2.750641480088233948e-02
2.510144747793674469e-02
5.794439092278480530e-02
-3.274062275886535645e-01
3.325654193758964539e-02
-1.320270001888275146e-01
-2.313539013266563416e-02
-1.426353007555007935e-01
1.238020807504653931e-01
-1.165840178728103638e-01
1.935718394815921783e-02
9.384927898645401001e-02
-5.760334804654121399e-02
-7.020512968301773071e-02
-6.602513045072555542e-02
1.267138272523880005e-01
9.818539023399353027e-03
8.518858253955841064e-02
-2.368243932723999023e-01
-1.735896170139312744e-01
5.497146025300025940e-02
3.851295635104179382e-02
5.405765771865844727e-02
-2.363764494657516479e-01
1.632963307201862335e-02
8.378164470195770264e-02
-1.886283904314041138e-01
-1.174458395689725876e-02
1.461068093776702881e-01
-1.632031239569187164e-02
6.765543669462203979e-02
-5.946606770157814026e-02
1.644406914710998535e-01
1.482968777418136597e-01
-1.366021633148193359e-01
-1.519378870725631714e-01
1.497906893491744995e-01
-1.567725241184234619e-01
-1.211482584476470947e-01
3.923315554857254028e-02
1.270802915096282959e-01
1.347291171550750732e-01
1.381301432847976685e-01
-1.058202907443046570e-01
1.368497163057327271e-01
-1.596021503210067749e-01
-1.380872428417205811e-01
8.740544319152832031e-02
9.031912684440612793e-02
-1.171274930238723755e-01
-1.170568019151687622e-01
-1.592051237821578979e-01
-9.812904149293899536e-02
-1.209481731057167053e-01
8.537590503692626953e-02
1.381380856037139893e-01
9.151762723922729492e-02
1.019452437758445740e-01
1.315122097730636597e-01
1.319850832223892212e-01
-6.131889671087265015e-02
1.473684310913085938e-01
-4.310514777898788452e-02
-6.620229035615921021e-02
-1.063177958130836487e-01
1.292737666517496109e-02
-9.389039129018783569e-02
2.319300174713134766e-02
7.374486327171325684e-02
1.078727170825004578e-01
-1.381683051586151123e-01
-1.362474113702774048e-01
-1.490625888109207153e-01
7.472100108861923218e-02
1.009435206651687622e-02
1.016093939542770386e-01
-5.848095566034317017e-02
1.223848164081573486e-01
-1.374481022357940674e-01
1.211716830730438232e-01
-6.415583938360214233e-02
-5.505696404725313187e-03
-8.582548052072525024e-02
-2.957158535718917847e-02
1.430171430110931396e-01
-2.434151433408260345e-02
1.385680139064788818e-01
8.131638914346694946e-02
-1.636021733283996582e-01
9.308264404535293579e-02
9.150519967079162598e-02
5.758057534694671631e-02
-6.317397207021713257e-02
-1.746832430362701416e-01
-2.605794928967952728e-02
7.729730755090713501e-02
-2.037410140037536621e-01
-1.488101482391357422e-01
-2.666182070970535278e-02
5.871479958295822144e-02
-5.170117318630218506e-02
-1.619231402873992920e-01
5.923659726977348328e-02
5.508930608630180359e-02
7.940281182527542114e-02
-1.924728900194168091e-01
9.494426846504211426e-02
-2.941389679908752441e-01
-3.708385527133941650e-01
5.345496907830238342e-02
-3.088370431214570999e-03
8.590532839298248291e-02
6.572676450014114380e-02
-1.303915865719318390e-02
4.614691063761711121e-02
-3.164709210395812988e-01
-3.782283365726470947e-01
5.008532851934432983e-02
1.072225943207740784e-01
4.763209447264671326e-02
-1.215216368436813354e-01
-1.794840395450592041e-01
-2.148532122373580933e-01
-5.309599265456199646e-02
-1.711254864931106567e-01
5.647149309515953064e-02
-1.059103235602378845e-01
-1.107261050492525101e-02
-1.891267001628875732e-01
6.539030373096466064e-02
4.473380371928215027e-02
-1.862934976816177368e-01
8.321241289377212524e-02
6.873396784067153931e-02
-1.670009195804595947e-01
3.748714923858642578e-02
-2.411914914846420288e-01
1.101904436945915222e-01
-9.768614172935485840e-02
1.178798228502273560e-01
1.058411151170730591e-01
-1.116637066006660461e-01
-7.976087927818298340e-02
-1.321032736450433731e-02
-1.150757656432688236e-03
1.276997178792953491e-01
-5.353432521224021912e-02
1.359201669692993164e-01
-2.136927694082260132e-01
1.234651282429695129e-01
-1.696770638227462769e-01
1.042460426688194275e-01
5.744981765747070312e-02
-9.610106796026229858e-02
1.068509593605995178e-01
-4.209721833467483521e-02
-1.078354045748710632e-01
7.597130537033081055e-02
-1.941139400005340576e-01
5.311771109700202942e-02
5.891461297869682312e-02
5.956189334392547607e-02
-1.304300269111990929e-03
-2.293892502784729004e-01
-1.066081449389457703e-01
-7.475861907005310059e-02
-1.818842142820358276e-01
3.682212531566619873e-02
1.330340001732110977e-02
4.960963502526283264e-02
-7.898570597171783447e-02
4.350838810205459595e-02
-2.324571609497070312e-01
3.608610853552818298e-02
-1.683585643768310547e-01
-2.358718365430831909e-01
-1.112949326634407043e-01
-1.347276270389556885e-01
1.400619894266128540e-01
5.963493138551712036e-02
-3.129655122756958008e-02
1.017786040902137756e-01
-7.929115742444992065e-02
-1.887356676161289215e-02
-8.977160602807998657e-02
1.760950535535812378e-01
1.494380682706832886e-01
-6.748192012310028076e-02
1.295226812362670898e-01
-1.086705848574638367e-01
2.863581292331218719e-02
-1.109191775321960449e-01
4.455179721117019653e-02
-5.350254476070404053e-02
8.118259906768798828e-02
-1.178434938192367554e-01
-2.487678974866867065e-01
1.341333985328674316e-01
1.369156986474990845e-01
-1.279346197843551636e-01
-1.240960434079170227e-01
-1.351049393415451050e-01
-1.127208545804023743e-01
-1.292065680027008057e-01
-1.721363365650177002e-01
1.422470510005950928e-01
1.272682696580886841e-01
7.680734246969223022e-02
3.203397989273071289e-02
7.042412459850311279e-02
9.720040112733840942e-02
-9.083937853574752808e-02
-1.231240928173065186e-01
-2.172522991895675659e-01
-1.217309981584548950e-01
8.491054177284240723e-02
5.160716548562049866e-02
-1.384479999542236328e-01
4.653362557291984558e-02
-3.492188453674316406e-02
9.483049809932708740e-02
-1.578237116336822510e-01
2.860854193568229675e-02
2.417458780109882355e-02
1.304382234811782837e-01
-1.904095858335494995e-01
8.178981393575668335e-02
6.429179757833480835e-02
7.073791325092315674e-02
-8.711086213588714600e-02
-1.085483804345130920e-01
1.088446676731109619e-01
-8.957628160715103149e-02
-9.728399664163589478e-02
-1.527739316225051880e-01
7.844545692205429077e-02
3.323757648468017578e-02
-4.756396636366844177e-02
1.870071291923522949e-01
-7.493957877159118652e-02
-1.005029529333114624e-01
-7.754400372505187988e-02
-7.431341707706451416e-02
-9.436194598674774170e-02
-7.348147034645080566e-02
1.916074603796005249e-01
1.957516521215438843e-01
