-8.878372609615325928e-02
2.506754398345947266e-01
3.794880807399749756e-01
5.866302251815795898e-01
2.714893817901611328e-01
4.310695827007293701e-01
1.974062919616699219e-01
2.105791717767715454e-01
2.227136492729187012e-01
-1.051287353038787842e-01
1.065577119588851929e-01
-1.332910805940628052e-01
-6.924808956682682037e-03
1.688446551561355591e-01
-1.478931903839111328e-01
1.054649278521537781e-01
2.394116520881652832e-01
1.596574038267135620e-01
-7.013306766748428345e-02
2.267558425664901733e-01
6.606970727443695068e-02
2.177937179803848267e-01
3.009969890117645264e-01
-5.364761501550674438e-02
-1.463694381527602673e-03
9.883594512939453125e-02
1.545727401971817017e-01
3.149199187755584717e-01
2.825927436351776123e-01
-2.854571677744388580e-02
-2.362120598554611206e-01
-1.306646317243576050e-01
-3.763146698474884033e-01
6.101191043853759766e-02
2.657924294471740723e-01
-9.500707685947418213e-02
3.205367922782897949e-01
4.631993472576141357e-01
-4.223337769508361816e-02
5.137994885444641113e-02
2.462507039308547974e-01
1.108051910996437073e-01
1.999228000640869141e-01
2.688494026660919189e-01
3.276125192642211914e-01
-2.173051685094833374e-01
1.529940217733383179e-01
1.073295325040817261e-01
4.070997536182403564e-01
9.485720098018646240e-02
1.792952120304107666e-01
1.366751343011856079e-01
-2.281862050294876099e-01
3.487457334995269775e-01
1.096527129411697388e-01
2.687167823314666748e-01
3.445914983749389648e-01
2.190769612789154053e-01
3.732841014862060547e-01
4.341268241405487061e-01
2.939614653587341309e-01
2.432281374931335449e-01
3.189243078231811523e-01
-1.911039054393768311e-01
