-2.543067634105682373e-01
9.586500376462936401e-02
2.696274220943450928e-01
3.562722727656364441e-02
-3.379842638969421387e-01
-9.525701403617858887e-02
-1.453468352556228638e-01
-2.544694244861602783e-01
-2.932883203029632568e-01
-4.756315052509307861e-01
-2.796998023986816406e-01
-5.238697528839111328e-01
-4.062900543212890625e-01
2.081429660320281982e-01
-6.022584438323974609e-01
-2.471036165952682495e-01
-9.879091382026672363e-02
-6.145130991935729980e-01
-2.797945141792297363e-01
-1.473156958818435669e-01
2.067320197820663452e-01
-8.045673966407775879e-01
-8.332264423370361328e-01
-6.343620419502258301e-01
-4.208173751831054688e-01
-5.589554905891418457e-01
-2.527327537536621094e-01
4.685329496860504150e-01
-3.389908969402313232e-01
-5.463930964469909668e-01
-7.521496415138244629e-01
-4.310521483421325684e-01
-4.838703274726867676e-01
-1.855083107948303223e-01
-7.293096780776977539e-01
-3.677064478397369385e-01
-3.115622401237487793e-01
3.093398362398147583e-02
-1.554366499185562134e-01
-4.065575301647186279e-01
3.243818506598472595e-02
-1.949220150709152222e-01
-2.085370710119605064e-03
2.588874399662017822e-01
-3.854497969150543213e-01
-2.544327676296234131e-01
-4.296113178133964539e-02
-3.497731387615203857e-01
-2.864172756671905518e-01
-3.443973660469055176e-01
-7.737936973571777344e-01
-1.292821466922760010e-01
-6.656464338302612305e-01
5.336326733231544495e-02
-5.343691110610961914e-01
-6.028640866279602051e-01
-6.336252689361572266e-01
-1.566277593374252319e-01
-8.694207668304443359e-02
-2.174727022647857666e-01
-2.402981668710708618e-01
-5.820906758308410645e-01
-7.575119286775588989e-02
-5.739080905914306641e-01
