9.803094863891601562e-01
1.100760579109191895e+00
8.373553752899169922e-01
2.282073497772216797e+00
1.274628996849060059e+00
1.240639567375183105e+00
3.827290534973144531e-01
1.157240867614746094e+00
1.058595299720764160e+00
7.835208177566528320e-01
9.088911414146423340e-01
7.455866336822509766e-01
1.004589200019836426e+00
2.057534933090209961e+00
1.043228745460510254e+00
2.135728120803833008e+00
7.600083351135253906e-01
1.060835242271423340e+00
1.487580180168151855e+00
1.840726375579833984e+00
1.806673884391784668e+00
1.436568021774291992e+00
1.126047611236572266e+00
1.684791326522827148e+00
1.230931997299194336e+00
1.045926451683044434e+00
2.222360610961914062e+00
1.550683259963989258e+00
1.529050230979919434e+00
7.487732768058776855e-01
6.779599189758300781e-01
1.687301993370056152e+00
1.717308521270751953e+00
8.980482220649719238e-01
1.767958551645278931e-01
9.042775034904479980e-01
1.254057526588439941e+00
9.663666486740112305e-01
7.775637507438659668e-01
1.433184742927551270e+00
6.216460466384887695e-01
6.683380603790283203e-01
1.858986020088195801e+00
3.490591287612915039e+00
1.368002295494079590e+00
1.265648484230041504e+00
1.204572319984436035e+00
7.478996515274047852e-01
8.836972117424011230e-01
8.958876132965087891e-01
1.527060747146606445e+00
2.126123905181884766e+00
8.267282247543334961e-01
1.362196803092956543e+00
1.396261572837829590e+00
3.194379329681396484e+00
8.239910602569580078e-01
1.030152082443237305e+00
1.309171557426452637e+00
1.039677262306213379e+00
5.271548271179199219e+00
9.232307672500610352e-01
1.598492383956909180e+00
9.131794571876525879e-01
2.287080049514770508e+00
1.732046961784362793e+00
1.712319493293762207e+00
1.437088251113891602e+00
1.222669363021850586e+00
6.733686923980712891e-01
9.808475971221923828e-01
2.640314340591430664e+00
1.766978621482849121e+00
8.016483783721923828e-01
1.118623733520507812e+00
7.661120891571044922e-01
2.946491241455078125e+00
1.817296504974365234e+00
5.683802962303161621e-01
1.695727944374084473e+00
2.107851982116699219e+00
1.064916849136352539e+00
1.382162928581237793e+00
1.793410301208496094e+00
1.983873724937438965e+00
8.678559660911560059e-01
2.008507966995239258e+00
6.009816169738769531e+00
1.563783407211303711e+00
1.915158033370971680e+00
5.086406707763671875e+00
6.847911477088928223e-01
8.899354934692382812e-01
5.812458395957946777e-01
1.540963649749755859e+00
2.454395294189453125e+00
8.933138847351074219e-01
7.905344367027282715e-01
9.971792697906494141e-01
1.085067987442016602e+00
8.904010653495788574e-01
9.120021462440490723e-01
8.680688738822937012e-01
1.505453348159790039e+00
1.255259513854980469e+00
8.377429246902465820e-01
1.920226812362670898e+00
1.617694854736328125e+00
6.077179312705993652e-01
9.534373879432678223e-01
8.225541114807128906e-01
4.968306541442871094e+00
1.020895004272460938e+00
1.375100731849670410e+00
1.300286173820495605e+00
1.243949055671691895e+00
9.644666910171508789e-01
1.085342884063720703e+00
1.640538692474365234e+00
7.782038688659667969e+00
1.438289403915405273e+00
1.267917871475219727e+00
8.341990709304809570e-01
1.075967550277709961e+00
6.472223997116088867e-01
1.383750081062316895e+00
1.012074351310729980e+00
7.789750695228576660e-01
