2.374111860990524292e-02
6.206640042364597321e-03
7.998883374966681004e-04
1.141896937042474747e-02
4.311984404921531677e-03
1.492232270538806915e-02
3.740753233432769775e-02
1.440596859902143478e-02
7.006492321624085355e-44
1.078490726649761200e-02
1.617148146033287048e-02
1.421316410414874554e-04
1.443799235858023167e-03
2.910929470090195537e-05
3.412844846025109291e-03
3.562356141628697515e-05
7.600558921694755554e-03
7.006492321624085355e-44
2.035420620813965797e-03
2.805863693356513977e-02
4.383274819701910019e-03
2.197160210926085711e-05
1.049584825523197651e-03
5.882739648222923279e-02
4.166886676102876663e-03
3.028228878974914551e-03
1.310156562794873025e-06
3.109232755377888680e-03
3.345137927681207657e-03
2.763025986496359110e-04
2.770520932972431183e-02
4.945247565046884120e-05
