5.005570068359375000e+02
2.753878173828125000e+02
4.862066345214843750e+02
1.393237304687500000e+02
8.456031494140625000e+02
2.873383789062500000e+02
1.254666015625000000e+03
6.806141967773437500e+02
4.063002319335937500e+02
1.629999847412109375e+02
3.487597656250000000e+02
7.272032165527343750e+01
5.344744873046875000e+02
5.807343139648437500e+02
5.189657592773437500e+02
5.205431518554687500e+02
3.161154479980468750e+02
4.573353881835937500e+02
1.877116851806640625e+02
3.279186706542968750e+02
4.833850708007812500e+02
3.009202270507812500e+02
5.034238891601562500e+02
4.212991333007812500e+02
7.341038818359375000e+02
2.086921081542968750e+02
3.299960937500000000e+02
2.135272674560546875e+02
3.660908813476562500e+02
6.754312133789062500e+02
4.933833923339843750e+02
2.796548767089843750e+02
5.201170654296875000e+02
3.614558715820312500e+02
2.911743774414062500e+02
1.727708282470703125e+02
1.207227859497070312e+02
5.639768676757812500e+02
2.995182189941406250e+02
1.902121124267578125e+02
1.041146362304687500e+03
3.455564270019531250e+02
2.103909454345703125e+02
4.115961303710937500e+02
3.775406799316406250e+02
7.371512451171875000e+02
5.223183593750000000e+02
2.794558715820312500e+02
3.930987243652343750e+02
3.589649353027343750e+02
2.552973327636718750e+02
4.672782287597656250e+02
2.228794555664062500e+02
3.213700561523437500e+02
5.928504638671875000e+02
6.092937622070312500e+02
3.118365783691406250e+02
6.009013671875000000e+02
2.475868072509765625e+02
2.876660461425781250e+02
2.845939025878906250e+02
4.917828063964843750e+02
5.599511718750000000e+02
3.332715759277343750e+02
2.216462097167968750e+02
2.347303771972656250e+02
5.938032836914062500e+02
2.949240112304687500e+02
3.083015747070312500e+02
5.884341430664062500e+02
3.891113586425781250e+02
1.747905883789062500e+02
2.298493957519531250e+02
2.555804595947265625e+02
4.645614929199218750e+02
2.612210388183593750e+02
2.253028717041015625e+02
5.813590087890625000e+02
3.409646301269531250e+02
3.361110229492187500e+02
3.649406127929687500e+02
1.329898376464843750e+02
2.745531616210937500e+02
6.428936157226562500e+02
4.729346618652343750e+02
5.567231445312500000e+02
4.751464843750000000e+02
2.056171722412109375e+02
2.609728698730468750e+02
3.507395019531250000e+02
4.523179321289062500e+02
1.420945892333984375e+02
3.346723632812500000e+02
2.778275756835937500e+02
2.626464233398437500e+02
5.342265014648437500e+02
2.438492736816406250e+02
5.388707275390625000e+02
1.987340240478515625e+02
1.838943481445312500e+02
2.415320892333984375e+02
1.984808654785156250e+02
4.152467651367187500e+02
3.530515136718750000e+02
2.682131042480468750e+02
5.119458923339843750e+02
3.784042358398437500e+02
2.829789428710937500e+02
3.542633972167968750e+02
2.593348693847656250e+02
9.513657226562500000e+02
2.730959777832031250e+02
6.600443725585937500e+02
2.194540405273437500e+02
2.021463775634765625e+02
5.173500366210937500e+02
2.242836914062500000e+02
2.270668640136718750e+02
3.270997314453125000e+02
8.254211425781250000e+02
6.178113403320312500e+02
1.783979949951171875e+02
7.920118408203125000e+02
2.889975585937500000e+02
3.656332702636718750e+02
1.509995117187500000e+02
3.891352844238281250e+02
4.427539367675781250e+02
2.231137084960937500e+02
7.620020141601562500e+02
7.022109375000000000e+02
1.393168701171875000e+03
5.601845703125000000e+02
4.615415039062500000e+02
1.497442169189453125e+02
2.527954406738281250e+02
1.260104492187500000e+03
2.268091430664062500e+02
2.091614837646484375e+02
2.272605895996093750e+02
4.933776855468750000e+02
3.009850769042968750e+02
1.431844329833984375e+02
3.516510925292968750e+02
4.324200439453125000e+02
3.896448974609375000e+02
2.688028259277343750e+02
2.940211486816406250e+02
7.195381469726562500e+02
1.439072875976562500e+02
5.163509521484375000e+02
3.144525146484375000e+02
3.439888610839843750e+02
4.718489990234375000e+02
3.691346435546875000e+02
4.189391174316406250e+02
3.076175231933593750e+02
4.742412719726562500e+02
1.909495391845703125e+02
2.666000671386718750e+02
1.046431045532226562e+02
6.314196777343750000e+02
3.284009094238281250e+02
4.330592041015625000e+02
4.944448242187500000e+02
4.330036926269531250e+02
1.764041290283203125e+02
6.509298706054687500e+02
5.263942260742187500e+02
2.323891448974609375e+02
3.548833007812500000e+02
2.726030578613281250e+02
2.687941284179687500e+02
2.004903869628906250e+02
4.140020446777343750e+02
2.952578735351562500e+02
4.286585388183593750e+02
2.045176086425781250e+02
9.704588012695312500e+02
8.293396606445312500e+02
5.369668579101562500e+02
3.716629638671875000e+02
1.798779296875000000e+02
4.163400268554687500e+02
2.368676300048828125e+02
5.561808471679687500e+02
3.646357116699218750e+02
5.506181640625000000e+02
2.293486633300781250e+02
2.846417541503906250e+02
4.092910156250000000e+02
4.181020202636718750e+02
3.904507751464843750e+02
2.681124877929687500e+02
4.644844665527343750e+02
1.300132141113281250e+02
2.542572937011718750e+02
1.375419433593750000e+03
3.217136230468750000e+02
2.282323455810546875e+02
3.833925781250000000e+02
4.039576416015625000e+02
4.795176391601562500e+02
6.122279663085937500e+02
2.101304931640625000e+02
1.476708984375000000e+03
5.393439941406250000e+02
4.132402648925781250e+02
2.353310852050781250e+02
2.137999267578125000e+02
2.353318023681640625e+02
2.986743774414062500e+02
2.826783752441406250e+02
2.130847320556640625e+02
5.930952758789062500e+02
1.798948211669921875e+02
7.975455932617187500e+02
3.939069824218750000e+02
2.524847869873046875e+02
3.513522949218750000e+02
2.676586914062500000e+02
4.102759399414062500e+02
3.034185485839843750e+02
3.044113769531250000e+02
2.239724884033203125e+02
5.016076049804687500e+02
3.991597900390625000e+02
5.245016479492187500e+02
2.469095764160156250e+02
2.110775451660156250e+02
1.662495727539062500e+02
2.918285217285156250e+02
3.457889709472656250e+02
3.363117675781250000e+02
5.409608764648437500e+02
5.953332519531250000e+02
7.949985351562500000e+02
2.938206787109375000e+02
1.873392486572265625e+02
2.238926849365234375e+02
3.194067382812500000e+02
1.921654968261718750e+02
3.059234008789062500e+02
1.010102996826171875e+02
2.864377746582031250e+02
2.326630554199218750e+02
3.142459411621093750e+02
2.072815704345703125e+02
2.608722534179687500e+02
4.182508850097656250e+02
3.329849853515625000e+02
1.042192749023437500e+03
3.441994018554687500e+02
3.964710083007812500e+02
3.156117553710937500e+02
1.259884887695312500e+03
