-3.076119720935821533e-01
-2.441970705986022949e-01
-2.561548650264739990e-01
-4.673789739608764648e-01
-1.864698976278305054e-01
1.113234385848045349e-01
-3.351340591907501221e-01
-4.147075414657592773e-01
-2.010563164949417114e-01
-1.707022339105606079e-01
-3.029716014862060547e-01
3.461358845233917236e-01
1.866984926164150238e-02
-2.173490226268768311e-01
-5.044463649392127991e-02
-2.551051080226898193e-01
-1.960719078779220581e-01
-1.535692065954208374e-01
-2.308802604675292969e-01
-8.945832401514053345e-02
-2.411093562841415405e-01
-1.807681620121002197e-01
-2.967668175697326660e-01
-1.044004634022712708e-01
-3.508553504943847656e-01
4.981369525194168091e-02
-2.934028804302215576e-01
1.664083451032638550e-01
1.824898421764373779e-01
-4.490341842174530029e-01
-3.907200992107391357e-01
-3.424183726310729980e-01
-9.360539913177490234e-02
1.592903286218643188e-01
-1.738244295120239258e-01
-2.191486023366451263e-02
-2.149886339902877808e-01
-2.762251794338226318e-01
-1.666384786367416382e-01
9.599173069000244141e-02
-2.073651552200317383e-01
1.133691146969795227e-01
-8.679113537073135376e-02
-8.662424981594085693e-02
-4.641953408718109131e-01
2.093942165374755859e-01
-5.828513950109481812e-02
6.460803002119064331e-02
-9.381726384162902832e-02
-1.796657145023345947e-01
-2.240032106637954712e-01
2.564948201179504395e-01
-1.763218343257904053e-01
-2.478346079587936401e-01
-4.035994410514831543e-01
-1.736745983362197876e-01
-2.456321567296981812e-01
-9.859248250722885132e-02
4.093499481678009033e-02
-6.593725681304931641e-01
-5.270588994026184082e-01
-2.489095367491245270e-02
-7.376912236213684082e-02
-2.231863886117935181e-01
