1.922293156385421753e-01
1.109338998794555664e-01
7.891555875539779663e-02
1.196548417210578918e-01
1.225103661417961121e-01
5.198657512664794922e-02
1.107969135046005249e-01
1.172987818717956543e-01
3.159392997622489929e-02
1.239824891090393066e-01
1.675733029842376709e-01
4.874214529991149902e-02
3.735644370317459106e-02
1.755853146314620972e-01
7.791765034198760986e-02
2.074958980083465576e-01
1.794553846120834351e-01
8.281617611646652222e-02
1.024509817361831665e-01
1.108621209859848022e-01
1.424012780189514160e-01
1.338099837303161621e-01
-1.634991914033889771e-02
1.986410170793533325e-01
1.708930134773254395e-01
4.773423448204994202e-02
1.526243835687637329e-01
9.955263882875442505e-02
1.211808919906616211e-01
2.740780115127563477e-01
1.662073135375976562e-01
2.212204784154891968e-01
1.191332340240478516e-01
1.705109626054763794e-01
1.879061907529830933e-01
5.277705937623977661e-02
5.613737925887107849e-02
1.739054024219512939e-01
4.908905550837516785e-02
8.475790917873382568e-02
8.245480805635452271e-02
7.102593034505844116e-02
1.447485536336898804e-01
2.914348542690277100e-01
2.050717771053314209e-01
3.966756165027618408e-02
1.933283060789108276e-01
9.270842373371124268e-02
1.621997058391571045e-01
1.343836635351181030e-01
1.740482896566390991e-01
1.167368814349174500e-01
1.405892521142959595e-01
2.067041099071502686e-01
7.694304734468460083e-02
2.357127666473388672e-01
7.456608116626739502e-02
-1.005479469895362854e-01
1.100009083747863770e-01
1.527673304080963135e-01
6.569052487611770630e-02
8.694940060377120972e-02
1.483347564935684204e-01
1.400709301233291626e-01
8.820339292287826538e-02
1.303506195545196533e-01
1.879334598779678345e-01
2.159205079078674316e-01
9.077885746955871582e-02
5.666344985365867615e-02
6.178889051079750061e-02
1.147853583097457886e-01
1.229467764496803284e-01
9.076738357543945312e-02
9.398930519819259644e-02
1.567851454019546509e-01
8.306117355823516846e-02
1.086804270744323730e-01
1.892655491828918457e-01
1.437906175851821899e-01
1.707678847014904022e-02
1.114542633295059204e-01
7.822269946336746216e-02
7.437591999769210815e-02
1.036005616188049316e-01
1.102131977677345276e-01
2.971197292208671570e-02
1.188253313302993774e-01
1.267497986555099487e-01
1.558283120393753052e-01
1.844120472669601440e-01
1.255032420158386230e-01
1.464265584945678711e-01
2.072169333696365356e-01
1.578104496002197266e-01
7.344971597194671631e-02
9.772372245788574219e-02
1.408539414405822754e-01
1.140539497137069702e-01
6.553902477025985718e-02
1.213564053177833557e-01
1.476125568151473999e-01
2.552843838930130005e-02
1.145650148391723633e-01
9.409897029399871826e-02
1.173139363527297974e-01
1.114324554800987244e-01
1.624021083116531372e-01
1.397202163934707642e-01
1.389755010604858398e-01
4.014638811349868774e-02
1.811850816011428833e-01
1.169272363185882568e-01
1.539079397916793823e-01
-2.408440038561820984e-02
1.615864336490631104e-01
1.706266105175018311e-01
9.139980375766754150e-02
8.718122541904449463e-02
-1.907418482005596161e-03
2.709708362817764282e-02
6.583844125270843506e-02
1.499778032302856445e-01
1.757839322090148926e-01
8.342463523149490356e-02
4.285873845219612122e-02
1.976546198129653931e-01
2.168371826410293579e-01
-2.183841308578848839e-03
6.669948995113372803e-02
2.441333606839179993e-02
-5.732355639338493347e-02
1.563537716865539551e-01
1.833525598049163818e-01
7.379665970802307129e-02
1.713535785675048828e-01
4.519937559962272644e-02
8.045615255832672119e-02
1.098681837320327759e-01
1.109046489000320435e-01
7.675841450691223145e-02
8.682062476873397827e-02
6.448323279619216919e-02
8.840990811586380005e-02
1.676720231771469116e-01
1.253552883863449097e-01
1.122395992279052734e-01
1.036273986101150513e-01
1.444243937730789185e-01
6.483584642410278320e-02
1.461006253957748413e-01
1.010579317808151245e-01
2.179430574178695679e-01
1.525020897388458252e-01
1.372924745082855225e-01
8.682358264923095703e-02
6.472507864236831665e-02
2.061986774206161499e-01
7.913731783628463745e-02
2.105913907289505005e-01
3.611504286527633667e-02
4.912478104233741760e-02
1.715990602970123291e-01
1.279311776161193848e-01
1.160653829574584961e-01
9.923262894153594971e-02
1.546860486268997192e-01
1.304485350847244263e-01
1.005833074450492859e-01
1.093205958604812622e-01
9.648739546537399292e-02
9.508197754621505737e-02
1.524421572685241699e-01
8.978934586048126221e-02
1.022188961505889893e-01
1.434354335069656372e-01
1.338760554790496826e-01
9.355719387531280518e-02
-2.546612359583377838e-02
1.469809412956237793e-01
1.899516880512237549e-01
1.912556737661361694e-01
1.769931763410568237e-01
9.269804507493972778e-02
1.411392241716384888e-01
6.789772957563400269e-02
8.570656925439834595e-02
1.275756806135177612e-01
3.271948173642158508e-02
1.757801771163940430e-01
1.238986477255821228e-01
1.198032721877098083e-01
1.479478329420089722e-01
2.451819181442260742e-01
1.371364444494247437e-01
4.454181343317031860e-02
1.684537082910537720e-01
6.170184537768363953e-02
1.509344875812530518e-01
5.603499710559844971e-02
2.189774364233016968e-01
1.700231432914733887e-01
1.769805699586868286e-01
1.205615699291229248e-01
5.447495728731155396e-02
3.516897559165954590e-02
1.804624050855636597e-01
2.295162379741668701e-01
1.075327321887016296e-01
1.100286915898323059e-01
1.421414762735366821e-01
2.184446603059768677e-01
1.511030793190002441e-01
1.400112807750701904e-01
1.683800369501113892e-01
9.285879880189895630e-02
2.128128409385681152e-01
1.256745755672454834e-01
7.053627073764801025e-02
8.936114609241485596e-02
8.498271554708480835e-02
7.097125053405761719e-02
1.788322627544403076e-01
2.144721001386642456e-01
1.441992074251174927e-01
1.534301638603210449e-01
1.352075785398483276e-01
8.127982169389724731e-02
6.035424396395683289e-02
1.416828334331512451e-01
5.951774865388870239e-02
1.810281574726104736e-01
5.751122906804084778e-02
1.596260070800781250e-01
1.844484955072402954e-01
1.709833741188049316e-01
1.086378768086433411e-01
7.246960699558258057e-02
4.180426523089408875e-02
8.584817498922348022e-02
1.548483520746231079e-01
3.636659309267997742e-02
1.572914868593215942e-01
6.188556179404258728e-02
1.707490682601928711e-01
1.002010852098464966e-01
1.587330847978591919e-01
1.306010633707046509e-01
1.314617842435836792e-01
1.038151755928993225e-01
7.542095333337783813e-02
5.525621026754379272e-02
1.713137030601501465e-01
1.292601525783538818e-01
1.468705683946609497e-01
-2.648274041712284088e-02
