8.930475264787673950e-02
1.312140561640262604e-02
4.588715266436338425e-03
7.581795006990432739e-02
1.169264540076255798e-01
1.336706727743148804e-01
3.506009280681610107e-01
2.862417511641979218e-02
7.006492321624085355e-44
4.272925853729248047e-02
1.293102204799652100e-01
8.511448395438492298e-04
9.522216767072677612e-02
2.297424944117665291e-04
5.780900269746780396e-02
5.122410366311669350e-04
1.134100332856178284e-01
7.006492321624085355e-44
1.420488115400075912e-02
1.489352583885192871e-01
1.162628903985023499e-01
2.468136081006377935e-04
6.231490988284349442e-03
5.713498592376708984e-01
8.658458292484283447e-02
1.010226979851722717e-01
1.084052655642153695e-05
1.946818642318248749e-02
9.714029729366302490e-02
2.051332732662558556e-03
1.542482823133468628e-01
4.019544285256415606e-04
