4.693141460418701172e+00
6.588439941406250000e+00
8.780611038208007812e+00
6.129858970642089844e+00
7.422441005706787109e+00
1.402673721313476562e+01
1.072497177124023438e+01
7.130698204040527344e+00
7.878288269042968750e+00
5.900279998779296875e+00
6.173461914062500000e+00
1.226747703552246094e+01
1.158611965179443359e+01
4.685439586639404297e+00
6.962950229644775391e+00
7.830973625183105469e+00
1.134985160827636719e+01
1.158973979949951172e+01
5.987220764160156250e+00
5.273867607116699219e+00
7.617677688598632812e+00
6.728443145751953125e+00
4.134897232055664062e+00
7.462488174438476562e+00
3.853261947631835938e+00
6.578060150146484375e+00
8.929815292358398438e+00
1.005686855316162109e+01
1.805938529968261719e+01
6.724183559417724609e+00
8.216832160949707031e+00
9.163646697998046875e+00
8.084103584289550781e+00
1.766017913818359375e+01
4.920991420745849609e+00
7.557484149932861328e+00
1.162296104431152344e+01
4.410546302795410156e+00
5.902832984924316406e+00
1.968490219116210938e+01
8.382039070129394531e+00
1.295455455780029297e+01
8.473543167114257812e+00
8.795621871948242188e+00
1.192084980010986328e+01
1.869012641906738281e+01
9.243738174438476562e+00
1.256337928771972656e+01
7.216783523559570312e+00
5.682275295257568359e+00
3.281126499176025391e+00
1.808930015563964844e+01
8.547508239746093750e+00
7.857655048370361328e+00
1.345551395416259766e+01
4.549115180969238281e+00
5.717665672302246094e+00
6.064138889312744141e+00
9.871812820434570312e+00
7.167381763458251953e+00
1.032266330718994141e+01
1.240440845489501953e+01
6.888587951660156250e+00
9.572875976562500000e+00
