4.175678253173828125e+00
7.135773658752441406e+00
5.359634399414062500e+00
4.062746047973632812e+00
1.678070902824401855e+00
2.165905714035034180e+00
6.409442901611328125e+00
2.749981164932250977e+00
3.708743572235107422e+00
9.084589004516601562e+00
6.259891986846923828e+00
1.924611687660217285e+00
6.860233306884765625e+00
2.341142654418945312e+00
3.088450193405151367e+00
5.066406726837158203e+00
5.621449470520019531e+00
3.903578996658325195e+00
4.781846046447753906e+00
4.660131931304931641e+00
2.893184423446655273e+00
4.280443191528320312e+00
2.771716594696044922e+00
5.126263618469238281e+00
3.435419797897338867e+00
1.321559786796569824e+00
6.389369964599609375e+00
6.385494709014892578e+00
4.544152259826660156e+00
3.692230701446533203e+00
3.230589628219604492e+00
3.221676826477050781e+00
3.811722278594970703e+00
1.743798017501831055e+00
5.758460521697998047e+00
2.190854787826538086e+00
3.339216470718383789e+00
2.963998079299926758e+00
4.973237514495849609e+00
3.704279661178588867e+00
2.404630422592163086e+00
2.432704448699951172e+00
3.128598928451538086e+00
4.646575450897216797e+00
4.130576610565185547e+00
1.298377895355224609e+01
5.172767639160156250e+00
9.370035171508789062e+00
7.145436763763427734e+00
1.884800553321838379e+00
5.026024341583251953e+00
4.451421260833740234e+00
3.058175802230834961e+00
2.371041059494018555e+00
5.358553409576416016e+00
4.154394149780273438e+00
4.685795783996582031e+00
5.166576862335205078e+00
7.593499183654785156e+00
5.311618328094482422e+00
3.744233608245849609e+00
2.208668470382690430e+00
1.849256753921508789e+00
3.799497604370117188e+00
3.719046831130981445e+00
6.726156234741210938e+00
1.856810927391052246e+00
3.547328710556030273e+00
2.315016508102416992e+00
2.794689178466796875e+00
3.700943708419799805e+00
4.115816593170166016e+00
1.916814446449279785e+00
4.870275497436523438e+00
1.041689968109130859e+01
1.980299353599548340e+00
1.535988450050354004e+00
2.859756469726562500e+00
6.385827541351318359e+00
2.535410642623901367e+00
2.804905891418457031e+00
2.393551826477050781e+00
2.105438470840454102e+00
7.105962634086608887e-01
5.238584995269775391e+00
3.359541893005371094e+00
4.171792984008789062e+00
4.314648628234863281e+00
9.692195892333984375e+00
7.096490859985351562e+00
5.663934230804443359e+00
5.640945911407470703e+00
3.805864334106445312e+00
1.055557727813720703e+01
7.799779415130615234e+00
5.777241706848144531e+00
3.147548675537109375e+00
5.236260414123535156e+00
1.279321193695068359e+01
3.196261167526245117e+00
3.969085693359375000e+00
5.384682655334472656e+00
4.737684249877929688e+00
3.597177028656005859e+00
5.273039817810058594e+00
6.366277694702148438e+00
4.890722274780273438e+00
1.672821283340454102e+00
9.949019432067871094e+00
3.232917070388793945e+00
8.304666519165039062e+00
4.376800537109375000e+00
2.441123008728027344e+00
3.814424276351928711e+00
3.985847234725952148e+00
2.904637813568115234e+00
3.986824035644531250e+00
2.817613124847412109e+00
3.663317680358886719e+00
2.364451408386230469e+00
4.412977695465087891e+00
5.707964897155761719e+00
9.441948890686035156e+00
1.657610058784484863e+00
3.065520763397216797e+00
2.980504035949707031e+00
2.262867212295532227e+00
4.335846424102783203e+00
