1.038051843643188477e+00
1.029552102088928223e+00
9.374687075614929199e-01
8.320478796958923340e-01
1.053247094154357910e+00
1.082097053527832031e+00
1.057055950164794922e+00
1.077362775802612305e+00
1.035330057144165039e+00
1.020563125610351562e+00
9.777291417121887207e-01
1.003321647644042969e+00
1.001971960067749023e+00
1.073474764823913574e+00
9.847708344459533691e-01
1.014196157455444336e+00
9.797683954238891602e-01
9.517570734024047852e-01
1.061262845993041992e+00
9.980647563934326172e-01
8.811941146850585938e-01
9.692656993865966797e-01
9.413284063339233398e-01
9.430454373359680176e-01
9.440477490425109863e-01
9.556133747100830078e-01
9.748063087463378906e-01
9.661073088645935059e-01
9.879521727561950684e-01
8.621282577514648438e-01
1.040554523468017578e+00
1.105364799499511719e+00
