1.046293377876281738e+00
8.555395603179931641e-01
9.834411740303039551e-01
1.230707764625549316e+00
9.885748624801635742e-01
1.057443618774414062e+00
1.021911978721618652e+00
8.760212659835815430e-01
8.669009208679199219e-01
1.022174715995788574e+00
9.321236014366149902e-01
1.141719937324523926e+00
1.081840157508850098e+00
8.278586268424987793e-01
8.309983611106872559e-01
9.787440299987792969e-01
1.014134883880615234e+00
1.151082277297973633e+00
1.101527929306030273e+00
9.363189339637756348e-01
1.001307845115661621e+00
9.562353491783142090e-01
1.035931468009948730e+00
9.887750148773193359e-01
1.026805043220520020e+00
8.451728820800781250e-01
1.006271123886108398e+00
1.102964639663696289e+00
7.913530468940734863e-01
1.126658201217651367e+00
1.013862371444702148e+00
8.457042574882507324e-01
1.057122826576232910e+00
9.023693203926086426e-01
1.108021259307861328e+00
9.152099490165710449e-01
1.089938759803771973e+00
1.055150270462036133e+00
8.721354007720947266e-01
8.437095880508422852e-01
8.483099341392517090e-01
7.923486232757568359e-01
8.610515594482421875e-01
1.112214684486389160e+00
1.063860177993774414e+00
9.782178997993469238e-01
1.090369820594787598e+00
1.197897791862487793e+00
1.021794319152832031e+00
9.496747851371765137e-01
9.981614947319030762e-01
9.111239314079284668e-01
9.411291480064392090e-01
1.020863652229309082e+00
1.126017212867736816e+00
9.991411566734313965e-01
1.026933312416076660e+00
9.696348905563354492e-01
8.914910554885864258e-01
1.197140455245971680e+00
1.099081397056579590e+00
9.884509444236755371e-01
8.364160656929016113e-01
9.272695183753967285e-01
