8.116769790649414062e-01
7.947860360145568848e-01
5.305040478706359863e-01
5.751664042472839355e-01
9.057030677795410156e-01
1.374389052391052246e+00
5.542562603950500488e-01
8.634855151176452637e-01
9.549511075019836426e-01
6.378499865531921387e-01
9.193449020385742188e-01
7.740018963813781738e-01
1.800600767135620117e+00
9.016466140747070312e-01
1.474461674690246582e+00
8.479016423225402832e-01
8.687604069709777832e-01
9.844604134559631348e-01
7.116274237632751465e-01
4.901002347469329834e-01
1.257915854454040527e+00
8.045902252197265625e-01
5.670331716537475586e-01
3.396578505635261536e-02
1.346646189689636230e+00
1.881985306739807129e+00
9.730419516563415527e-01
6.364443898200988770e-01
1.426552057266235352e+00
6.089509129524230957e-01
7.732273340225219727e-01
9.534429907798767090e-01
