9.953690171241760254e-01
1.062940716743469238e+00
9.501814246177673340e-01
1.073444724082946777e+00
9.699129462242126465e-01
1.197104215621948242e+00
8.894829750061035156e-01
1.002928256988525391e+00
9.543069601058959961e-01
1.024263024330139160e+00
9.748862981796264648e-01
1.020793676376342773e+00
9.228110313415527344e-01
9.285519123077392578e-01
9.249734282493591309e-01
9.614985585212707520e-01
1.005186080932617188e+00
9.148534536361694336e-01
9.797518849372863770e-01
9.366825819015502930e-01
9.264745116233825684e-01
9.820862412452697754e-01
1.046922206878662109e+00
1.120434284210205078e+00
1.011769056320190430e+00
8.887318372726440430e-01
9.100068211555480957e-01
9.052082896232604980e-01
1.014402627944946289e+00
9.398224949836730957e-01
8.971136212348937988e-01
9.765964150428771973e-01
9.255980253219604492e-01
1.091497778892517090e+00
1.016344189643859863e+00
9.367424249649047852e-01
1.039025545120239258e+00
9.130460023880004883e-01
9.892493486404418945e-01
9.016927480697631836e-01
8.791958689689636230e-01
9.440248608589172363e-01
8.935028314590454102e-01
1.070609092712402344e+00
1.035582542419433594e+00
9.919884800910949707e-01
9.674204587936401367e-01
9.259949326515197754e-01
1.100419878959655762e+00
1.003198742866516113e+00
8.334610462188720703e-01
1.004489183425903320e+00
9.755668044090270996e-01
9.871128797531127930e-01
1.004992127418518066e+00
9.698356986045837402e-01
1.021999716758728027e+00
9.546515941619873047e-01
1.166851043701171875e+00
1.075219750404357910e+00
8.994601368904113770e-01
9.424710273742675781e-01
9.451262354850769043e-01
1.135469675064086914e+00
1.024125099182128906e+00
1.035280585289001465e+00
8.344318270683288574e-01
1.035470485687255859e+00
9.541648030281066895e-01
9.690822362899780273e-01
1.013067007064819336e+00
9.324608445167541504e-01
9.720856547355651855e-01
8.934575915336608887e-01
1.081901788711547852e+00
8.925901055335998535e-01
9.177279472351074219e-01
1.158059477806091309e+00
9.720442295074462891e-01
8.989962935447692871e-01
9.283457994461059570e-01
9.690216779708862305e-01
9.444966912269592285e-01
1.035400867462158203e+00
9.110358357429504395e-01
8.950120806694030762e-01
9.405291676521301270e-01
9.639979600906372070e-01
1.022363901138305664e+00
9.861152172088623047e-01
1.030914068222045898e+00
1.059471368789672852e+00
1.009973645210266113e+00
1.007423758506774902e+00
9.798927903175354004e-01
9.587437510490417480e-01
1.065383315086364746e+00
1.203768014907836914e+00
1.263868689537048340e+00
1.042951226234436035e+00
1.055638194084167480e+00
1.020852088928222656e+00
1.092418789863586426e+00
8.798002600669860840e-01
9.677639603614807129e-01
1.035296797752380371e+00
9.312342405319213867e-01
8.928543329238891602e-01
9.841213226318359375e-01
9.405876994132995605e-01
9.549010396003723145e-01
9.444233179092407227e-01
1.034084200859069824e+00
9.289574623107910156e-01
1.039242148399353027e+00
8.964972496032714844e-01
9.776365160942077637e-01
9.379518628120422363e-01
1.061903953552246094e+00
9.581153988838195801e-01
1.104472041130065918e+00
9.635978937149047852e-01
9.794164896011352539e-01
9.782245159149169922e-01
9.419713616371154785e-01
1.080384850502014160e+00
1.138637423515319824e+00
9.191960692405700684e-01
