-2.294251620769500732e-01
-2.104837596416473389e-01
-3.983770608901977539e-01
-6.829057335853576660e-01
-8.013855814933776855e-01
-3.803707063198089600e-01
-7.174815535545349121e-01
-7.006776928901672363e-01
1.257800459861755371e-01
5.801318958401679993e-02
-7.194769978523254395e-01
-5.370517969131469727e-01
-1.673496365547180176e-01
-5.780621170997619629e-01
-2.817232906818389893e-01
-7.751683592796325684e-01
-5.767049193382263184e-01
-4.591161310672760010e-01
-4.037614166736602783e-01
-1.579628698527812958e-02
-2.991897761821746826e-01
-6.901532411575317383e-01
-3.681851029396057129e-01
-4.823898971080780029e-01
-2.322130054235458374e-01
-3.169915378093719482e-01
-2.121121734380722046e-01
-3.661812543869018555e-01
-3.735400438308715820e-01
-2.230533659458160400e-01
-6.879873275756835938e-01
2.687576413154602051e-01
-6.252438575029373169e-02
1.599743515253067017e-01
-7.532278895378112793e-01
-1.898810863494873047e-01
-2.744223475456237793e-01
-3.006827831268310547e-01
-5.578690767288208008e-01
-1.222678646445274353e-01
-3.863043189048767090e-01
-4.691185355186462402e-01
-5.584490895271301270e-01
-6.555586457252502441e-01
-4.145362675189971924e-01
-3.405072391033172607e-01
-5.354691147804260254e-01
-2.828528285026550293e-01
-4.170396029949188232e-01
-5.388485193252563477e-01
5.782266706228256226e-02
-5.861158967018127441e-01
-2.723698019981384277e-01
-3.703092038631439209e-01
-4.945217669010162354e-01
-2.397744208574295044e-01
-4.564024806022644043e-01
-1.294205188751220703e-01
-1.637347042560577393e-01
-2.753752768039703369e-01
-7.826323509216308594e-01
-3.607191517949104309e-02
-7.360086441040039062e-01
-3.507348001003265381e-01
-4.175539910793304443e-01
9.554470889270305634e-03
-9.781798124313354492e-01
-6.855998188257217407e-02
-2.329558134078979492e-01
-1.957201659679412842e-01
-6.399980187416076660e-01
-4.968388080596923828e-01
-6.971079707145690918e-01
-5.191673040390014648e-01
2.770997583866119385e-01
-7.702854275703430176e-01
-1.242478266358375549e-01
-3.450796306133270264e-01
-6.540624499320983887e-01
-1.303838789463043213e-01
-9.292100071907043457e-01
-3.249146640300750732e-01
-5.823059082031250000e-01
-3.745380043983459473e-01
6.437306106090545654e-02
-2.418902814388275146e-01
-2.619645595550537109e-01
-6.791629791259765625e-01
-3.774693310260772705e-01
-5.362406373023986816e-01
-9.342104792594909668e-01
-6.487645506858825684e-01
-6.260652542114257812e-01
4.748679697513580322e-02
-3.876119554042816162e-01
-4.830828011035919189e-01
-5.348084568977355957e-01
9.505835920572280884e-02
-1.006133574992418289e-02
-2.476782500743865967e-01
-2.772925654426217079e-03
-1.849483996629714966e-01
-6.962749361991882324e-01
-3.426532149314880371e-01
-1.264667958021163940e-01
-3.161496520042419434e-01
-6.291904449462890625e-01
-1.825990676879882812e-01
-6.883034110069274902e-01
-2.156234681606292725e-01
-4.522120952606201172e-01
-7.190592885017395020e-01
-6.305245757102966309e-01
-1.863291561603546143e-01
-4.845177233219146729e-01
-1.366822838783264160e+00
-4.731970131397247314e-01
-5.046429634094238281e-01
-2.829026198014616966e-03
-4.346478283405303955e-01
-4.839710295200347900e-01
-3.234815597534179688e-01
-6.026400327682495117e-01
-1.016832329332828522e-02
-4.574517011642456055e-01
-1.924104690551757812e-01
-4.559699594974517822e-01
-5.553731918334960938e-01
