9.580120444297790527e-01
4.247994720935821533e-01
7.600883841514587402e-01
6.868678927421569824e-01
7.040653824806213379e-01
9.279497265815734863e-01
8.761088252067565918e-01
9.206007122993469238e-01
8.899289965629577637e-01
7.765343189239501953e-01
2.398200333118438721e-01
5.358532667160034180e-01
7.439246177673339844e-01
4.496610164642333984e-01
7.821457982063293457e-01
1.068986654281616211e+00
6.735568642616271973e-01
4.940887093544006348e-01
3.545911908149719238e-01
1.044632077217102051e+00
3.993162512779235840e-01
7.860247492790222168e-01
5.622476339340209961e-01
5.817256569862365723e-01
8.021713495254516602e-01
4.986670613288879395e-01
8.142525553703308105e-01
6.708774566650390625e-01
6.692693233489990234e-01
3.410834074020385742e-01
1.469779014587402344e+00
6.830905079841613770e-01
