1.436616063117980957e+00
3.060698032379150391e+00
1.807761907577514648e+00
2.337919950485229492e+00
1.711102962493896484e+00
1.498793005943298340e+00
2.036687612533569336e+00
2.404525518417358398e+00
1.544241309165954590e+00
1.304209709167480469e+00
1.440078020095825195e+00
1.578620672225952148e+00
1.754370570182800293e+00
2.462242841720581055e+00
1.745966911315917969e+00
1.573147177696228027e+00
1.259088397026062012e+00
1.686084628105163574e+00
2.500260591506958008e+00
2.594447374343872070e+00
2.373550415039062500e+00
1.264900684356689453e+00
1.155707955360412598e+00
1.593747019767761230e+00
1.480138182640075684e+00
2.086940050125122070e+00
1.371789813041687012e+00
2.091003179550170898e+00
1.979986667633056641e+00
1.550153732299804688e+00
9.443624615669250488e-01
1.710164189338684082e+00
1.463022470474243164e+00
4.004890918731689453e+00
1.526144027709960938e+00
1.282936692237854004e+00
2.687013864517211914e+00
1.563734889030456543e+00
2.127856969833374023e+00
2.028948545455932617e+00
1.527990460395812988e+00
1.552427053451538086e+00
2.134350299835205078e+00
1.978396654129028320e+00
1.818105101585388184e+00
1.746579647064208984e+00
1.625750660896301270e+00
1.435844540596008301e+00
2.342522859573364258e+00
1.426120042800903320e+00
4.260890960693359375e+00
1.414814949035644531e+00
1.555270075798034668e+00
2.744209766387939453e+00
1.920690059661865234e+00
1.894677162170410156e+00
1.482788801193237305e+00
3.457888364791870117e+00
1.295347571372985840e+00
2.769756317138671875e+00
1.391416668891906738e+00
2.288837194442749023e+00
1.493301630020141602e+00
1.441999077796936035e+00
