-9.241902828216552734e-02
-7.312510162591934204e-02
1.974350661039352417e-01
-1.090409383177757263e-01
-1.530647836625576019e-02
-1.430854797363281250e-01
3.755581751465797424e-02
1.525080204010009766e-01
5.728926509618759155e-02
-1.201573610305786133e-01
-1.275780261494219303e-03
-1.017030999064445496e-01
2.601521611213684082e-01
1.742577999830245972e-01
-2.291865646839141846e-01
-8.409634977579116821e-02
8.089166879653930664e-02
-1.400028318166732788e-01
6.986712571233510971e-03
-7.646058499813079834e-02
1.702246069908142090e-01
2.813818156719207764e-01
1.468730270862579346e-01
3.567434847354888916e-01
1.230546534061431885e-01
1.029090359807014465e-01
-3.275068104267120361e-01
-1.589421629905700684e-01
9.328506886959075928e-02
-6.136003881692886353e-02
-1.574918627738952637e-01
-2.293306291103363037e-01
-2.949484586715698242e-01
1.027418971061706543e-01
2.767419815063476562e-01
1.675969511270523071e-01
2.648611068725585938e-01
1.002687513828277588e-01
-1.673085838556289673e-01
1.641463190317153931e-01
2.234509773552417755e-02
-1.225474402308464050e-01
2.100562909618020058e-03
1.490153074264526367e-01
-1.938583552837371826e-01
9.084723144769668579e-02
-3.921474795788526535e-03
-1.751329749822616577e-01
1.543309092521667480e-01
-1.058263927698135376e-01
1.996033042669296265e-01
1.737636178731918335e-01
-1.927466541528701782e-01
-3.382542729377746582e-02
-1.849153339862823486e-01
3.629036247730255127e-01
4.980780556797981262e-02
-1.123481839895248413e-01
1.706147938966751099e-02
1.765662878751754761e-01
6.336091458797454834e-02
3.236203640699386597e-02
-9.014260023832321167e-02
8.322025090456008911e-02
-9.783093631267547607e-02
-1.234639808535575867e-01
2.223107218742370605e-01
3.741873800754547119e-02
-1.333414167165756226e-01
2.337969690561294556e-01
1.844138354063034058e-01
1.281921267509460449e-01
-1.566627770662307739e-01
-1.071178540587425232e-01
-1.574142128229141235e-01
3.585340455174446106e-02
1.162550598382949829e-01
-1.912774518132209778e-02
2.083402276039123535e-01
-2.090485543012619019e-01
1.180791016668081284e-02
6.596945226192474365e-02
6.112086400389671326e-02
1.638642325997352600e-02
-8.922588080167770386e-02
-1.885813325643539429e-01
1.533320844173431396e-01
2.641984522342681885e-01
-2.655006349086761475e-01
-1.449562907218933105e-01
1.396740376949310303e-01
8.532852679491043091e-02
-2.909371554851531982e-01
-2.200520783662796021e-01
-2.906380966305732727e-02
-7.255577947944402695e-03
1.818620562553405762e-01
1.551807671785354614e-01
1.705677621066570282e-02
-4.734694212675094604e-02
-3.008834123611450195e-01
-1.414547711610794067e-01
2.483438886702060699e-02
-1.122471764683723450e-01
-4.979642480611801147e-02
-1.274257600307464600e-01
3.618539273738861084e-01
-2.245078235864639282e-01
-8.172375708818435669e-02
1.978706717491149902e-01
2.868621237576007843e-02
1.084532737731933594e-01
7.813177071511745453e-03
-1.114032045006752014e-01
2.361973226070404053e-01
-1.326004415750503540e-01
-4.451270774006843567e-02
2.353795468807220459e-01
1.200729608535766602e-01
-1.412269473075866699e-02
-8.553721755743026733e-02
1.290249228477478027e-01
-3.163328468799591064e-01
-6.442722678184509277e-02
2.057712823152542114e-01
-2.445253580808639526e-01
-2.744539976119995117e-01
4.200141504406929016e-02
-1.878180801868438721e-01
8.351742476224899292e-02
1.291985809803009033e-01
-2.083956263959407806e-02
7.370768487453460693e-02
-8.221986889839172363e-02
-2.134056836366653442e-01
-8.466513827443122864e-03
-2.571702003479003906e-02
-1.858897209167480469e-01
2.052791714668273926e-01
-2.480746246874332428e-02
-1.371028423309326172e-01
1.024994626641273499e-01
2.258454263210296631e-01
1.754577010869979858e-01
1.837422996759414673e-01
-6.357096880674362183e-02
9.130249172449111938e-02
1.102894172072410583e-01
-2.088294178247451782e-01
-6.030086800456047058e-02
9.783650189638137817e-02
1.684088557958602905e-01
7.296349108219146729e-02
1.930208131670951843e-02
-1.097830981016159058e-01
2.373113483190536499e-01
1.302184760570526123e-01
-1.861615478992462158e-01
-1.829615533351898193e-01
-2.139018382877111435e-03
-8.948192000389099121e-03
-1.649842709302902222e-01
1.686991751194000244e-01
-8.303400129079818726e-02
-7.985124737024307251e-02
-5.454740300774574280e-02
-1.192434877157211304e-01
-1.318023651838302612e-01
-1.059824749827384949e-01
9.051685780286788940e-02
2.400674521923065186e-01
2.235435545444488525e-01
-8.483684808015823364e-02
1.232377290725708008e-01
9.744852781295776367e-02
-1.119597852230072021e-01
1.795234531164169312e-02
7.680933922529220581e-02
-1.581242978572845459e-01
1.517171710729598999e-01
-3.572835624217987061e-01
3.547782078385353088e-02
1.361931115388870239e-01
-7.668448146432638168e-03
-7.947755604982376099e-02
2.969670295715332031e-02
6.245132163166999817e-02
2.810002863407135010e-01
-2.187798917293548584e-01
-1.993868798017501831e-01
-3.073863089084625244e-01
-4.698879644274711609e-02
2.706746160984039307e-01
-4.136462230235338211e-03
7.014962285757064819e-02
-1.356596648693084717e-01
-1.629495024681091309e-01
1.049514114856719971e-02
3.388412892818450928e-01
-4.664753377437591553e-02
-9.174882620573043823e-02
-6.742627173662185669e-02
2.771528959274291992e-01
-2.089171856641769409e-01
-2.102964520454406738e-01
1.129000782966613770e-01
1.904328912496566772e-01
-5.879730358719825745e-02
1.128356531262397766e-01
7.536160945892333984e-02
7.758751511573791504e-02
-2.290557175874710083e-01
2.999431192874908447e-01
-2.976138330996036530e-02
2.549304664134979248e-01
8.524602651596069336e-02
3.440219676122069359e-03
8.173349197022616863e-04
-1.548145264387130737e-01
-2.236415259540081024e-02
8.059918880462646484e-02
-3.063285052776336670e-01
7.046969234943389893e-02
-1.734006553888320923e-01
-1.312009692192077637e-01
2.698488347232341766e-02
8.840792626142501831e-02
1.582544595003128052e-01
-1.220235079526901245e-01
-1.021305918693542480e-01
5.777698941528797150e-03
4.877125378698110580e-03
-1.100012212991714478e-01
-2.146565765142440796e-01
5.619043111801147461e-02
9.010469168424606323e-02
2.690918445587158203e-01
4.664546251296997070e-02
1.812371611595153809e-01
1.059102863073348999e-01
-1.226350292563438416e-02
-8.435445278882980347e-02
-6.346785277128219604e-02
-2.823675610125064850e-02
2.927277684211730957e-01
-6.289879232645034790e-02
-6.337988190352916718e-03
-4.127484560012817383e-02
-1.012789309024810791e-01
-1.861122846603393555e-01
-1.325139105319976807e-01
-5.122938752174377441e-02
3.265660197939723730e-04
-7.428113371133804321e-02
3.070685826241970062e-02
-1.001156717538833618e-01
2.497873269021511078e-02
-5.472045391798019409e-02
2.311059273779392242e-02
-1.860368102788925171e-01
2.863108217716217041e-01
1.182190701365470886e-01
-2.663782536983489990e-01
-2.636573910713195801e-01
-5.169489607214927673e-02
-5.616115778684616089e-02
5.250609666109085083e-02
3.772213310003280640e-02
5.082880146801471710e-03
1.373527050018310547e-01
1.183354035019874573e-01
-1.340078003704547882e-02
-2.666896879673004150e-01
1.813202397897839546e-03
-1.525764539837837219e-02
1.329884529113769531e-01
1.597075015306472778e-01
-1.688314527273178101e-01
1.577376276254653931e-01
-8.002808690071105957e-02
2.784571647644042969e-01
4.583419114351272583e-02
1.210183650255203247e-01
2.237759828567504883e-01
-1.602724641561508179e-01
-1.635549664497375488e-01
-2.621418535709381104e-01
-6.893235445022583008e-02
-1.563905030488967896e-01
8.214444667100906372e-02
5.561777204275131226e-02
7.733473181724548340e-02
5.172215774655342102e-02
3.529628217220306396e-01
2.530262991786003113e-02
2.058017998933792114e-01
2.675896324217319489e-02
-2.057203054428100586e-01
1.089189872145652771e-01
-1.126979570835828781e-02
1.696687489748001099e-01
-1.805565059185028076e-01
3.526112064719200134e-02
-1.761016845703125000e-01
-2.309458553791046143e-01
2.689765579998493195e-02
-3.822203353047370911e-02
-1.317708790302276611e-01
1.346773803234100342e-01
1.159006878733634949e-01
-6.289520859718322754e-02
7.819568365812301636e-02
2.426843494176864624e-01
2.302724421024322510e-01
-3.548403978347778320e-01
-8.952420949935913086e-02
3.026270270347595215e-01
2.686931490898132324e-01
-7.152407616376876831e-02
-2.369929663836956024e-02
-3.751967251300811768e-01
1.621145904064178467e-01
3.892191499471664429e-02
2.494401335716247559e-01
2.428438216447830200e-01
4.302026927471160889e-01
9.292101487517356873e-03
1.915549188852310181e-01
-2.495889738202095032e-02
-2.844253778457641602e-01
-1.101762205362319946e-01
-6.311222910881042480e-02
-3.462380766868591309e-01
-1.196135431528091431e-01
1.325277984142303467e-01
-1.540750497952103615e-03
1.698661223053932190e-02
-6.663032621145248413e-02
-1.417531669139862061e-01
-3.359410166740417480e-02
2.146192593500018120e-03
-4.928492009639739990e-02
-1.994123160839080811e-01
1.028905063867568970e-01
-1.707796454429626465e-01
1.092266011983156204e-02
-3.512930124998092651e-02
-2.281464636325836182e-02
2.840410768985748291e-01
-3.662912920117378235e-02
-6.340935826301574707e-02
1.881360262632369995e-01
-3.074279054999351501e-02
-1.287541836500167847e-01
-1.205466315150260925e-01
-1.604835689067840576e-01
-1.576722413301467896e-01
2.581381797790527344e-01
4.366923868656158447e-01
1.500007361173629761e-01
-1.041673868894577026e-01
-5.040031671524047852e-02
-1.526470035314559937e-01
2.424517571926116943e-01
-1.118705198168754578e-01
-1.284835934638977051e-01
7.780475169420242310e-02
-1.965374127030372620e-02
-2.587810158729553223e-01
-2.661738544702529907e-02
-3.837598860263824463e-01
2.296351492404937744e-01
-6.225576996803283691e-02
-2.810003459453582764e-01
8.033055812120437622e-02
1.712237112224102020e-02
-1.624240428209304810e-01
-6.359535455703735352e-02
1.266239285469055176e-01
7.106162607669830322e-02
1.872736960649490356e-01
-7.003812491893768311e-02
2.604563236236572266e-01
-1.125942915678024292e-01
7.993258535861968994e-02
2.039601802825927734e-01
-1.388320922851562500e-01
-3.712166100740432739e-02
1.628278009593486786e-02
-1.116964872926473618e-02
2.108444720506668091e-01
-1.357768625020980835e-01
-1.224934309720993042e-01
1.230162335559725761e-03
1.309556216001510620e-01
-1.088742390275001526e-01
3.529270589351654053e-01
-2.903706729412078857e-01
-3.340885341167449951e-01
-1.649115681648254395e-01
-3.142624497413635254e-01
5.139600858092308044e-02
-1.505114510655403137e-02
-2.711053788661956787e-01
-3.220389485359191895e-01
-2.175196632742881775e-02
5.794673040509223938e-02
-4.030065145343542099e-03
-1.831745207309722900e-01
1.513907611370086670e-01
-2.763654887676239014e-01
-2.863991856575012207e-01
-2.422643452882766724e-02
8.850448764860630035e-03
9.327414631843566895e-02
-6.266462802886962891e-02
2.322401851415634155e-02
2.698327898979187012e-01
-2.447818964719772339e-01
1.450471282005310059e-01
1.016866490244865417e-01
-2.262677103281021118e-01
-1.504653096199035645e-01
-1.108620129525661469e-02
-8.437104523181915283e-02
9.803740680217742920e-02
6.901356577873229980e-02
-1.129537373781204224e-01
3.268173336982727051e-01
-8.055008947849273682e-02
-4.624808132648468018e-01
-4.819107428193092346e-02
2.152357250452041626e-01
-2.719922049436718225e-04
-6.928046792745590210e-02
1.016220599412918091e-01
8.182263001799583435e-03
-1.624264866113662720e-01
-2.346003800630569458e-01
2.630237722769379616e-03
-3.030393123626708984e-01
-1.692072600126266479e-01
7.348825037479400635e-02
-1.407147943973541260e-01
-2.937467694282531738e-01
1.277518272399902344e-01
1.730047464370727539e-01
1.476023644208908081e-01
2.738631367683410645e-01
6.847264617681503296e-02
-2.639237642288208008e-01
-2.750284075736999512e-01
7.142786681652069092e-02
-1.590646356344223022e-01
2.480833530426025391e-01
-2.253558672964572906e-02
2.447218075394630432e-02
2.703756988048553467e-01
-1.407030522823333740e-01
1.089389696717262268e-01
1.309505850076675415e-01
-1.219517290592193604e-01
-2.142816334962844849e-01
-5.143505334854125977e-02
-3.036155365407466888e-02
-2.115858495235443115e-01
-1.830689013004302979e-01
2.016898840665817261e-01
-6.336775422096252441e-02
-7.037497311830520630e-02
8.218845725059509277e-02
-1.092759147286415100e-01
-1.987592279911041260e-01
-1.361611485481262207e-01
-9.886293858289718628e-02
-1.210226640105247498e-01
-1.693464964628219604e-01
-1.503304094076156616e-01
1.198383122682571411e-01
-1.165958717465400696e-01
3.317482471466064453e-01
-2.677491866052150726e-03
-2.430671304464340210e-01
-4.208692908287048340e-02
-1.350326389074325562e-01
-1.395375430583953857e-01
3.255359828472137451e-01
-2.561951875686645508e-01
-1.836133301258087158e-01
-2.849408984184265137e-01
2.173573942855000496e-03
-2.448591142892837524e-01
-3.538362681865692139e-01
-2.839907109737396240e-01
1.150784790515899658e-01
-5.502286180853843689e-02
-1.331449896097183228e-01
-8.767072111368179321e-02
-4.913046211004257202e-02
-2.503106296062469482e-01
-5.861393734812736511e-02
-7.438101805746555328e-03
-1.792932301759719849e-01
-1.467184349894523621e-02
-1.685686409473419189e-01
1.220894977450370789e-01
-7.221558690071105957e-02
-2.262519113719463348e-02
-1.260510087013244629e-01
-5.220466107130050659e-02
1.379399597644805908e-01
-5.454756692051887512e-02
9.109526872634887695e-02
3.886884450912475586e-02
-2.402138859033584595e-01
3.982563018798828125e-01
7.613243907690048218e-02
-2.488402575254440308e-01
-6.945680826902389526e-02
-4.060414731502532959e-01
-4.077485203742980957e-02
-1.739345639944076538e-01
-6.168658658862113953e-02
-4.178775940090417862e-03
5.492242053151130676e-03
-2.810359299182891846e-01
-2.062675654888153076e-01
-1.737647801637649536e-01
1.716424971818923950e-01
-9.919025003910064697e-02
2.140733040869235992e-02
-7.039497047662734985e-02
2.438761144876480103e-01
-1.090312004089355469e-01
-2.010140866041183472e-01
-1.175452172756195068e-01
-1.079024821519851685e-01
-5.869414657354354858e-02
-1.497310101985931396e-01
5.623207613825798035e-02
-1.167218387126922607e-02
4.575319588184356689e-02
1.836428605020046234e-02
-7.205751899164170027e-05
2.328625768423080444e-01
1.038721054792404175e-01
-1.519237011671066284e-01
-4.852496460080146790e-02
3.090949654579162598e-01
-1.413146555423736572e-01
-1.968792453408241272e-02
-3.885561823844909668e-01
-1.323692351579666138e-01
-4.374849051237106323e-02
-1.233218163251876831e-01
1.853361427783966064e-01
5.957452580332756042e-03
-1.664253324270248413e-02
-2.400201410055160522e-01
-2.147185355424880981e-01
-2.607513368129730225e-01
-9.592900425195693970e-02
-1.859941780567169189e-01
3.055681884288787842e-01
1.230139657855033875e-01
-1.395589560270309448e-01
-3.696950897574424744e-02
8.439581841230392456e-02
3.058018982410430908e-01
1.363911032676696777e-01
1.057045832276344299e-01
5.035741254687309265e-02
-1.472757011651992798e-02
-7.289925962686538696e-02
-2.303029596805572510e-01
-4.515544278547167778e-04
-4.971926659345626831e-02
-4.133179187774658203e-01
-1.212479844689369202e-01
-6.226878985762596130e-02
1.979077905416488647e-01
9.067565947771072388e-02
-5.804819986224174500e-02
2.278561741113662720e-01
-1.123209968209266663e-01
1.874779537320137024e-02
-8.406602777540683746e-03
-1.207934916019439697e-01
2.173409909009933472e-01
-1.459973603487014771e-01
-6.230398267507553101e-02
-2.915582060813903809e-01
-1.505484431982040405e-01
7.142782211303710938e-02
-3.754846751689910889e-01
7.380057871341705322e-02
3.543319553136825562e-02
-1.839890331029891968e-01
-1.016173213720321655e-01
-7.507979869842529297e-02
2.494235038757324219e-01
-1.487181056290864944e-02
-1.526163704693317413e-02
2.538180947303771973e-01
-1.969247758388519287e-01
1.870170533657073975e-01
5.349006503820419312e-03
-1.637988090515136719e-01
-1.434371769428253174e-01
-3.292613327503204346e-01
-2.783573232591152191e-02
6.710956245660781860e-02
-6.853447761386632919e-03
2.297967821359634399e-01
-2.727819606661796570e-02
-3.465456515550613403e-02
-9.050067514181137085e-02
1.309738606214523315e-01
5.173633992671966553e-02
-4.212571308016777039e-02
-9.023828804492950439e-02
-5.522286146879196167e-02
9.965868294239044189e-02
-2.626889944076538086e-01
-4.463926330208778381e-02
-8.366198092699050903e-02
-2.481149137020111084e-01
1.548805236816406250e-01
2.311649546027183533e-02
-3.122418820858001709e-01
-2.267544567584991455e-01
-2.374571375548839569e-02
1.624330878257751465e-01
3.618061840534210205e-01
1.653831750154495239e-01
-2.577209658920764923e-02
-8.335749059915542603e-02
-1.128498539328575134e-01
5.746358260512351990e-02
1.290241032838821411e-01
-6.816756725311279297e-02
-3.634221255779266357e-01
-2.039192169904708862e-01
-1.537187397480010986e-01
-3.712572753429412842e-01
1.357970982789993286e-01
1.887533068656921387e-01
1.583345681428909302e-01
-8.432158827781677246e-02
1.282414793968200684e-01
5.047778412699699402e-02
-1.384323388338088989e-01
-3.329153731465339661e-02
-5.959060788154602051e-02
-8.287736028432846069e-02
3.973408788442611694e-02
2.002752572298049927e-01
-2.435112372040748596e-02
-2.896752357482910156e-01
-2.209285087883472443e-02
1.583787202835083008e-01
-1.515938490629196167e-01
-4.576706886291503906e-01
-9.794883430004119873e-02
-1.904168874025344849e-01
2.227887660264968872e-01
-2.078075557947158813e-01
2.663026563823223114e-02
1.158931553363800049e-01
-2.442184984683990479e-01
2.081700265407562256e-01
-3.359154239296913147e-02
-1.192396357655525208e-01
-1.892026513814926147e-01
-7.402765750885009766e-02
1.190063636749982834e-02
2.295038253068923950e-01
5.381871946156024933e-03
-3.465374931693077087e-02
1.489879190921783447e-02
-1.547164767980575562e-01
2.638477087020874023e-01
-1.974534690380096436e-01
-1.557235121726989746e-01
-2.184693068265914917e-01
-1.248991265892982483e-01
-3.380076587200164795e-02
-1.832708865404129028e-01
-1.745388209819793701e-01
-9.307219088077545166e-02
2.691630087792873383e-02
-3.039270937442779541e-01
-1.186237558722496033e-01
-1.593712717294692993e-01
-7.499305903911590576e-02
-3.636714443564414978e-02
-9.608568623661994934e-03
-5.075291395187377930e-01
8.601680397987365723e-02
-6.366319209337234497e-02
-3.178536891937255859e-01
2.016130089759826660e-01
1.453899890184402466e-01
2.071352489292621613e-02
-6.438170373439788818e-02
-1.808217316865921021e-01
2.565828710794448853e-02
1.611230522394180298e-01
-1.093564555048942566e-01
-2.505880892276763916e-01
1.541411038488149643e-02
2.302522659301757812e-01
1.736942329443991184e-03
2.764469385147094727e-01
-1.316665112972259521e-01
-8.423236757516860962e-02
-1.115250810980796814e-01
-1.564194411039352417e-01
-5.844424664974212646e-02
-1.014321073889732361e-01
3.015991747379302979e-01
2.252350002527236938e-02
-1.160692516714334488e-02
-1.737625151872634888e-01
9.913894534111022949e-02
-3.503830432891845703e-01
-2.547896802425384521e-01
-9.660799056291580200e-02
2.134845703840255737e-01
-2.333927601575851440e-01
7.977841049432754517e-02
-3.806388378143310547e-01
-7.376833260059356689e-02
-5.390556529164314270e-03
1.923602521419525146e-01
6.057337298989295959e-02
1.597639918327331543e-01
-2.854546606540679932e-01
-2.491229176521301270e-01
-3.093741238117218018e-01
-9.835074096918106079e-02
-1.493654847145080566e-01
1.701705902814865112e-02
1.742802113294601440e-01
-9.076651930809020996e-02
2.750888466835021973e-01
1.845446527004241943e-01
-1.710059195756912231e-01
-9.410992264747619629e-02
-1.209905073046684265e-01
-8.894150704145431519e-02
-1.589636355638504028e-01
1.233110800385475159e-01
-3.148402646183967590e-02
-2.322373837232589722e-01
1.160082370042800903e-01
1.804666668176651001e-01
-1.505057066679000854e-01
-5.233702659606933594e-01
-1.900666654109954834e-01
1.427833735942840576e-01
-2.098352909088134766e-01
-2.353794723749160767e-01
-2.845658957958221436e-01
2.582370340824127197e-01
-1.664490550756454468e-01
2.694240212440490723e-01
4.342510178685188293e-02
1.488721966743469238e-01
-4.174566268920898438e-01
4.087234288454055786e-02
4.076726362109184265e-02
7.402347028255462646e-02
-1.639934256672859192e-02
1.150939762592315674e-01
2.490520291030406952e-02
6.646272260695695877e-03
-1.151203922927379608e-02
-3.740577995777130127e-01
-3.939390182495117188e-03
-8.458268642425537109e-02
-1.797302663326263428e-01
2.795863747596740723e-01
-2.227336019277572632e-01
-2.364778146147727966e-02
-1.001833900809288025e-01
2.068955898284912109e-01
-1.287456750869750977e-01
-2.935189902782440186e-01
-8.359027653932571411e-02
4.934798181056976318e-02
1.963297650218009949e-02
-7.193447649478912354e-02
-8.624617010354995728e-02
1.208834163844585419e-02
-1.723831892013549805e-01
-1.758832111954689026e-02
1.223501861095428467e-01
9.588815271854400635e-02
-6.974626332521438599e-02
-1.686873435974121094e-01
-4.365309178829193115e-01
1.422397196292877197e-01
2.646126151084899902e-01
-2.583484947681427002e-01
4.757371172308921814e-02
-2.020376473665237427e-01
-8.917728066444396973e-02
-6.369674950838088989e-02
7.864641398191452026e-02
-3.084090352058410645e-01
-9.865444153547286987e-02
2.284968793392181396e-01
-1.081137284636497498e-01
7.873852550983428955e-02
-2.990149259567260742e-01
2.526119947433471680e-01
-7.990688830614089966e-02
2.450968623161315918e-01
1.488111168146133423e-02
5.559974536299705505e-02
-1.077147722244262695e-01
-2.485603541135787964e-01
1.300931572914123535e-01
4.611929878592491150e-02
1.897951513528823853e-01
-7.823919504880905151e-02
-2.665234208106994629e-01
1.122393272817134857e-02
-4.617736488580703735e-02
1.542325480841100216e-03
-1.707226596772670746e-02
1.546417474746704102e-01
-3.756215572357177734e-01
-2.156095579266548157e-02
-1.182901561260223389e-01
8.909939229488372803e-02
-1.506412327289581299e-01
-1.139719113707542419e-01
-1.455805003643035889e-01
1.889464631676673889e-02
5.175290629267692566e-02
6.186392530798912048e-02
-1.684892773628234863e-01
7.470464706420898438e-02
1.321726739406585693e-01
1.690470278263092041e-01
-1.533064395189285278e-01
1.336432695388793945e-01
-1.570214480161666870e-01
6.231144443154335022e-02
2.208813875913619995e-01
-1.498643457889556885e-01
1.680821031332015991e-01
-4.982651770114898682e-01
8.254612982273101807e-02
2.415970861911773682e-01
2.058210521936416626e-01
-2.172137200832366943e-01
2.129096537828445435e-03
3.019018173217773438e-01
-1.976347863674163818e-01
-1.455683857202529907e-01
1.013291184790432453e-03
