1.002014875411987305e+00
1.039791941642761230e+00
1.285670518875122070e+00
9.998126626014709473e-01
1.249399662017822266e+00
2.797874927520751953e+00
1.805128574371337891e+00
1.133043527603149414e+00
1.174179792404174805e+00
1.315879106521606445e+00
1.039517521858215332e+00
2.166712284088134766e+00
2.269421100616455078e+00
8.481691479682922363e-01
1.442470550537109375e+00
1.459496498107910156e+00
1.447324633598327637e+00
1.984367132186889648e+00
9.208540320396423340e-01
1.031327366828918457e+00
1.444877147674560547e+00
1.034066915512084961e+00
6.941951513290405273e-01
1.195513844490051270e+00
9.489620327949523926e-01
1.341204762458801270e+00
1.304860234260559082e+00
1.800846934318542480e+00
2.206884384155273438e+00
1.204612016677856445e+00
1.315982103347778320e+00
2.046291828155517578e+00
1.547500133514404297e+00
3.284630060195922852e+00
8.471529483795166016e-01
1.382203459739685059e+00
1.712686777114868164e+00
8.935577869415283203e-01
1.282518982887268066e+00
3.230129480361938477e+00
1.107470870018005371e+00
2.259611606597900391e+00
1.659059524536132812e+00
1.241547465324401855e+00
1.927602529525756836e+00
3.419669866561889648e+00
1.230991125106811523e+00
1.835316419601440430e+00
1.149351596832275391e+00
8.714166879653930664e-01
6.258823275566101074e-01
2.648353815078735352e+00
1.803594350814819336e+00
1.385655045509338379e+00
2.243128538131713867e+00
7.453489303588867188e-01
8.805106878280639648e-01
9.767217040061950684e-01
2.050747394561767578e+00
1.401923894882202148e+00
1.584071516990661621e+00
2.191734313964843750e+00
1.454707503318786621e+00
1.477674603462219238e+00
