5.444179773330688477e-01
1.039581537246704102e+00
8.076344728469848633e-01
5.492449998855590820e-01
2.676444351673126221e-01
2.479132115840911865e-01
1.024131059646606445e+00
4.397293925285339355e-01
5.211731791496276855e-01
1.220476508140563965e+00
9.883856177330017090e-01
3.091317415237426758e-01
1.121982812881469727e+00
3.506719470024108887e-01
5.009140968322753906e-01
8.424039483070373535e-01
8.834471702575683594e-01
6.698813438415527344e-01
8.591275811195373535e-01
5.129916667938232422e-01
5.134888291358947754e-01
6.180496215820312500e-01
3.381358981132507324e-01
7.473579049110412598e-01
6.080977320671081543e-01
2.296362519264221191e-01
9.732164144515991211e-01
9.574906826019287109e-01
6.793240904808044434e-01
5.896112322807312012e-01
6.222808361053466797e-01
4.391189813613891602e-01
6.751556396484375000e-01
2.195766717195510864e-01
8.759261965751647949e-01
3.112688362598419189e-01
4.657061100006103516e-01
4.388346374034881592e-01
9.069231748580932617e-01
5.880069136619567871e-01
3.954229950904846191e-01
3.961105942726135254e-01
5.502388477325439453e-01
6.110060811042785645e-01
6.378729939460754395e-01
2.118669748306274414e+00
8.426527976989746094e-01
1.537122607231140137e+00
9.606833457946777344e-01
2.830985486507415771e-01
8.301042914390563965e-01
7.551001310348510742e-01
4.123724997043609619e-01
4.048257768154144287e-01
7.472218871116638184e-01
6.261063814163208008e-01
6.328279376029968262e-01
8.590894937515258789e-01
1.176699638366699219e+00
7.413505911827087402e-01
6.439095735549926758e-01
3.455519378185272217e-01
2.997343242168426514e-01
4.882923066616058350e-01
5.621291399002075195e-01
1.057521104812622070e+00
3.026836514472961426e-01
4.603993892669677734e-01
3.634873926639556885e-01
4.110396802425384521e-01
6.304708123207092285e-01
6.266498565673828125e-01
3.403438925743103027e-01
7.245150208473205566e-01
1.310380816459655762e+00
3.355493545532226562e-01
2.645328938961029053e-01
4.159913957118988037e-01
9.270206093788146973e-01
4.244575798511505127e-01
5.029041171073913574e-01
3.284638226032257080e-01
3.261639177799224854e-01
1.028993427753448486e-01
8.135669827461242676e-01
5.176526308059692383e-01
6.967977285385131836e-01
7.116305828094482422e-01
1.504041910171508789e+00
1.024966001510620117e+00
8.557143211364746094e-01
9.181079268455505371e-01
5.467952489852905273e-01
1.420742511749267578e+00
1.209902763366699219e+00
8.566393852233886719e-01
4.304391443729400635e-01
6.364690661430358887e-01
1.309644699096679688e+00
4.622252285480499268e-01
6.115469336509704590e-01
7.627878189086914062e-01
5.925869345664978027e-01
6.074568033218383789e-01
7.878826260566711426e-01
8.654832839965820312e-01
8.090556859970092773e-01
3.061723113059997559e-01
1.681415796279907227e+00
4.806614220142364502e-01
1.318358421325683594e+00
6.536274552345275879e-01
3.605763614177703857e-01
5.724952220916748047e-01
5.969125032424926758e-01
4.491335749626159668e-01
5.988413691520690918e-01
4.736146628856658936e-01
4.195781946182250977e-01
3.448289334774017334e-01
5.871266126632690430e-01
8.634258508682250977e-01
1.489640951156616211e+00
2.584534883499145508e-01
4.140215218067169189e-01
4.435595273971557617e-01
2.693773508071899414e-01
6.715021133422851562e-01
