-1.875454783439636230e-01
-2.586876451969146729e-01
-3.180591762065887451e-02
5.886563658714294434e-02
-4.152337461709976196e-02
7.499164342880249023e-02
-2.823529839515686035e-01
-1.337747722864151001e-01
-1.577342301607131958e-01
-1.089461222290992737e-01
-3.684764355421066284e-02
-2.348666787147521973e-01
-9.516806900501251221e-02
7.618567347526550293e-02
6.093764211982488632e-03
1.737937331199645996e-01
-1.745757013559341431e-01
-4.186241924762725830e-01
-2.161781340837478638e-01
-1.423892378807067871e-01
-4.211133122444152832e-01
-2.400623112916946411e-01
-1.652146428823471069e-01
-1.457777321338653564e-01
-3.000867962837219238e-01
-2.412089258432388306e-01
-1.240736320614814758e-01
-5.402758345007896423e-02
-2.021193206310272217e-01
-1.812977194786071777e-01
-1.035094410181045532e-01
-2.434933334589004517e-01
