7.439928531646728516e+00
1.748895645141601562e+01
8.794366836547851562e+00
1.196316623687744141e+01
1.043334293365478516e+01
8.743149757385253906e+00
1.170713138580322266e+01
1.660176467895507812e+01
7.691305160522460938e+00
6.418533325195312500e+00
6.084640026092529297e+00
9.711763381958007812e+00
8.113785743713378906e+00
1.240709590911865234e+01
1.153392219543457031e+01
7.896957874298095703e+00
6.057266712188720703e+00
7.772887229919433594e+00
1.545919895172119141e+01
1.485340309143066406e+01
1.630531501770019531e+01
5.835790634155273438e+00
5.133388996124267578e+00
1.049094963073730469e+01
1.042329597473144531e+01
1.237252044677734375e+01
5.627264976501464844e+00
1.154662036895751953e+01
1.140336704254150391e+01
6.937231540679931641e+00
4.364511966705322266e+00
1.103478717803955078e+01
9.714662551879882812e+00
3.669250869750976562e+01
7.251768112182617188e+00
6.077982425689697266e+00
1.865948104858398438e+01
6.188675403594970703e+00
1.320458412170410156e+01
1.054104423522949219e+01
8.520397186279296875e+00
6.454978942871093750e+00
1.046461677551269531e+01
1.149679660797119141e+01
9.048189163208007812e+00
9.595800399780273438e+00
6.594820022583007812e+00
7.314899921417236328e+00
1.718332099914550781e+01
6.232595920562744141e+00
4.149008941650390625e+01
8.699600219726562500e+00
1.015178966522216797e+01
1.397336483001708984e+01
1.489760875701904297e+01
1.212453746795654297e+01
8.127537727355957031e+00
2.162388229370117188e+01
6.654772758483886719e+00
2.161866569519042969e+01
6.705459117889404297e+00
1.213647937774658203e+01
7.376083850860595703e+00
7.435292243957519531e+00
