1.560214161872863770e-01
1.250028610229492188e-01
1.085711121559143066e-01
1.343768388032913208e-01
1.084659844636917114e-01
2.406964302062988281e-01
-4.714700393378734589e-03
2.092875689268112183e-01
2.316880375146865845e-01
2.788666784763336182e-01
1.700840294361114502e-01
1.093898061662912369e-02
1.034929156303405762e-01
1.151042710989713669e-02
2.071878015995025635e-01
1.227351464331150055e-02
1.390153020620346069e-01
9.089249186217784882e-03
1.628951430320739746e-01
7.198365777730941772e-02
1.130449920892715454e-01
1.451721321791410446e-02
1.462609767913818359e-01
-3.692515427246689796e-03
1.696350723505020142e-01
8.727100491523742676e-02
8.010442252270877361e-04
1.469442695379257202e-01
1.170580908656120300e-01
4.676860570907592773e-02
1.614955663681030273e-01
-3.059659386053681374e-03
