8.410974740982055664e-01
1.051364183425903320e+00
9.830698370933532715e-01
9.292368292808532715e-01
9.601052999496459961e-01
1.117071509361267090e+00
8.985989093780517578e-01
8.593546748161315918e-01
9.334613084793090820e-01
9.800769090652465820e-01
9.356574416160583496e-01
1.161164522171020508e+00
1.113156795501708984e+00
9.458535909652709961e-01
1.037038087844848633e+00
9.596610069274902344e-01
1.049764633178710938e+00
9.780527353286743164e-01
9.094858169555664062e-01
1.041893362998962402e+00
9.141547083854675293e-01
1.137426495552062988e+00
9.267364144325256348e-01
1.099587917327880859e+00
8.489919900894165039e-01
9.503920674324035645e-01
1.021634697914123535e+00
1.071329951286315918e+00
1.127828598022460938e+00
9.354507327079772949e-01
1.008377790451049805e+00
9.687781929969787598e-01
9.796494841575622559e-01
1.119693756103515625e+00
1.009191513061523438e+00
9.875358939170837402e-01
1.031674504280090332e+00
9.171634316444396973e-01
9.786691665649414062e-01
1.164351820945739746e+00
9.621580839157104492e-01
1.146161437034606934e+00
9.931805133819580078e-01
9.564646482467651367e-01
9.893575906753540039e-01
1.104631304740905762e+00
9.892384409904479980e-01
9.807559847831726074e-01
1.061018824577331543e+00
9.612296819686889648e-01
8.777753114700317383e-01
1.102149844169616699e+00
9.989699721336364746e-01
9.746603369712829590e-01
9.933193325996398926e-01
8.367865681648254395e-01
9.361803531646728516e-01
9.946219325065612793e-01
1.145327210426330566e+00
9.341859817504882812e-01
9.910963773727416992e-01
9.883544445037841797e-01
9.615780711174011230e-01
9.366089105606079102e-01
