5.635476708412170410e-01
4.901683926582336426e-01
5.196976065635681152e-01
5.306862592697143555e-01
4.920721948146820068e-01
4.764328002929687500e-01
6.851148009300231934e-01
5.206703543663024902e-01
4.602816700935363770e-01
4.941538274288177490e-01
5.534866452217102051e-01
3.169458508491516113e-01
5.119072794914245605e-01
5.702472925186157227e-01
4.922425746917724609e-01
5.123584270477294922e-01
5.384362936019897461e-01
5.213531255722045898e-01
4.837979078292846680e-01
4.717180430889129639e-01
4.924009740352630615e-01
4.820062816143035889e-01
5.094419121742248535e-01
5.193619728088378906e-01
5.417935848236083984e-01
4.955258667469024658e-01
4.960162639617919922e-01
4.634182155132293701e-01
5.016062259674072266e-01
5.919441580772399902e-01
5.186060667037963867e-01
4.727915525436401367e-01
4.994136691093444824e-01
4.886802136898040771e-01
5.217863917350769043e-01
3.087752163410186768e-01
4.228647351264953613e-01
5.118438601493835449e-01
5.040370821952819824e-01
4.479151666164398193e-01
5.839392542839050293e-01
5.051497220993041992e-01
5.218679308891296387e-01
5.677474737167358398e-01
4.820533394813537598e-01
5.054544806480407715e-01
4.849434494972229004e-01
4.980705678462982178e-01
5.138530135154724121e-01
6.204932928085327148e-01
5.545326471328735352e-01
5.096251368522644043e-01
4.688546657562255859e-01
5.127655267715454102e-01
4.960694611072540283e-01
5.760564804077148438e-01
4.770115315914154053e-01
5.127084255218505859e-01
3.920566141605377197e-01
5.147632360458374023e-01
4.724934101104736328e-01
5.117861628532409668e-01
5.215777158737182617e-01
4.354626536369323730e-01
4.501565992832183838e-01
4.737447500228881836e-01
4.869373142719268799e-01
5.894324183464050293e-01
5.318715572357177734e-01
5.772877335548400879e-01
4.809900224208831787e-01
4.790579676628112793e-01
5.578218102455139160e-01
4.979187846183776855e-01
5.035396814346313477e-01
4.764773547649383545e-01
4.849033057689666748e-01
5.412343144416809082e-01
5.056912899017333984e-01
5.137457847595214844e-01
5.440684556961059570e-01
4.575651288032531738e-01
5.221533775329589844e-01
5.261985659599304199e-01
5.028468370437622070e-01
5.520298480987548828e-01
5.148262381553649902e-01
4.879570007324218750e-01
4.952902793884277344e-01
5.495691895484924316e-01
5.014667510986328125e-01
4.830587208271026611e-01
4.604243636131286621e-01
5.143193602561950684e-01
5.032222270965576172e-01
5.561327934265136719e-01
4.581509828567504883e-01
5.104838609695434570e-01
5.350222587585449219e-01
4.606539607048034668e-01
4.842186570167541504e-01
4.738422036170959473e-01
4.913805127143859863e-01
4.697758555412292480e-01
5.103337168693542480e-01
5.217385888099670410e-01
5.330377817153930664e-01
4.203076660633087158e-01
4.929868578910827637e-01
5.078254938125610352e-01
5.662109851837158203e-01
5.220181941986083984e-01
5.559735894203186035e-01
5.132042765617370605e-01
4.917341768741607666e-01
5.367235541343688965e-01
4.535345137119293213e-01
5.521647334098815918e-01
4.858322441577911377e-01
5.423908233642578125e-01
4.844488203525543213e-01
3.210411369800567627e-01
5.499871969223022461e-01
5.758601427078247070e-01
4.462388753890991211e-01
4.783761203289031982e-01
5.155249834060668945e-01
5.134224891662597656e-01
5.351319909095764160e-01
5.809007883071899414e-01
5.309819579124450684e-01
6.305963993072509766e-01
5.141958594322204590e-01
5.769259333610534668e-01
4.805590808391571045e-01
5.135989189147949219e-01
6.518113613128662109e-01
4.833865463733673096e-01
4.712239503860473633e-01
4.695661067962646484e-01
5.112941265106201172e-01
4.861950874328613281e-01
5.025214552879333496e-01
4.958575963973999023e-01
4.318558871746063232e-01
4.609732627868652344e-01
4.029995799064636230e-01
4.613077640533447266e-01
5.913580656051635742e-01
2.938648164272308350e-01
4.843793213367462158e-01
4.938063025474548340e-01
5.147771835327148438e-01
5.121317505836486816e-01
5.139841437339782715e-01
4.727512001991271973e-01
5.135558843612670898e-01
6.004064679145812988e-01
4.426251351833343506e-01
5.016607642173767090e-01
4.470988214015960693e-01
5.211566090583801270e-01
5.416554212570190430e-01
4.671948552131652832e-01
5.029897093772888184e-01
5.421947240829467773e-01
5.552951097488403320e-01
5.186173319816589355e-01
4.935732483863830566e-01
5.142815113067626953e-01
4.867307841777801514e-01
5.024909377098083496e-01
5.165122747421264648e-01
4.516874253749847412e-01
4.688699245452880859e-01
4.774192869663238525e-01
5.023178458213806152e-01
4.993744790554046631e-01
6.531439423561096191e-01
5.359913706779479980e-01
5.252365469932556152e-01
5.260402560234069824e-01
5.678538680076599121e-01
4.579248428344726562e-01
5.405926108360290527e-01
5.365690588951110840e-01
4.814424514770507812e-01
5.377590060234069824e-01
4.403862059116363525e-01
4.730632603168487549e-01
5.014788508415222168e-01
5.543393492698669434e-01
4.939641058444976807e-01
4.958205223083496094e-01
4.700014591217041016e-01
4.340509176254272461e-01
5.110818147659301758e-01
6.324059367179870605e-01
4.839166402816772461e-01
4.814960062503814697e-01
5.209097266197204590e-01
5.290449261665344238e-01
5.426795482635498047e-01
5.546851754188537598e-01
3.981724083423614502e-01
6.672570109367370605e-01
5.152171254158020020e-01
5.855190753936767578e-01
4.886645674705505371e-01
5.289756655693054199e-01
5.282583832740783691e-01
5.309935808181762695e-01
4.531040191650390625e-01
5.088579654693603516e-01
5.793232321739196777e-01
4.527431130409240723e-01
5.075895190238952637e-01
5.230805873870849609e-01
4.486562907695770264e-01
4.982728958129882812e-01
5.155711770057678223e-01
5.069214105606079102e-01
4.724879860877990723e-01
5.288658142089843750e-01
5.578647255897521973e-01
5.027061700820922852e-01
5.042411684989929199e-01
5.282316803932189941e-01
4.944782853126525879e-01
5.564049482345581055e-01
4.987450838088989258e-01
4.857376217842102051e-01
4.892345070838928223e-01
4.827773571014404297e-01
5.560100078582763672e-01
5.596136450767517090e-01
5.284439921379089355e-01
5.116882920265197754e-01
4.224714636802673340e-01
4.827546775341033936e-01
4.894778728485107422e-01
4.655694067478179932e-01
4.202583432197570801e-01
4.243313968181610107e-01
5.093339681625366211e-01
4.860127568244934082e-01
5.017088651657104492e-01
4.921231567859649658e-01
4.707537293434143066e-01
5.353470444679260254e-01
5.327374935150146484e-01
6.944290995597839355e-01
4.572992026805877686e-01
4.796516895294189453e-01
4.847541451454162598e-01
6.742533445358276367e-01
