-2.403163313865661621e-01
-3.526117503643035889e-01
-3.677879273891448975e-01
-4.440224766731262207e-01
-3.976587951183319092e-01
-3.301648795604705811e-01
-3.459769189357757568e-01
-3.383424878120422363e-01
-4.483064115047454834e-01
-2.548779547214508057e-01
-4.408729970455169678e-01
-4.243694245815277100e-01
-4.688958227634429932e-01
-4.923239350318908691e-01
-2.891539931297302246e-01
-4.385976791381835938e-01
-3.145622014999389648e-01
-3.605259358882904053e-01
-4.960687160491943359e-01
-2.486732155084609985e-01
-4.183173477649688721e-01
-4.183333814144134521e-01
-2.969179749488830566e-01
-4.910670220851898193e-01
-3.793083131313323975e-01
-3.414904177188873291e-01
-2.732808589935302734e-01
-3.695328533649444580e-01
-5.169367790222167969e-01
-3.927491903305053711e-01
-2.314431220293045044e-01
-3.577496111392974854e-01
-3.703990280628204346e-01
-4.927534461021423340e-01
-3.807275295257568359e-01
-5.066759586334228516e-01
-2.318739742040634155e-01
-2.880741059780120850e-01
-5.014890432357788086e-01
-4.359751641750335693e-01
-2.619189918041229248e-01
-2.186053395271301270e-01
-5.753698348999023438e-01
-3.257157504558563232e-01
-4.121980369091033936e-01
-2.374318689107894897e-01
-2.677779495716094971e-01
-3.371393680572509766e-01
-3.561112582683563232e-01
-2.599870860576629639e-01
-3.918855190277099609e-01
-4.620793461799621582e-01
-3.177778422832489014e-01
-2.899323999881744385e-01
-4.190847277641296387e-01
-4.345348179340362549e-01
-4.276813864707946777e-01
-4.686353206634521484e-01
-3.239180445671081543e-01
-3.124600648880004883e-01
-3.111812770366668701e-01
-3.343221545219421387e-01
-3.571859896183013916e-01
-2.383162677288055420e-01
-3.364652097225189209e-01
-3.325281739234924316e-01
-4.002871513366699219e-01
-2.638251781463623047e-01
-4.878157973289489746e-01
-3.068481683731079102e-01
-4.988341331481933594e-01
-3.670754432678222656e-01
-3.219513595104217529e-01
-3.375108540058135986e-01
-1.588463485240936279e-01
-3.575500249862670898e-01
-3.969522416591644287e-01
-2.960869371891021729e-01
-3.129907548427581787e-01
-4.732521772384643555e-01
-2.471982389688491821e-01
-3.092852234840393066e-01
-4.608919322490692139e-01
-1.730951219797134399e-01
-3.787383735179901123e-01
-4.302007257938385010e-01
-3.393799662590026855e-01
-4.900530576705932617e-01
-3.304922878742218018e-01
-2.730554640293121338e-01
-3.369943797588348389e-01
-3.780337274074554443e-01
-3.788484930992126465e-01
-3.417720496654510498e-01
-5.807982087135314941e-01
-4.676942527294158936e-01
-4.532727003097534180e-01
-2.780749499797821045e-01
-2.954293489456176758e-01
-2.537187337875366211e-01
-4.514746069908142090e-01
-3.625267744064331055e-01
-3.583759367465972900e-01
-2.506315112113952637e-01
-2.935186028480529785e-01
-3.481107354164123535e-01
-3.785930275917053223e-01
-3.607939183712005615e-01
-2.094230949878692627e-01
-2.984769344329833984e-01
-3.123953640460968018e-01
-4.134016633033752441e-01
-3.477478623390197754e-01
-5.134589076042175293e-01
-3.044653236865997314e-01
-4.011327028274536133e-01
-4.965988993644714355e-01
-3.109462559223175049e-01
-4.041008353233337402e-01
-2.650980353355407715e-01
-4.065473973751068115e-01
-3.505408465862274170e-01
-4.335315227508544922e-01
-3.999297618865966797e-01
-3.166462779045104980e-01
-3.731353878974914551e-01
-2.639442384243011475e-01
-2.532414793968200684e-01
