1.849739998579025269e-01
1.041841041296720505e-02
2.247189879417419434e-01
4.538601636886596680e-01
2.058865725994110107e-01
2.253178954124450684e-01
2.358318418264389038e-01
1.999085694551467896e-01
1.824782639741897583e-01
3.854753077030181885e-01
4.507733136415481567e-02
-1.036825031042098999e-01
1.430944353342056274e-01
2.374741286039352417e-01
6.027275919914245605e-01
3.544193804264068604e-01
8.246883004903793335e-02
2.924968302249908447e-01
1.427912414073944092e-01
4.567522108554840088e-01
1.857891827821731567e-01
5.326120257377624512e-01
3.058678507804870605e-01
2.058603763580322266e-01
1.895740926265716553e-01
2.832899987697601318e-01
1.054663956165313721e-01
1.303211152553558350e-01
1.391184628009796143e-01
2.253045439720153809e-01
-1.022326350212097168e-01
2.512589395046234131e-01
2.454794496297836304e-01
3.033038973808288574e-01
-1.669204086065292358e-01
3.283486962318420410e-01
3.594157397747039795e-01
1.213140338659286499e-01
1.444220095872879028e-01
3.976752609014511108e-02
-1.346694305539131165e-03
2.816070020198822021e-01
8.403156697750091553e-02
5.687007904052734375e-01
2.574417293071746826e-01
1.130023375153541565e-01
1.557013094425201416e-01
-1.167875900864601135e-01
1.005978658795356750e-01
8.128293603658676147e-02
1.645899564027786255e-01
4.157473146915435791e-01
2.790983915328979492e-01
-3.229170441627502441e-01
-6.470281630754470825e-02
2.094345986843109131e-01
8.917682617902755737e-02
2.078631967306137085e-01
3.624302446842193604e-01
1.248620823025703430e-01
2.260112911462783813e-01
1.896579414606094360e-01
1.433110535144805908e-01
3.216814100742340088e-01
1.701031029224395752e-01
3.492022454738616943e-01
5.277619957923889160e-01
3.247970640659332275e-01
5.507859960198402405e-02
3.580150306224822998e-01
2.616536021232604980e-01
3.914381191134452820e-02
4.130162000656127930e-01
1.870240122079849243e-01
5.582266449928283691e-01
1.390778869390487671e-01
4.497402310371398926e-01
2.594476938247680664e-01
3.071124851703643799e-01
3.126436471939086914e-01
3.462394475936889648e-01
-8.374494500458240509e-03
6.915683299303054810e-02
3.580869138240814209e-01
1.651196777820587158e-01
2.820066735148429871e-02
2.968285419046878815e-02
2.723155617713928223e-01
7.915629446506500244e-02
-5.775930359959602356e-02
4.020894765853881836e-01
3.551391065120697021e-01
4.687706381082534790e-02
2.509014904499053955e-01
3.666750788688659668e-01
3.596153259277343750e-01
3.074013292789459229e-01
2.035741358995437622e-01
1.792934238910675049e-01
2.153684049844741821e-01
2.517262399196624756e-01
1.615981459617614746e-01
1.426297575235366821e-01
-6.239855289459228516e-02
1.800308823585510254e-01
2.356276959180831909e-01
4.042447209358215332e-01
1.380634009838104248e-01
1.538012027740478516e-01
2.270172089338302612e-01
3.092823922634124756e-01
2.392705827951431274e-01
3.297823667526245117e-01
2.119735032320022583e-01
2.022651284933090210e-01
3.522674143314361572e-01
2.022392302751541138e-01
1.235787197947502136e-01
2.715622186660766602e-01
-2.300788462162017822e-02
3.350422978401184082e-01
4.956631660461425781e-01
7.996387034654617310e-02
4.938326776027679443e-01
-9.007736295461654663e-02
1.807902753353118896e-01
2.550327181816101074e-01
1.555191278457641602e-01
