4.198755741119384766e+00
1.172417283058166504e+00
1.870932102203369141e+00
2.358421802520751953e+00
2.870429515838623047e+00
5.293304920196533203e+00
3.563404560089111328e+00
2.892840385437011719e+00
3.456165552139282227e+00
3.211729049682617188e+00
5.023089647293090820e-01
1.843616008758544922e+00
3.289043188095092773e+00
2.000638484954833984e+00
2.683440446853637695e+00
3.091239452362060547e+00
2.657767534255981445e+00
1.136448860168457031e+00
1.082923531532287598e+00
4.023462295532226562e+00
8.716851472854614258e-01
3.317991733551025391e+00
1.852045655250549316e+00
2.288448333740234375e+00
2.960703372955322266e+00
1.954232931137084961e+00
3.659529685974121094e+00
2.753569841384887695e+00
1.968809962272644043e+00
9.729204177856445312e-01
5.092513084411621094e+00
2.635965108871459961e+00
