1.634895896911621094e+01
1.139362049102783203e+01
1.768877029418945312e+01
5.510910511016845703e+00
2.717934417724609375e+01
9.667579650878906250e+00
2.679843902587890625e+01
2.085416793823242188e+01
1.620784378051757812e+01
6.772997379302978516e+00
1.124943161010742188e+01
4.393526554107666016e+00
1.857780265808105469e+01
1.979886627197265625e+01
1.762088394165039062e+01
1.763760566711425781e+01
1.261954212188720703e+01
1.509344768524169922e+01
7.977122783660888672e+00
1.145428848266601562e+01
1.948180580139160156e+01
1.247480773925781250e+01
1.466487407684326172e+01
1.489325904846191406e+01
1.993236351013183594e+01
9.192748069763183594e+00
1.178461360931396484e+01
8.161581039428710938e+00
1.336061096191406250e+01
1.781981277465820312e+01
1.741845893859863281e+01
1.240360450744628906e+01
1.810159301757812500e+01
1.418984889984130859e+01
1.207329177856445312e+01
8.155183792114257812e+00
4.980485916137695312e+00
1.751403236389160156e+01
1.053224372863769531e+01
6.959645271301269531e+00
2.610414505004882812e+01
1.290876007080078125e+01
8.943301200866699219e+00
1.605953216552734375e+01
1.457422733306884766e+01
2.411310005187988281e+01
1.844944000244140625e+01
1.132956790924072266e+01
1.457190704345703125e+01
1.037512397766113281e+01
9.404891967773437500e+00
1.638093566894531250e+01
9.688217163085937500e+00
1.372912597656250000e+01
1.796975517272949219e+01
1.813388824462890625e+01
1.204912757873535156e+01
1.655778884887695312e+01
1.144100952148437500e+01
1.056506729125976562e+01
1.014019680023193359e+01
1.701604652404785156e+01
1.545161628723144531e+01
1.373916530609130859e+01
8.671764373779296875e+00
8.373470306396484375e+00
1.886020469665527344e+01
1.120558452606201172e+01
1.053089523315429688e+01
1.835876464843750000e+01
1.554210472106933594e+01
7.698391437530517578e+00
8.589215278625488281e+00
8.965784072875976562e+00
1.521992874145507812e+01
1.107216358184814453e+01
8.485659599304199219e+00
1.782077598571777344e+01
1.204894161224365234e+01
1.651892662048339844e+01
1.249391841888427734e+01
5.534994125366210938e+00
9.849180221557617188e+00
1.810907173156738281e+01
1.464349269866943359e+01
1.750066375732421875e+01
1.558698272705078125e+01
8.226632118225097656e+00
1.099007225036621094e+01
1.418125724792480469e+01
1.631847763061523438e+01
5.686708450317382812e+00
1.342282009124755859e+01
1.113269996643066406e+01
1.011109638214111328e+01
1.737966728210449219e+01
1.074432849884033203e+01
1.979862022399902344e+01
8.347908020019531250e+00
7.569635868072509766e+00
1.013813877105712891e+01
8.150318145751953125e+00
1.394409179687500000e+01
1.324489307403564453e+01
1.236561107635498047e+01
1.611726951599121094e+01
1.231785583496093750e+01
1.124204730987548828e+01
1.231284809112548828e+01
1.101290416717529297e+01
2.451295471191406250e+01
1.058012485504150391e+01
1.808038139343261719e+01
7.761190414428710938e+00
7.574213027954101562e+00
1.663847160339355469e+01
9.105639457702636719e+00
8.400121688842773438e+00
1.317056179046630859e+01
1.918056106567382812e+01
1.976719856262207031e+01
6.867562294006347656e+00
2.148008537292480469e+01
1.039385986328125000e+01
1.313321685791015625e+01
5.775088310241699219e+00
1.186752700805664062e+01
1.810362625122070312e+01
6.698700428009033203e+00
1.994640922546386719e+01
1.773896789550781250e+01
2.552217292785644531e+01
1.809546470642089844e+01
1.553209972381591797e+01
6.425643920898437500e+00
1.034325981140136719e+01
2.825258064270019531e+01
8.656685829162597656e+00
9.376523971557617188e+00
1.072790813446044922e+01
1.611720848083496094e+01
1.153693771362304688e+01
5.376480579376220703e+00
1.584747409820556641e+01
1.396324634552001953e+01
1.411588382720947266e+01
1.130405235290527344e+01
1.055496406555175781e+01
1.924341964721679688e+01
6.581339836120605469e+00
1.990360641479492188e+01
1.018080520629882812e+01
1.191969776153564453e+01
1.732038116455078125e+01
1.330025100708007812e+01
1.629763221740722656e+01
1.165661525726318359e+01
1.581253528594970703e+01
8.304503440856933594e+00
1.157216644287109375e+01
4.348722457885742188e+00
2.043176841735839844e+01
1.152634334564208984e+01
1.923979759216308594e+01
1.743075370788574219e+01
1.524954509735107422e+01
7.287768363952636719e+00
2.252909088134765625e+01
1.736350440979003906e+01
9.473629951477050781e+00
1.408822536468505859e+01
1.015042781829833984e+01
1.103905963897705078e+01
8.661705017089843750e+00
1.509163570404052734e+01
1.306847095489501953e+01
1.514063739776611328e+01
7.644229888916015625e+00
2.105327224731445312e+01
2.272622871398925781e+01
2.058127403259277344e+01
1.458297538757324219e+01
7.168108940124511719e+00
1.509828281402587891e+01
8.208669662475585938e+00
1.757820320129394531e+01
1.271535396575927734e+01
1.567031574249267578e+01
8.465394973754882812e+00
1.291318607330322266e+01
1.498281478881835938e+01
1.336678695678710938e+01
1.543183898925781250e+01
1.311148262023925781e+01
1.670473480224609375e+01
5.301503658294677734e+00
1.041721630096435547e+01
2.979092025756835938e+01
1.367300796508789062e+01
9.467959403991699219e+00
1.626466751098632812e+01
1.378607559204101562e+01
1.479169178009033203e+01
1.533469295501708984e+01
8.315633773803710938e+00
3.047467422485351562e+01
1.673433685302734375e+01
1.418255805969238281e+01
9.489603996276855469e+00
7.663654327392578125e+00
8.456888198852539062e+00
1.077029895782470703e+01
1.185701179504394531e+01
8.718694686889648438e+00
1.708848953247070312e+01
7.794272422790527344e+00
2.187145423889160156e+01
1.427948760986328125e+01
9.266972541809082031e+00
1.321201610565185547e+01
1.072683048248291016e+01
1.592124652862548828e+01
1.245534706115722656e+01
1.345227527618408203e+01
9.070636749267578125e+00
1.822389793395996094e+01
1.354877090454101562e+01
1.783762931823730469e+01
1.018387222290039062e+01
7.906084537506103516e+00
6.881937503814697266e+00
1.123830318450927734e+01
1.229347038269042969e+01
1.395598506927490234e+01
1.657268142700195312e+01
1.785781860351562500e+01
2.470220947265625000e+01
1.080807304382324219e+01
7.868886947631835938e+00
8.673019409179687500e+00
1.265074443817138672e+01
8.655588150024414062e+00
1.225622177124023438e+01
4.334211349487304688e+00
1.156052970886230469e+01
9.931507110595703125e+00
1.020164299011230469e+01
8.416950225830078125e+00
1.074381065368652344e+01
1.581532192230224609e+01
1.117114639282226562e+01
2.560254478454589844e+01
1.473714065551757812e+01
1.404388523101806641e+01
1.198264312744140625e+01
2.274754142761230469e+01
