-2.235764116048812866e-01
-2.044372856616973877e-01
5.930849909782409668e-02
-1.410711556673049927e-01
-7.787717133760452271e-02
-2.203130424022674561e-01
-1.491158753633499146e-01
-4.354383051395416260e-02
-3.333641886711120605e-01
2.861950919032096863e-02
-2.017637491226196289e-01
-1.268651932477951050e-01
-7.949267514050006866e-03
-1.752735674381256104e-01
-1.278990954160690308e-01
-2.318007051944732666e-01
-1.969304978847503662e-01
6.726542115211486816e-02
-2.862684130668640137e-01
-2.683392167091369629e-01
-8.386515080928802490e-03
-2.213575690984725952e-01
-7.790378481149673462e-02
-4.034960269927978516e-01
-9.952705353498458862e-02
-1.723921597003936768e-01
-1.240279302000999451e-01
-3.559534624218940735e-02
-1.160357668995857239e-01
-2.726774215698242188e-01
4.157596081495285034e-02
4.665802046656608582e-02
