5.573464184999465942e-02
3.788461908698081970e-02
-1.397314202040433884e-02
1.188333518803119659e-02
4.409154504537582397e-02
1.160368025302886963e-01
9.370408952236175537e-03
-1.102276593446731567e-01
-4.838711395859718323e-02
7.223920524120330811e-02
5.309867486357688904e-02
-1.536742784082889557e-02
8.470984548330307007e-02
-4.393810033798217773e-02
4.461214318871498108e-02
1.007960364222526550e-01
6.427720934152603149e-02
-7.038650661706924438e-02
1.464781165122985840e-01
9.708751738071441650e-02
1.117070913314819336e-01
2.728197351098060608e-02
8.418938517570495605e-02
1.855281442403793335e-01
7.655601203441619873e-02
8.925835043191909790e-02
-5.101497663417831063e-05
1.376693099737167358e-01
8.316822350025177002e-02
5.862393230199813843e-02
8.949963003396987915e-02
-1.726610772311687469e-02
