1.073941946029663086e+00
1.015320777893066406e+00
9.622821807861328125e-01
1.115582704544067383e+00
1.204803943634033203e+00
1.005478620529174805e+00
1.038659334182739258e+00
1.074763894081115723e+00
1.158693194389343262e+00
9.818339347839355469e-01
8.986725211143493652e-01
1.203310847282409668e+00
8.340568542480468750e-01
9.450421929359436035e-01
1.013878941535949707e+00
9.511864781379699707e-01
9.195904731750488281e-01
9.539522528648376465e-01
9.434636235237121582e-01
1.035375714302062988e+00
9.962466359138488770e-01
1.050871729850769043e+00
7.911091446876525879e-01
9.672848582267761230e-01
9.490956664085388184e-01
1.181196808815002441e+00
1.178962588310241699e+00
9.097564220428466797e-01
1.037240147590637207e+00
8.975070714950561523e-01
1.003743529319763184e+00
1.077468037605285645e+00
1.135173320770263672e+00
1.060950160026550293e+00
9.582710266113281250e-01
9.922134280204772949e-01
1.066049575805664062e+00
1.070076346397399902e+00
1.019435167312622070e+00
8.899481892585754395e-01
8.515983819961547852e-01
1.071061611175537109e+00
9.971414804458618164e-01
1.087311029434204102e+00
8.427159190177917480e-01
8.825572729110717773e-01
1.047253966331481934e+00
1.144237160682678223e+00
1.003535389900207520e+00
1.175751686096191406e+00
9.603847861289978027e-01
1.144137501716613770e+00
9.719347953796386719e-01
1.094017624855041504e+00
1.009619116783142090e+00
9.162131547927856445e-01
9.397906064987182617e-01
9.683572053909301758e-01
1.099856495857238770e+00
1.072143912315368652e+00
8.245633840560913086e-01
1.007712602615356445e+00
9.387666583061218262e-01
1.082837462425231934e+00
8.772220611572265625e-01
9.673880934715270996e-01
8.638449907302856445e-01
9.061776399612426758e-01
8.166999816894531250e-01
1.282787799835205078e+00
9.657403826713562012e-01
8.896815180778503418e-01
1.048873662948608398e+00
1.095975995063781738e+00
1.017425537109375000e+00
9.951266050338745117e-01
9.879052042961120605e-01
7.961525321006774902e-01
1.094931364059448242e+00
1.060293197631835938e+00
9.346423745155334473e-01
8.977789282798767090e-01
8.795487284660339355e-01
8.643215894699096680e-01
9.489687681198120117e-01
9.234014749526977539e-01
1.013780713081359863e+00
9.110148549079895020e-01
9.654793143272399902e-01
8.378721475601196289e-01
8.864333629608154297e-01
9.796975255012512207e-01
9.525934457778930664e-01
1.045875191688537598e+00
8.954965472221374512e-01
9.344118237495422363e-01
1.241569042205810547e+00
1.048005580902099609e+00
9.440430402755737305e-01
1.005838394165039062e+00
1.229521870613098145e+00
8.245670199394226074e-01
9.017218351364135742e-01
7.948605418205261230e-01
1.079815268516540527e+00
8.427817225456237793e-01
1.031296730041503906e+00
8.379466533660888672e-01
1.035764217376708984e+00
8.953720927238464355e-01
1.170502662658691406e+00
7.302644848823547363e-01
1.024241447448730469e+00
1.053811669349670410e+00
1.008006095886230469e+00
1.014588952064514160e+00
9.470736980438232422e-01
8.854302167892456055e-01
1.146694183349609375e+00
8.850688338279724121e-01
9.685564041137695312e-01
1.077635884284973145e+00
9.523071050643920898e-01
1.236558914184570312e+00
1.024681687355041504e+00
8.210554122924804688e-01
9.495388269424438477e-01
1.043871760368347168e+00
