7.552294254302978516e+00
1.004106807708740234e+01
6.855803966522216797e+00
1.948251342773437500e+01
1.080414390563964844e+01
1.036578464508056641e+01
2.925350189208984375e+00
9.138854026794433594e+00
9.051488876342773438e+00
6.605082035064697266e+00
7.506231784820556641e+00
6.572931289672851562e+00
8.718795776367187500e+00
1.753703117370605469e+01
8.172033309936523438e+00
1.887128257751464844e+01
6.777657032012939453e+00
9.180544853210449219e+00
1.168267822265625000e+01
1.521753406524658203e+01
1.606582450866699219e+01
1.060241127014160156e+01
9.936341285705566406e+00
1.454570865631103516e+01
1.079342365264892578e+01
9.800778388977050781e+00
2.110783576965332031e+01
1.450611114501953125e+01
1.247930240631103516e+01
5.658990859985351562e+00
6.516501903533935547e+00
1.118368721008300781e+01
1.442447853088378906e+01
6.216899871826171875e+00
1.348335027694702148e+00
7.590773105621337891e+00
9.832473754882812500e+00
7.566057205200195312e+00
5.374950885772705078e+00
1.275145339965820312e+01
4.943490028381347656e+00
5.562883377075195312e+00
1.530291843414306641e+01
2.899353599548339844e+01
1.305683231353759766e+01
1.200761413574218750e+01
1.309986209869384766e+01
6.275331974029541016e+00
7.905226707458496094e+00
7.294790267944335938e+00
1.270419406890869141e+01
1.707234954833984375e+01
6.417136669158935547e+00
1.247891616821289062e+01
1.338630771636962891e+01
2.719064140319824219e+01
6.968710422515869141e+00
7.712286949157714844e+00
9.261578559875488281e+00
9.705814361572265625e+00
4.011302566528320312e+01
7.711726188659667969e+00
1.405901527404785156e+01
7.942269802093505859e+00
2.171360588073730469e+01
1.262387275695800781e+01
1.546859836578369141e+01
1.261560153961181641e+01
8.895761489868164062e+00
5.678382873535156250e+00
8.813360214233398438e+00
2.482930183410644531e+01
1.581274318695068359e+01
7.804715633392333984e+00
8.727681159973144531e+00
6.140717029571533203e+00
2.279941749572753906e+01
1.593101119995117188e+01
4.722269535064697266e+00
1.500092220306396484e+01
1.801051139831542969e+01
8.496645927429199219e+00
1.407079792022705078e+01
1.569551277160644531e+01
1.675135803222656250e+01
7.398381233215332031e+00
1.882786750793457031e+01
4.485845565795898438e+01
1.433032989501953125e+01
1.517584133148193359e+01
4.373625946044921875e+01
5.838069438934326172e+00
7.194219589233398438e+00
4.225254058837890625e+00
1.326943302154541016e+01
2.739786720275878906e+01
8.451830863952636719e+00
5.456025123596191406e+00
8.456472396850585938e+00
8.719423294067382812e+00
7.146131515502929688e+00
7.377984046936035156e+00
7.066016197204589844e+00
1.280374431610107422e+01
9.982658386230468750e+00
6.839128971099853516e+00
1.726554298400878906e+01
1.274596595764160156e+01
4.916934013366699219e+00
8.071125030517578125e+00
7.054610252380371094e+00
4.854972457885742188e+01
8.328299522399902344e+00
1.420838546752929688e+01
1.170459747314453125e+01
1.085618305206298828e+01
8.611883163452148438e+00
9.305260658264160156e+00
1.171610450744628906e+01
6.362104034423828125e+01
1.209504222869873047e+01
1.031013202667236328e+01
6.146742820739746094e+00
8.021094322204589844e+00
4.832289218902587891e+00
1.312361145019531250e+01
9.288866996765136719e+00
7.098398685455322266e+00
