-0.18169126 -0.20380238 0.17165504 0.19185708 0.12946722 -0.20343211 0.15152417 -0.07727036 0.20393160 -0.08481999 0.08300745 0.10193370 -0.00523835 0.07533056 0.29143330 -0.08833347
-0.19483139 -0.17189933 -0.09570377 0.00918659 -0.14519674 -0.05954727 0.28997070 0.25719377 0.06448417 -0.12119543 -0.10475569 0.03970960 0.27225146 -0.19905359 -0.03138258 -0.09902191
-0.16218425 0.05157825 0.21140070 -0.04744584 0.10500526 0.01670202 -0.34276542 0.04755443 0.21768279 0.20201021 0.21858770 -0.15947595 0.18862791 0.08341508 -0.06860515 -0.09458770

-0.00175764 -0.06945752 0.33314469 0.25821498 -0.20935981 -0.05724107 -0.10610386 -0.14096867 -0.18078342 -0.12915920 -0.23341885 0.29492605 -0.01579653 0.27864742 0.33519647 -0.18421477
0.06365231 0.02581641 0.16132751 0.21606918 -0.26835495 -0.10878512 0.29271051 0.24111557 -0.26474845 -0.03197164 -0.07416443 -0.15963697 -0.10232344 0.06648753 -0.21588129 0.05972303
0.02456030 0.10113822 0.10244719 -0.07498105 -0.21884711 0.15537302 0.10362952 -0.27788228 -0.44117180 0.00507139 -0.02432104 -0.08281932 -0.13967562 0.25929976 -0.16692047 -0.35463843

-0.02998049 -0.05959545 0.10570229 0.08681599 0.28652608 -0.05690580 0.02854630 -0.28025189 -0.18875478 -0.02836683 -0.15182142 -0.08892257 -0.15471531 0.01146659 0.15333645 -0.18381171
-0.00561843 -0.07403545 -0.07290334 0.27901655 0.07362591 0.08848391 -0.00541993 0.12582432 -0.14752777 -0.26143524 -0.08312362 0.00172980 0.00010857 -0.15804553 -0.29065767 0.18777718
-0.11762220 -0.05933947 0.21153569 0.13557127 0.05750853 0.14213668 -0.22360347 0.07413419 -0.11281393 -0.06428928 -0.34549692 0.21441518 -0.08233967 -0.08457950 -0.07316798 -0.34187651


0.01360945 -0.17381161 -0.11522645 0.41526049 -0.09930001 -0.20650105 -0.13153554 -0.16246791 -0.11957820 0.09202953 -0.03173233 0.30881125 0.30611476 -0.19774155 0.25538433 -0.07891893
0.03900518 -0.02381780 0.08622874 0.17876413 -0.20995918 -0.00916632 0.21455410 -0.09018295 -0.38323513 -0.23483098 -0.03412353 -0.06579638 0.37482190 -0.11239419 -0.12772197 -0.29797980
-0.00855665 -0.19077063 0.10220293 0.19356406 -0.10986449 0.20623946 -0.28421092 -0.03522849 -0.34690186 -0.01522112 0.21209678 -0.04069805 0.36919403 -0.24982359 0.06160247 -0.32563171

-0.18570025 0.06440432 -0.02918331 -0.57165313 0.06516437 0.04518144 -0.22195274 -0.01315216 0.69072843 -0.09839695 -0.09006789 -0.06393713 0.19986995 0.01265565 0.27078173 -0.32482806
-0.12793712 0.15395939 -0.02447361 -0.71506906 -0.41302863 0.15613413 0.32345626 0.23234226 0.74132437 -0.20501117 -0.08230949 -0.43058604 0.04550011 -0.20188800 -0.39656901 0.31036985
0.00125209 -0.06448352 0.13991055 -0.52384347 -0.05811277 0.39507332 -0.03338096 -0.29875264 0.66463065 -0.25061959 -0.06190366 0.02047495 0.00773447 0.03281107 -0.17278741 -0.36654407

-0.11393999 -0.12243756 -0.14198048 -0.01808903 0.42121288 -0.01463146 -0.24948457 0.12157028 0.08672274 0.27785710 -0.22323202 0.08089018 -0.14539769 0.20457594 0.29273278 -0.25386354
-0.15159756 -0.32009628 -0.21432635 -0.02764251 0.04781291 -0.22746947 0.25062945 0.29552662 0.11808502 -0.03638539 -0.05435583 -0.16146274 -0.19348507 0.21559049 0.02347088 0.26783484
-0.14308818 -0.20031968 0.03983957 -0.06087536 0.08280370 0.17473088 -0.06574558 -0.00079337 0.04900203 -0.10414852 -0.16641808 -0.03474248 -0.33831984 0.20816463 0.00708947 -0.07880319


0.04514427 0.18466823 -0.07502608 -0.09067073 -0.10005714 -0.19081253 -0.06823762 -0.05675444 -0.00878961 -0.11581556 -0.17107822 0.15260053 -0.07090186 0.04417265 -0.14731894 -0.11413637
-0.01190259 -0.05811818 0.04184910 -0.06364685 0.17850900 -0.10418496 0.21157922 -0.04358458 -0.16467355 -0.10104370 -0.02986537 -0.25109741 -0.13058397 -0.23439460 0.15314062 -0.20718719
-0.02437799 0.18629050 -0.19977358 0.35645097 0.28136635 0.09124199 -0.04611673 -0.29370022 0.01839693 -0.17559212 0.19530243 0.13104680 -0.00515756 -0.09192449 0.04824538 -0.14813998

0.02538305 0.31687137 -0.16557606 -0.22830090 0.12722775 -0.13911553 -0.19953044 0.07151434 -0.18112075 0.10909141 0.08905004 0.07230163 0.04153829 -0.15999317 -0.30588451 0.01537763
0.03354463 0.36217436 -0.21506269 -0.08715124 -0.10755077 0.08490491 -0.12908573 0.17057097 0.01737305 -0.02441802 0.01294021 -0.25818458 -0.11450879 -0.21419764 -0.27147490 0.19183306
-0.01271361 0.32359856 -0.29360643 -0.14115673 0.33416122 0.21439692 0.13987085 -0.21959615 -0.06372314 0.08360640 0.29729623 0.19338752 -0.24031869 0.08072009 0.08231902 -0.41293165

-0.00585795 0.21866059 0.05828710 -0.06289192 0.02295701 0.01368311 -0.09044929 0.15662682 -0.27979961 0.05014329 0.13638273 -0.25681555 -0.05480418 0.17748581 -0.09147962 -0.20491436
-0.18704703 -0.05347138 -0.03497544 0.22236943 -0.06695567 -0.16038476 -0.01969532 0.01363395 0.06615038 0.36118400 -0.00338867 -0.02662437 -0.03823917 -0.04922908 0.23242393 0.17232473
-0.20692851 0.03514456 -0.16414259 0.27080119 -0.12912147 -0.16372252 0.27068350 0.12233797 -0.08393172 0.33725038 0.16001078 0.04922315 0.08731753 0.25822935 0.23351578 -0.32097989
