0.06223860 -0.11128201 -0.06914251 0.08346581 0.13602705 -0.07411747 -0.04807249 0.05779695 -0.06306836 0.06009592 0.09946957 0.11745930 -0.05628308 0.10168587 0.13764188 0.08943210
0.19818898 -0.30198830 0.07756282 -0.05697166 0.06348365 -0.13055803 -0.24167712 0.13544036 -0.05773440 0.01714409 -0.18875648 0.18798183 -0.08882385 -0.03710798 0.13550898 0.10844180
-0.26179385 -0.13700953 0.26146778 -0.21219699 -0.35029149 -0.05295494 0.05555328 0.22769079 -0.14472963 0.09592648 0.12888969 -0.18489003 -0.17157729 -0.38203090 -0.08534228 -0.09574480
0.24509566 0.06526279 0.00393041 0.09369099 0.19875541 0.38162306 0.05265560 0.17274436 -0.14136535 -0.13258882 -0.11517274 -0.12840502 -0.11699703 0.10213691 -0.02511629 -0.05476806
-0.46238402 -0.08075049 -0.09245782 0.08972706 0.18219855 -0.08811568 0.00725640 -0.13520564 -0.19653891 -0.13024116 -0.04871620 0.15243082 0.05537047 0.01529890 -0.01818850 -0.10397048
-0.03189369 -0.13460742 0.12607847 -0.08902025 -0.26767901 -0.00530086 0.10293289 -0.13068110 0.07809461 -0.01027801 -0.00489618 -0.03648085 0.12477663 -0.12207555 -0.01269098 0.12939411
0.18232439 0.31797466 0.23817739 0.53616464 0.20470366 0.02963387 -0.07408353 -0.15514551 0.06776167 -0.02836597 0.11060721 0.10258205 0.13978446 -0.06298538 0.05944249 0.04936485
-0.07422463 -0.10977967 -0.29196957 0.04932419 0.02888505 0.10809286 -0.08141892 -0.02079384 -0.20355348 0.31468245 0.09255183 0.06488194 -0.01507663 -0.35226670 -0.09430224 -0.18327288
-0.42168134 -0.07267269 0.02180170 0.14317878 -0.18292610 -0.17492896 -0.14155163 -0.18748860 0.53956842 0.17664562 0.10839529 0.17595975 -0.13673605 0.05369523 0.30258948 -0.04979202
0.45272484 -0.44368947 -0.02153630 0.08488546 0.11004524 0.13759145 -0.37537551 -0.07845817 -0.20201945 0.03411321 -0.04968317 -0.16419898 0.07046217 0.15123239 0.03307628 -0.23430347
0.01114023 -0.18562479 0.07459743 0.04289549 0.00757574 0.06257645 -0.20651352 -0.06888808 -0.16479492 0.04770449 -0.18196054 -0.07652503 -0.61486268 0.01878164 -0.09858023 0.09618517
-0.19106029 -0.06475890 -0.20130332 0.07468732 0.22517416 -0.01802708 0.06749412 0.04755658 0.01192264 -0.11044434 0.06808659 0.21534011 0.31467113 0.05965988 0.23563734 0.20396706
-0.24433984 -0.06831887 -0.21356528 -0.05414854 -0.06858614 0.05087800 -0.13817988 0.13631131 0.02049671 -0.01798531 -0.01686227 0.12280197 0.19174916 -0.03533488 -0.01199385 0.15311417
-0.11066704 -0.04381051 0.30250260 -0.00302200 0.07193425 0.08538847 0.08313794 0.10757403 -0.12235576 -0.01916386 0.31698751 -0.28495792 0.02214039 -0.32404745 0.03966890 -0.52802461
0.12430166 -0.15453158 0.26077384 0.44356906 0.22593322 0.41149536 0.14795655 -0.02411916 -0.00586605 -0.18929827 0.07678682 0.04397057 0.35424936 -0.05401477 -0.29739964 -0.24768361
0.24848333 0.55592477 0.03092694 0.17740960 0.04867622 -0.08357114 -0.04511918 -0.17623946 -0.17041647 -0.20671721 -0.03710067 -0.39824808 -0.14729235 0.08780103 0.38606104 -0.18148698

0.01530841 -0.13935582 -0.17117114 0.02514759 -0.13211228 -0.02274865 -0.06403006 0.01322931 -0.04587818 -0.02211787 0.13159712 0.04969826 0.11920074 0.12262983 0.10606276 -0.01303729
0.12516494 0.00862212 0.15467583 -0.12327543 0.06002012 0.03814742 -0.19792858 0.03186148 -0.13824268 0.11442135 0.02194680 -0.36720487 -0.36090741 0.20669326 -0.22530413 -0.09302280
-0.08661214 -0.34011376 -0.00059829 -0.12233859 -0.03552245 -0.02418592 -0.05752613 -0.20164455 0.05767712 -0.15249571 -0.12475902 -0.34906489 0.05464209 -0.06379372 -0.14723934 0.03851901
0.17476153 -0.00871474 -0.21678030 0.06445639 0.41038188 -0.43507105 -0.16182025 0.00877093 0.16321591 -0.56549037 -0.27972770 0.29392347 0.10695262 -0.01021926 0.44766575 -0.02646578
0.01149767 0.11440133 -0.40004358 0.20449427 0.15403537 0.04117028 0.02617668 0.00474709 -0.22409828 0.28313336 -0.37457594 0.15712148 -0.03442084 0.08699031 0.17238581 0.23585080
0.05668626 0.07869253 -0.06960253 0.09002277 -0.21022098 0.22023901 -0.00547804 -0.18248585 0.08173655 0.17738688 0.07431771 -0.17443985 0.08099893 0.04221615 -0.23685527 -0.21341513
0.08418982 0.16163567 -0.05411866 0.14431556 0.17060715 -0.13610116 0.08952589 -0.10565621 -0.01785627 -0.27019334 0.11004867 -0.01037123 0.09387873 -0.09412409 0.18014462 -0.14675775
0.06846838 0.04385803 -0.18426953 -0.01983879 -0.01768893 -0.00635723 0.00974036 0.14739054 -0.25516254 0.16967253 0.07834668 -0.08660635 -0.16718721 -0.16566007 0.03306498 -0.00515254
-0.28009763 -0.03819287 0.28630829 0.10924790 0.04185644 0.03813830 0.07696336 0.04904841 0.01801417 0.17738295 0.42611602 -0.33188123 0.09435728 0.02065346 -0.10456746 -0.28863588
0.49976450 -0.07964586 -0.05646794 -0.03256180 0.21954222 -0.15728600 -0.32506192 -0.01904624 -0.32448307 -0.12535939 -0.17829826 0.15967368 -0.03392802 0.09231086 -0.04787009 -0.06054612
0.15508781 0.10536302 0.02708817 -0.00510121 -0.05081568 -0.20387678 -0.33174258 0.03961688 -0.11489345 -0.11937163 0.12899636 -0.12451146 0.04393990 -0.21130846 -0.17957284 -0.11712301
-0.13358065 0.18496944 0.14477381 0.10074985 0.40446284 -0.11677300 0.03550279 -0.23684186 0.08229243 -0.31134862 -0.24462847 0.16935810 0.49691334 -0.04569620 -0.36980194 0.04842415
-0.20992029 -0.21901608 0.37241042 0.01805041 -0.07564146 -0.33729959 -0.00346979 -0.16870478 0.15566857 -0.17373759 0.24618913 0.07764763 0.00742414 0.21042824 0.16860485 -0.14305723
-0.12460291 0.18080409 -0.02594082 0.04375648 0.00563359 -0.14605683 0.07562175 0.15384603 0.06355546 -0.11067727 -0.02449771 0.09068979 -0.02314264 -0.09740688 -0.43834034 0.12193725
-0.11724921 -0.29034722 -0.29484180 0.29635274 0.18353114 -0.29258385 0.13714565 0.20546784 0.06037093 -0.30768755 0.22851841 0.42575872 0.39850155 -0.12079759 -0.00467202 0.26567891
0.26906812 0.64493114 -0.07203873 0.08077820 -0.04455691 -0.32686561 -0.15802057 0.03179358 -0.34138554 -0.07556899 -0.10141812 -0.05135942 0.10006652 0.01874781 -0.16116284 -0.13035096

-0.00579045 0.08751728 0.09867405 0.03034344 0.01354985 0.05040860 -0.15080103 0.12589398 0.14837773 -0.15377602 -0.08448594 0.14468080 0.04859397 -0.05969865 0.07355520 -0.06388606
0.30444646 0.12377246 -0.00123837 0.08394419 0.14826410 0.06380586 -0.34381989 0.08950410 -0.10299108 0.07756227 -0.01111283 0.13776447 -0.20738244 0.05925622 0.06761622 -0.00181605
-0.11415921 -0.78395277 -0.11535612 0.11740644 -0.05760356 0.12545705 0.04025017 -0.12168457 0.04057191 0.28359866 -0.12640363 -0.23613022 0.05609536 0.08608363 -0.23245049 0.28647852
-0.00938576 0.00091316 0.35892120 0.11489221 0.32984558 0.00520709 0.14391458 -0.18970723 0.28890669 0.00798154 0.06737597 -0.42048368 0.36496606 0.05936422 -0.07822009 -0.07380643
0.04655484 0.03015773 0.10381983 0.26975623 0.15317088 -0.02350057 0.10352163 0.24670514 -0.24122262 -0.23474376 -0.01373174 -0.08490027 -0.02583681 -0.19820955 -0.13415800 -0.00917551
0.18276976 0.14477208 -0.06963859 0.02948545 -0.26263207 -0.08580985 0.04777475 -0.02050270 -0.03639920 0.05148690 0.03933417 0.21158093 0.14013021 -0.15051307 -0.13809644 0.06935097
0.13171376 -0.28620249 0.01022794 -0.08120325 0.35861498 0.10140875 0.04446759 -0.20952582 0.15072563 0.10006462 -0.12941128 -0.20724997 0.07770868 0.09767581 0.25134966 0.01589356
-0.08983838 0.10585529 0.20676422 -0.16136213 -0.22208685 -0.26735044 0.02273736 0.11277483 -0.02935280 0.01019160 0.07653650 -0.12922026 -0.00273545 -0.09756011 0.27652508 0.28331789
0.02623318 -0.04563124 -0.24451996 0.17267703 -0.09183685 -0.00806518 0.20666657 0.22509719 -0.21273096 -0.31858715 -0.31180274 0.13260996 0.04249119 -0.26159465 0.25785172 0.23796813
0.03007047 -0.37702119 -0.05293814 -0.43216553 0.11986878 -0.37972981 -0.02802220 -0.16472161 -0.16802973 -0.29045713 -0.22214513 -0.11175574 0.35169077 0.38370878 -0.02487703 0.05546272
-0.14035091 0.33696723 -0.24754073 -0.09487785 0.05220658 0.05509974 -0.15106596 -0.03267946 -0.05139911 -0.20802698 -0.12057955 0.05606463 0.17294267 0.17187916 0.01227449 -0.06160085
-0.03729104 0.05389589 -0.04397814 0.23384620 0.34566000 -0.04616787 -0.00885963 -0.35976723 -0.04325134 -0.18441580 0.01947007 -0.18285777 0.16726276 0.06255613 -0.55790824 -0.19412284
-0.16000246 -0.08334390 -0.10910667 0.21874315 -0.09375884 0.01569444 0.06749111 -0.40666074 0.22895974 0.06932363 0.12829249 -0.22362283 0.05638741 0.30736449 0.03277956 -0.16414429
-0.22449732 -0.12326010 -0.21617851 0.04325284 0.03856514 -0.03267452 0.12542860 0.10044392 0.05937868 -0.09912362 -0.32386577 0.02645948 0.21271624 -0.25295442 -0.10127383 0.25573215
-0.18657380 -0.15885353 -0.12291937 0.38063309 0.28207037 0.07143690 0.38574582 -0.06716840 0.13943744 -0.38209489 -0.24605066 -0.15239812 0.05989971 -0.10676532 -0.26247007 0.16391008
0.05059171 0.00413394 0.12278343 -0.01094215 -0.13562776 -0.07834090 0.03346610 -0.07148410 -0.15853797 -0.22470395 0.23130311 -0.04388970 -0.09899011 0.04649473 0.04042051 -0.04952250


0.06309244 -0.00566853 -0.04767761 0.12443892 0.04963977 0.06242644 0.01748087 -0.06586609 -0.11811981 -0.06030255 0.05416023 -0.00813742 -0.01459206 0.08838331 0.02134898 0.08325882
0.14050567 -0.29880261 -0.01740507 0.12618069 0.01664784 -0.24216105 0.22723386 -0.19460759 0.08337753 0.03724515 0.12407160 -0.00004320 -0.32333183 -0.16135256 0.14165428 0.15837525
-0.09539118 0.32544467 -0.12128806 0.03962843 -0.16054733 0.08330519 0.17170075 -0.05193652 0.33389175 -0.12919898 0.13169582 -0.08072611 0.13300152 -0.17389278 -0.12373817 -0.14962876
-0.33376655 -0.02706184 0.24443054 0.22030288 -0.24257305 0.36242107 -0.01913474 0.21286027 0.39925981 -0.35409841 0.36926848 -0.03166438 -0.06109693 0.00075823 -0.26442841 -0.27654174
0.19959506 -0.03800926 0.13711730 -0.29716530 -0.08686645 0.17616819 0.13818547 -0.08923998 -0.11785849 0.12593192 0.12782507 -0.18214691 0.05793875 -0.27096647 -0.12543875 -0.40891406
-0.08210345 -0.00708774 -0.09623431 0.08434758 0.12974377 -0.14899093 0.00967458 -0.48423710 -0.10772435 0.01249967 -0.13701825 -0.04962170 -0.02761121 0.07733320 0.02415446 0.07130900
-0.23164488 0.33852693 -0.11364523 0.33776963 -0.08564902 -0.04799535 -0.00455416 0.10091871 0.22869937 -0.10768811 -0.20570134 0.21506093 -0.03112159 0.05771678 0.00531088 0.23190206
0.16938332 0.02418075 -0.20133291 -0.04522334 -0.16733614 0.27963531 -0.12229542 0.18680497 0.14515723 0.10822937 -0.07526749 0.06619291 -0.26331371 -0.37302020 0.09450347 0.09032861
0.00691121 -0.02074656 -0.20799635 0.09678411 0.28885281 -0.00253928 -0.14542799 -0.14185214 -0.46195066 0.07578027 -0.56727338 0.25650260 -0.11751409 0.05055850 0.28882906 0.29891843
0.07189205 0.04176471 -0.05401450 0.03822657 0.05380368 0.25665021 0.07221667 0.18527454 -0.00296965 0.10833565 -0.06545731 -0.13703148 -0.09874859 0.18460566 0.06495659 0.02734064
0.29388204 -0.19438176 -0.00723131 0.27504575 -0.05196793 0.15612803 0.18009926 0.12778142 -0.11626921 -0.15803863 -0.14887956 0.00447729 -0.29649225 -0.09235813 -0.07503249 0.12239414
0.16956101 0.21978429 -0.10625985 -0.26671731 -0.22400266 -0.05988334 0.23430876 0.11367031 0.24431063 -0.00199853 0.13984281 -0.12014848 0.06500746 0.15223879 0.21033692 -0.01883692
-0.05274978 -0.06001806 -0.27812144 -0.00326847 -0.02558747 -0.09679379 0.02324407 -0.02430394 -0.10631706 0.06872357 -0.17247477 0.21835560 -0.00322015 0.12234674 -0.03859515 0.25314742
0.06301121 0.14914124 0.06768157 0.02513515 -0.09450488 0.19600338 -0.08684637 0.22244510 -0.00470148 -0.28094301 -0.08725481 -0.06594018 -0.15544555 -0.30864191 0.17208056 -0.35716498
-0.00165164 0.13933040 0.21761927 -0.21279612 0.14241613 0.18720849 -0.32267106 0.24229445 -0.08537009 -0.28752950 -0.03615742 -0.15296376 0.37204424 0.07302742 0.06028110 -0.14847766
0.24359983 0.50359076 0.00999411 -0.18488064 -0.15778969 -0.13583991 0.15117612 0.02468579 -0.18299772 -0.20400152 0.05409832 -0.27459905 0.05122618 -0.02401045 0.33510494 -0.14734617

-0.11366113 -0.11982056 0.01643519 -0.00333230 0.00173287 0.17380257 0.07609931 0.07201220 -0.04951622 0.00642080 0.07168675 -0.04626179 0.04268682 0.02724063 -0.04279213 0.06838921
0.27188393 -0.17398812 -0.01461475 0.06631871 -0.17137858 0.31710550 0.01525377 -0.02006309 0.15973651 -0.08703286 -0.11156294 -0.50675786 -0.35423133 0.17564598 -0.05443860 -0.12848820
-0.21522474 0.25270289 -0.00925422 0.00907553 -0.14371389 -0.13202369 0.21529943 -0.47251213 0.16446018 0.16531989 0.09197256 -0.09384814 0.11746562 0.13578768 -0.00251984 -0.19935384
-0.22053538 -0.07937054 -0.35608688 0.19753017 -0.31508622 -0.67014462 0.17295212 -0.31212732 0.38572904 0.04019982 0.08463102 0.28631508 0.13533996 0.08829674 0.16701244 0.24218462
0.02241501 -0.05242112 -0.16181682 0.04923868 0.11497846 -0.18808581 0.03268014 0.26117712 0.17883144 -0.29768685 0.14707114 -0.04234975 0.12532134 0.06788921 -0.06167550 0.18367256
0.15783133 0.09212919 -0.05559074 0.16674636 0.16839053 0.24194877 -0.11383219 0.05999979 -0.17029768 0.10244517 -0.13529646 -0.21980369 0.02401844 -0.06350386 0.03471427 -0.06690561
-0.09950445 0.21870761 -0.12097386 0.15309754 -0.16776875 0.03676182 -0.14844495 -0.22344013 0.07161095 0.15433083 0.09872146 -0.04664318 0.06334090 -0.21952435 0.23087914 -0.47135973
0.00994974 0.17200495 -0.36215958 -0.18184608 -0.21253657 -0.31623068 -0.17697233 0.02126944 0.12613818 0.05958398 0.06475721 0.15395710 -0.30646929 -0.24124409 0.01639645 -0.14108677
0.19381981 0.13958468 0.34736726 0.04057542 0.27458528 0.19828555 -0.60446614 0.18436004 -0.43572241 -0.00480756 0.02163334 -0.39714453 -0.00573134 0.04283581 -0.25600508 -0.49146038
-0.36156878 0.10755599 -0.04055131 0.00785524 0.28935897 -0.22924148 -0.24725324 -0.12179376 0.02555245 -0.31936246 -0.18842453 0.02040242 0.14961326 0.02975531 -0.14878456 -0.16046599
0.00306622 -0.13637866 -0.06183285 0.19888489 0.04769004 -0.22602105 -0.01241965 -0.14636734 0.10993370 -0.07895624 0.11068369 -0.21277890 0.03680389 -0.31790030 -0.01189973 0.06939786
0.04156165 0.38671631 0.09747382 -0.43620467 -0.01422271 -0.19198364 0.25129619 -0.20835908 0.04331949 0.13021781 0.00019642 0.12022194 0.26255634 -0.02271820 -0.12521540 0.15103789
0.07043747 0.02815393 -0.02080708 -0.16110712 -0.04026769 -0.12075738 -0.11147533 -0.68255687 -0.17087877 0.24227725 -0.35024238 -0.00594301 0.05824253 0.27127814 0.26146701 0.16295046
-0.19987004 0.38460714 0.30683985 0.02554468 -0.07944257 -0.04686189 0.07806046 0.12530477 0.15523620 -0.06283547 0.25110039 0.07361701 -0.02119227 -0.22640328 -0.38983902 -0.18641061
-0.14929053 0.30906045 0.07535377 -0.23047961 0.24507119 -0.54747939 -0.50863200 -0.06435780 0.03101325 -0.23992427 0.24568421 0.05591750 0.33022931 0.14889793 0.19033244 0.00955867
0.38438338 0.69384587 -0.09250278 -0.00890092 -0.00542191 -0.08696552 -0.11378658 -0.13731137 -0.19828442 0.07627657 -0.06356464 -0.11972860 0.01999823 -0.02309479 -0.23014565 -0.03116100

-0.09746490 -0.04661388 -0.08442774 -0.08123382 0.12218542 -0.04913527 0.00645294 0.02906429 -0.03372812 -0.08271510 -0.00057073 0.07455120 0.06973182 0.07024947 0.07823084 -0.13758543
0.25128645 0.15138824 -0.08432199 0.07331205 0.00203648 -0.11885823 0.03547581 0.03042057 0.20807247 -0.22646871 -0.10179930 0.20690498 -0.00753213 -0.02828877 0.11559675 -0.11106352
0.39400947 -0.03642162 -0.02101169 -0.16682352 -0.24656782 0.06513073 0.15118571 -0.19013599 0.10333339 -0.05379443 0.11552808 0.15737799 -0.11406898 -0.21646324 -0.09116777 0.14698271
-0.29212201 -0.06174034 0.24031191 -0.11291622 -0.30699334 0.30661142 0.14198844 -0.09067655 -0.08819842 0.08838212 -0.16946517 -0.51105690 0.07167561 0.10857426 -0.01869331 0.04739274
0.21315093 0.06538317 0.13060229 0.18270002 -0.05742029 -0.02440668 -0.19832894 -0.04048830 0.14098351 -0.29429159 -0.04904115 0.00388164 0.07345477 0.01155949 -0.27019507 -0.07974725
-0.02362713 0.27162123 -0.04406110 0.23571646 0.11481691 -0.21298315 -0.00126082 0.15233022 -0.15825129 -0.20829059 0.16485044 0.26795235 0.05053172 0.07301957 -0.11221364 -0.14360176
-0.03514154 0.08210541 -0.16913505 -0.23266603 -0.21179700 0.10130405 0.07363361 0.02082394 0.15912326 0.30147699 0.04443881 -0.08638331 -0.14518917 -0.10808617 0.23837557 -0.04767180
0.05609224 0.23676801 0.13983959 -0.18958588 -0.10087635 -0.07452928 -0.26238129 -0.10311776 0.18649362 0.28480932 0.13711718 -0.09620339 0.11440796 -0.19477016 0.14437775 0.08882993
-0.04106085 0.05333380 -0.05082061 -0.25078532 0.16196056 -0.22449696 -0.22856252 0.06753867 0.09234233 0.00899166 0.45706007 0.19881070 0.14010686 -0.02823304 -0.08870322 0.07193665
-0.10723075 0.07410132 -0.00741466 -0.05038274 0.24392751 -0.04077286 -0.02872402 0.12344702 -0.08795077 -0.21271156 -0.30297554 -0.18488277 0.13714111 0.16993892 -0.05195431 0.06125134
-0.03020242 0.12357447 0.07763292 0.04426451 0.08618431 0.20593318 -0.20146175 0.02758320 0.05017996 0.15673096 0.05727361 0.04181072 0.30523998 -0.01439682 -0.15186627 -0.19175126
-0.05024189 0.35029578 0.03588639 -0.22504137 -0.05906179 0.13491341 0.09578770 -0.05287194 -0.07065393 -0.00030186 -0.13653968 -0.00089774 -0.09069999 0.00916096 -0.28082401 -0.17068993
-0.18429284 0.05422073 0.10581070 -0.03675063 -0.04858525 0.33988446 -0.10381690 -0.16450256 -0.29275513 0.26060829 -0.07025834 -0.12838620 -0.13651904 0.08020022 -0.03873643 -0.15343256
0.24913809 0.04233267 -0.30133280 -0.08526551 -0.15211773 -0.03922430 0.02352456 -0.02982673 0.01928675 0.25107113 0.14776859 0.02671477 0.10548185 -0.18441205 0.18806413 0.28369448
-0.30385730 0.31658462 -0.21570909 -0.07792369 0.11026712 0.32925162 -0.07397968 -0.25467345 -0.11691944 0.18728852 0.05674825 -0.45290846 -0.04749956 0.08247796 -0.09371305 0.23079294
0.15658419 0.00267680 -0.03564502 -0.07716940 0.21431953 -0.15518165 0.12578189 -0.15505405 0.00359230 -0.02925756 0.15233693 -0.02729246 -0.01690759 -0.02486759 0.03959008 0.02807102


-0.03672247 -0.14327914 -0.02435110 -0.08231590 -0.09996825 0.04555523 -0.06127859 0.11277489 -0.07219058 0.05803351 0.09303305 -0.05590837 -0.02147968 -0.07980721 0.07760627 0.11123312
0.16329186 -0.49356458 0.04805283 0.11333936 -0.07988451 0.03945506 -0.09462009 0.17746027 0.08314145 0.05085674 -0.01432550 0.15333073 -0.34086731 -0.12089086 0.03058342 0.02851564
-0.20080738 0.09727945 0.08296496 0.06284079 0.22845410 -0.07568078 0.03742540 -0.07368422 -0.24925311 0.25890467 0.22566320 0.17078367 0.12480421 -0.01520204 -0.43457630 -0.03462940
-0.15826909 0.00876513 0.06025862 0.13840529 0.09518793 -0.11896749 -0.24584943 -0.14410987 -0.27630454 0.27505928 -0.27609828 -0.09217099 -0.00394964 0.01571517 -0.28705940 -0.29761425
0.19578531 -0.06353209 0.16063787 -0.26961759 -0.26975569 0.28733677 -0.05675548 0.17827971 0.08526854 -0.00105080 -0.17462932 0.08210696 -0.23054221 -0.34519964 0.16701315 -0.17442419
-0.05642318 -0.13594145 0.22585611 0.18578193 0.21847603 0.10207840 -0.13624702 -0.11161248 -0.05958452 -0.00270376 0.18233112 0.03288375 -0.25969952 -0.11366871 0.13784143 0.15980539
-0.12468866 -0.16395916 -0.18337032 0.09219647 0.01281367 -0.08084944 -0.07053892 0.06292999 -0.32449347 -0.01524758 0.04328579 0.04809264 0.09308732 0.16111548 -0.35081747 0.70889634
-0.01923067 -0.29213250 0.12422099 -0.11396568 -0.00301636 -0.00583985 0.22942650 0.15299591 -0.09257139 -0.00326703 0.14426123 -0.04802336 -0.17310877 -0.04014720 -0.09853556 0.09619768
0.26214021 -0.29254645 -0.22692697 -0.01203134 -0.20238058 0.20588724 0.24878588 0.11812535 0.20668675 -0.35934153 0.37580648 -0.10258123 -0.00325897 0.04766889 0.03013891 0.26870975
-0.57060283 -0.11843561 -0.04328080 -0.31119317 -0.27902550 0.13020177 0.13173288 0.12519553 -0.00562640 0.41653672 0.19741589 -0.04515971 0.27838263 -0.02150430 0.09837627 -0.06114968
0.00917084 -0.29999283 0.12729856 -0.38293669 0.09448531 -0.11320096 0.15699904 0.08910152 -0.05062974 0.00849810 -0.22080892 0.11437272 0.10751648 0.12091126 0.16321841 0.12598756
0.24418157 0.01785862 -0.04565806 0.02771611 -0.37217778 -0.03205730 -0.16371948 0.20628434 -0.16233677 0.22869529 -0.10017642 -0.07133914 -0.02616338 0.00948488 0.43470266 0.04433715
0.16570793 -0.46181169 0.18302825 0.17564420 0.00604556 0.00012151 0.15035973 -0.35010472 -0.04569928 0.19845934 0.20360649 -0.01323756 -0.01395502 0.15352343 -0.32929486 -0.01780337
-0.03337327 -0.05448044 -0.04758821 0.02699331 0.04759145 -0.00335550 -0.26131788 0.14856486 -0.17979068 -0.21771395 -0.11201081 -0.07154934 -0.11133374 0.03132780 0.31611666 0.03849697
-0.01155345 -0.24157117 0.04340704 -0.47131467 -0.33077991 -0.13534524 0.13580298 0.00138840 -0.06745852 0.02307336 0.02698351 -0.33944353 0.05884800 -0.05140034 -0.20773527 -0.07676075
0.14581311 -0.04261225 0.11370563 -0.14343034 0.01307381 -0.16441993 0.04803630 0.16637418 -0.19475339 -0.06415302 0.16808498 -0.40574801 0.06900050 -0.15560928 0.20518041 -0.04119183

0.03393281 0.02354374 -0.13321294 -0.02089865 0.14548780 -0.06575430 0.11067114 0.11419983 -0.06338047 0.00015918 -0.12144040 -0.06943440 -0.07709574 0.01282066 -0.12486298 0.07314879
0.05057795 -0.35302192 -0.12300105 0.00218772 -0.02361399 0.12923427 0.25244644 -0.07687379 -0.12624384 -0.06632341 0.09489700 -0.21353835 0.01478232 0.21324965 -0.19084956 0.21627894
-0.09427196 0.22975074 0.07108344 0.04278835 0.34307680 0.11355799 -0.10587036 0.00320992 -0.31592110 -0.08770040 -0.12638456 0.20675206 -0.01051234 0.04485827 -0.29406300 -0.27616596
-0.14742482 -0.01927296 -0.19621266 -0.10269116 0.04637565 -0.08385973 -0.35569784 -0.08788364 -0.62667364 0.33592293 0.21061093 0.31566101 0.02202452 0.06833129 0.01775498 -0.17564271
-0.00579775 0.11648777 0.16794947 -0.32628259 -0.26740518 -0.43403450 -0.19760956 0.02334072 0.30963314 0.11494369 0.10982288 0.03207824 -0.17079206 0.06403936 0.04973800 0.03068606
0.09199085 0.08678205 -0.12387035 0.33915722 -0.00521252 0.00887608 0.08406199 0.08687374 0.13532433 -0.14428952 -0.01091443 -0.24269398 -0.03387770 0.05412022 0.05716019 0.10109197
0.00472552 0.04027654 -0.23929776 -0.14053592 0.13295728 -0.02424252 -0.15843856 0.13692790 -0.18549697 0.16488339 -0.36040163 0.15928070 0.05314863 0.07171509 -0.15538989 -0.23910233
0.01678402 0.08135173 -0.50859499 0.10180084 0.00083297 -0.17137173 0.05253392 -0.29986531 0.09848338 0.12936148 -0.33070821 0.06987377 -0.04456648 0.00612678 -0.17380555 -0.13162941
0.12239079 -0.12544100 -0.16775467 -0.15365411 -0.23164058 0.03189874 0.30453378 0.15289716 0.28315157 -0.40341195 -0.49729463 -0.23480287 0.15901947 0.11787736 0.09549246 0.01963897
-0.31451446 0.06876248 -0.14836301 -0.10325662 -0.24012646 -0.01826374 0.19059719 -0.08064958 0.02374651 0.30106556 0.32125291 0.07927514 0.09914708 0.01030542 0.16253354 -0.10255414
0.07481948 0.05981122 -0.33656141 -0.20109558 0.02451340 -0.02494442 0.37382957 -0.27216634 0.11958672 0.39271265 -0.20935033 -0.01671624 0.17602324 -0.22724293 0.14517803 0.29148856
0.18420367 0.08522177 -0.04131483 -0.11527661 -0.25055328 0.05703043 -0.00462512 -0.18342598 0.04823925 0.31621858 0.05822899 0.06032005 -0.08780678 -0.00218219 0.09280751 0.11911888
0.16413297 -0.31223896 -0.13295949 -0.02871293 -0.04730874 -0.10279621 -0.01006206 -0.14327316 0.09156968 0.03838465 0.02438620 0.08282208 -0.22143508 0.09422106 0.10808107 0.31058609
-0.15582302 0.11958053 0.24378002 -0.03799302 0.00980565 -0.08366872 -0.13488740 -0.00591527 -0.05786909 0.08814229 -0.16691372 -0.03644846 0.03099964 -0.05022620 -0.12196396 -0.33873779
0.22647129 0.12996261 0.16017802 -0.71634573 -0.33704877 -0.19234596 -0.38229033 -0.08455190 -0.07597744 0.15055639 -0.19844586 0.17216079 -0.17861624 0.15065724 -0.19550045 -0.15079083
0.34387919 0.47336638 -0.13185914 -0.01119378 -0.08291139 -0.18351477 -0.07727035 -0.16670589 -0.09594232 0.00209369 0.08133239 0.02577245 -0.07462591 0.15027453 -0.10930005 0.13418598

-0.06152724 -0.05370129 -0.13636209 0.15358128 -0.09136058 -0.10997435 -0.07845780 0.07978535 -0.16530848 0.05384283 -0.09150741 -0.07260112 -0.11649232 -0.03665891 -0.06338397 0.00570922
0.04339397 0.00112624 0.05094163 -0.00850254 0.01571770 -0.13336916 0.22665320 0.06750481 -0.22420286 -0.07108890 0.04555639 0.22081524 0.10053471 0.12494185 -0.05456873 -0.14240500
-0.23703590 -0.07114045 0.05450607 0.03271137 0.09834106 -0.18054198 -0.39292806 0.04903182 -0.25296462 -0.01740957 -0.13740291 0.03594994 -0.18000343 -0.28818172 -0.30975917 0.06010074
-0.19441961 0.01784643 -0.11992722 -0.21628034 -0.06141540 0.32413357 -0.05625010 0.05340311 -0.37986165 -0.16392505 0.15464821 -0.24673142 0.02249260 -0.06030864 0.00164636 0.26326680
-0.00556531 -0.04342708 0.02922500 0.18657163 -0.04283753 0.21781419 -0.13194205 -0.21206228 -0.03582998 0.32204092 0.12545238 0.04993080 -0.15750828 0.23647866 0.06536400 0.17392024
-0.01095903 0.15090439 0.02734436 0.33353278 0.00339152 -0.06158560 -0.19772713 0.33043432 0.06791813 -0.00652186 -0.11175297 0.08033708 0.01653350 -0.19553494 -0.09319831 -0.03624668
-0.02589260 -0.06502683 -0.41792038 -0.46168050 -0.04716951 0.00612525 -0.23728682 0.25300002 -0.13678506 -0.09191957 0.23017928 -0.09415959 -0.12910952 0.19419067 0.03488611 -0.44912010
0.20872483 0.17296767 0.06302494 0.11256720 0.15414003 0.27889138 -0.04386622 0.06281553 -0.17854853 -0.02850219 -0.04487537 -0.07624990 0.10262088 -0.12626149 0.09482209 -0.08786079
0.05786917 0.17012855 0.30845806 -0.09886511 -0.09218085 -0.12449395 -0.21229535 -0.12968704 0.15570612 0.38831800 -0.09484442 0.03622172 0.14742972 -0.09028932 -0.06273943 -0.13026327
0.21981294 0.05425426 0.06423071 -0.06671116 -0.19405663 0.07332050 0.19010670 0.13977589 0.19025740 0.08402660 -0.12468858 0.04947229 -0.09093990 -0.13757998 0.12948397 0.03919929
-0.14361988 0.10234255 0.10571139 0.09586029 0.05284342 0.08140364 0.26059744 0.02048859 -0.03227787 0.01257193 -0.21038696 -0.01252858 0.25599435 0.10366459 0.20509210 -0.16036578
-0.00762859 0.18539473 0.20435293 -0.20252590 -0.17016190 0.18926565 0.03026064 0.07869386 -0.23350325 0.27148393 0.08636910 0.08799667 -0.27717808 -0.02397398 -0.02510083 0.15938631
0.05158065 -0.34784704 -0.04511535 0.00822940 -0.00059562 0.17882481 -0.02484901 -0.05654274 0.17326120 -0.09314632 -0.13043170 -0.08270860 -0.11436879 0.16554143 -0.06294311 -0.20561406
0.17709239 -0.03605974 0.15132955 0.04059590 0.13524334 0.00092064 -0.08937813 0.12252621 -0.02876715 0.06936304 0.02961689 0.13359085 -0.19939177 -0.37331450 -0.08498913 0.19105972
0.28614041 0.04782771 0.01531850 -0.20368271 -0.32558390 0.28011027 -0.24436280 -0.09002724 -0.07382938 0.16812073 -0.00937833 -0.22930019 -0.45946878 -0.12161191 -0.38588250 -0.13636623
0.07396936 0.05160290 0.04142520 -0.17598166 -0.05563495 0.05131281 -0.00104500 0.17580692 -0.05752975 -0.12921824 -0.03087471 0.01870201 -0.10996933 -0.06308487 -0.03101122 0.11628728


