-0.04682028 -0.27060100 -0.13168637 -0.12707686 -0.03838198 -0.07558078 -0.10407028 0.13711874 -0.15956971 0.08167370 -0.20440751 -0.14669183 0.02866464 0.18532853 -0.44079512 -0.15882957 0.21564744 0.01595033 0.08679737 0.04853564 0.12879030 -0.02573467 0.15215476 -0.11296944 0.22434813 -0.12560405 -0.00830412 -0.23370522 0.07311460 -0.00531532 0.07233705 -0.02432134
-0.13954243 0.09128613 -0.05512752 0.11737309 -0.15315662 -0.36494559 -0.06777147 -0.00318117 0.10304586 -0.10168250 0.23753957 -0.25284487 -0.24746683 -0.08855225 -0.28150344 0.31443831 0.02571491 -0.09991915 -0.17892174 -0.01332745 -0.38128060 -0.08471565 0.03948027 -0.09575139 -0.01447616 -0.21361512 -0.04563084 -0.28168482 -0.33000985 -0.11971631 -0.24889499 0.12400515
0.29804865 0.09549706 0.10322902 0.00548333 -0.10250492 0.14711566 -0.16529287 -0.14986406 0.10490756 0.18319769 -0.00221508 0.18625334 -0.00219922 -0.11551360 -0.02965896 0.29660484 -0.10357168 -0.00206543 0.14835104 0.06407685 -0.16884412 -0.13281092 0.20125005 0.03058828 -0.03393949 0.00880004 0.04439742 -0.08259983 0.05816142 0.05925983 -0.19537474 0.04387308
-0.03574719 0.22124740 0.05095651 -0.01412977 0.10105463 -0.19323084 0.06234228 0.15772347 0.01568309 -0.01663077 -0.11983933 -0.20553021 -0.12145753 -0.37274516 0.22731318 0.28894311 0.10038265 0.09691569 0.10606050 -0.19389927 -0.02119278 -0.10098592 -0.22963613 0.09118276 0.09709544 -0.20635270 -0.16602927 0.10799181 -0.10077598 0.02356693 -0.14726306 -0.02999406
-0.04433386 0.04885186 -0.08594391 -0.08243788 0.11153572 0.06803188 0.06847551 -0.01512113 0.09602523 0.02554229 0.20699626 -0.37280431 -0.05739730 0.01698843 -0.23617634 0.17051449 0.09480282 -0.34001970 -0.03179440 0.02832365 0.01947976 0.01932075 -0.02982996 -0.13672937 0.03076920 0.10869060 -0.16807836 0.14405145 0.07036509 -0.45585367 0.02841967 -0.03116985
0.03068699 -0.03639043 0.27854705 0.09551098 -0.06915844 0.28022361 0.01082681 0.10491221 0.13483196 0.02729322 -0.48490992 0.00364057 0.00674144 0.03605039 -0.02034610 0.03595721 -0.04929933 0.02074208 -0.13417928 -0.33558097 0.07062565 0.11051663 -0.12369813 0.09143271 0.10151331 -0.14754039 0.14071615 -0.03038029 0.15622959 0.01696794 0.12887459 0.17340666
-0.29375419 0.13134071 0.08803283 0.00747922 0.02262199 -0.08948658 -0.14146636 0.09565885 0.02354061 -0.01713792 0.32149324 -0.36988813 0.07628465 0.03338490 -0.02729167 -0.30924785 -0.02038777 -0.01353119 0.00796480 0.16683453 0.31777290 -0.08658835 0.02914510 -0.09009275 -0.42826235 -0.05880146 -0.17263463 -0.14215404 0.04423339 -0.10836573 -0.37812087 0.04962760
-0.07135694 -0.09469265 0.16202351 -0.08551089 -0.10791843 0.22066450 -0.06771079 -0.21014199 0.17086835 -0.47757760 0.19041561 0.12030720 -0.13658309 -0.06652264 -0.24888432 -0.01116743 -0.00014689 -0.08727109 -0.01954090 -0.01508566 -0.19174209 -0.05632427 -0.04556120 0.31369179 0.14729622 -0.17099620 -0.14535891 -0.00943435 0.05516778 0.01975056 0.03199202 0.00807317
0.10919776 0.02312588 -0.13444968 -0.03376686 0.07852840 0.28053176 0.19831544 -0.02380038 0.08637717 -0.20405217 -0.05581950 -0.09604365 0.16882856 0.11488842 0.02814617 0.04865985 0.35938433 -0.19035172 0.09382246 -0.42096934 0.12939166 0.15364648 -0.12948059 0.08856617 -0.39116469 0.08653872 0.09030984 0.01769310 0.16002488 -0.30081666 0.13879704 -0.05353061
-0.20550755 -0.03755907 0.11620531 0.14106427 -0.32843527 0.19507015 -0.09705448 0.22395194 0.08059374 0.04288587 0.23246004 -0.10010689 0.08320770 -0.15375105 -0.03121919 -0.00756999 0.16317390 -0.24624068 -0.03837554 0.04709062 0.05459150 -0.19594473 -0.07544158 0.00201661 0.05931732 0.06379352 0.01346293 -0.10410903 -0.21012720 -0.10698736 0.23832998 -0.06089328
-0.23939718 0.31884286 0.02267285 0.28381559 -0.08584578 -0.10187973 0.00084505 0.02125586 -0.07213560 0.15335433 0.11333673 0.18979736 0.14548761 -0.01613051 0.07587945 0.11004360 -0.15915392 -0.15249848 0.21151906 0.17833789 -0.12402118 0.02446638 0.42329252 -0.01861447 -0.13205567 0.23158567 -0.04074932 0.21479477 -0.05226644 -0.14078477 -0.10760274 0.07083242
0.16755153 -0.09572698 0.31841901 -0.03659922 -0.01950473 -0.01317136 -0.27893814 -0.06627300 -0.11761995 0.01541633 -0.18747157 0.02112660 -0.04063448 0.06391625 0.08896381 0.27905416 0.14579165 0.03541927 -0.17671299 -0.10262010 -0.11444750 0.12187931 0.06945755 -0.21723123 0.04939687 0.23514040 0.07270312 0.03026609 0.17738894 -0.08664286 -0.07952049 0.12526783
-0.18968041 0.06087238 0.20983995 0.23994371 -0.00761147 0.04842315 -0.04431307 0.06147701 -0.22010644 0.13360523 0.06834962 0.08208302 0.16932344 -0.30215365 0.21456291 -0.03153276 -0.22082111 0.01202646 -0.02168254 -0.08799697 0.18918961 -0.08185054 -0.39502090 0.13080861 0.09341235 -0.30699891 0.14070950 0.02331053 -0.08531088 0.20683420 -0.09902843 0.09176526
-0.05237311 0.04602249 0.09195132 -0.28799826 0.16321401 0.14164932 -0.00884583 -0.03403831 0.16903448 0.02899225 -0.13518721 -0.03361546 -0.03793505 -0.02569021 -0.32807195 -0.07038773 -0.01611398 0.04731965 -0.12894313 0.21554752 -0.01144358 0.00722757 0.33414942 0.03881561 0.02851677 -0.02088402 -0.18378514 -0.25520971 0.07485741 0.02355436 -0.11791850 -0.04478122
-0.08445534 -0.20166661 0.19336867 0.10478061 -0.01968136 -0.10166507 0.30299196 0.03653271 0.12247367 -0.09023651 -0.06872887 -0.05825005 0.13364443 0.21152468 0.03994862 0.08593911 -0.00003350 0.15960532 0.29335579 0.04269979 -0.25496897 -0.07534637 -0.14284566 0.06115601 0.00240775 -0.06871968 -0.12242909 -0.05447799 -0.12808253 -0.45619681 0.22703280 0.14163747
-0.14774388 0.12687704 0.28911957 -0.11207645 0.09502421 0.02092983 0.06063391 -0.06733578 0.00255338 0.17612232 0.13024642 0.06325545 0.06302744 -0.15822028 0.02224029 0.10572424 -0.08092872 -0.08079093 0.04128634 0.17221814 0.15091217 0.05843241 0.31953290 0.38249874 -0.15663795 0.04992836 -0.04454450 0.00180468 0.01589640 0.11225586 -0.30164909 0.14535895

-0.11310039 -0.26854810 -0.06640956 -0.00100806 0.11713695 -0.09665106 -0.20809597 -0.22745942 -0.02915967 -0.04854969 0.06993809 -0.33752441 -0.00645802 0.03252805 -0.19866997 -0.01470161 0.15742004 -0.05145251 0.18037380 -0.13342901 0.04342157 -0.11646597 0.03737574 -0.06090269 -0.18194070 -0.20015678 0.34517819 -0.40291110 0.14211917 -0.13542962 -0.04602467 -0.07494057
0.01403944 0.14104229 -0.07698864 0.29590881 0.05803720 0.03440869 -0.36019805 0.10006209 -0.12321861 0.07164779 0.23003311 -0.32556659 -0.01561479 0.01236556 -0.42183176 0.07424282 0.16122729 -0.18279640 -0.13073233 0.17598940 0.11711210 -0.01989477 -0.30407152 0.00193318 0.00740552 -0.06815404 -0.09331729 -0.08918256 0.10200764 -0.22148444 -0.02935100 0.09258331
0.26996538 0.23927943 -0.02006894 0.17411283 -0.01519434 -0.28816220 -0.32799929 0.00876526 0.06307524 0.16632210 0.02077487 0.24780045 -0.44236082 0.07424753 -0.09033415 0.04766620 -0.03898809 -0.35036108 0.34722224 0.16662763 0.03074195 0.04753149 0.05482370 0.28926963 0.02727399 -0.09600227 -0.10586072 0.00978949 -0.08006313 0.21566665 -0.22216380 -0.06003653
0.11912717 -0.10791957 0.14551878 0.26475075 0.02463926 0.01170258 -0.15498427 0.01030832 -0.04981338 0.17346381 -0.04910003 -0.08182398 0.02337643 -0.14721254 -0.00234798 0.44507831 0.09982839 -0.14532052 0.24303567 -0.05394413 -0.08695377 -0.01786068 -0.38639292 -0.32161662 0.14608358 0.09283493 -0.10455838 0.06547229 0.12741593 -0.42838708 0.20297630 -0.03620579
0.05731593 -0.06893652 0.05588562 0.06544847 0.10647130 0.04372360 -0.09877285 0.08878191 0.10312833 -0.06948914 0.09740900 -0.01227793 0.08050697 0.30246720 -0.07296258 0.20383391 0.14330941 -0.39182818 0.00985058 -0.12806867 -0.13249317 -0.10111659 -0.12283386 -0.02343337 -0.19545610 -0.07149947 0.09307044 0.17702314 0.13858698 -0.61660451 0.04061582 0.11492668
0.05600573 -0.03478874 0.16920868 -0.19843653 0.07141300 0.16019374 0.25599027 -0.14239663 0.08408386 -0.16887106 -0.16286375 0.15514909 -0.14365290 -0.17055933 0.05506960 0.26859570 -0.03564071 0.02352901 -0.03829074 -0.20118661 -0.10652496 0.04829375 -0.34696990 0.09800923 0.05929119 0.10152104 0.19289941 -0.11014285 -0.37329489 -0.01611279 -0.10397207 0.23803367
-0.31466249 -0.06369215 -0.04550371 0.35920763 -0.03912020 -0.58490533 -0.45392483 -0.07689643 -0.04248092 0.05887558 -0.06140218 -0.13595006 0.02075705 0.22426216 -0.08372570 -0.34382814 0.15016456 -0.04124052 0.05665525 0.16591366 0.31381842 -0.12448479 0.00407497 -0.07360539 -0.47951117 -0.50638086 -0.02421754 -0.08312473 0.10581490 0.00332148 0.11542833 0.05261605
-0.28665403 -0.13230538 0.11001904 -0.30285063 0.06789739 0.16165137 0.11410174 -0.12958241 0.07430851 -0.24330628 0.28443444 0.19664066 -0.15286535 -0.22583926 -0.18263970 -0.13359109 -0.05306989 0.00909740 0.01746688 0.06338717 0.19132011 0.01774896 -0.14647336 0.24932979 0.06786078 0.18776473 0.12964809 0.09570689 -0.13809428 -0.14570035 -0.21147172 0.14606728
-0.04527570 -0.17220449 -0.01093087 -0.03912565 0.10412985 0.02659887 0.17154881 0.03196811 0.28403375 -0.06452433 -0.15926608 0.21363725 -0.19264024 0.17623316 -0.01086661 -0.09228426 0.13722928 -0.02762754 0.12536207 -0.32782224 0.23592009 0.18107146 -0.09872143 0.16486852 -0.97569942 -0.07206892 0.14599669 -0.17523181 0.03845889 -0.21654937 -0.02862201 -0.07129899
-0.13995320 -0.12785904 0.10708372 0.22776128 -0.00882259 0.12248211 0.07121032 0.13894105 0.02991865 -0.01896095 0.12381572 -0.15630004 0.27600464 -0.11166885 0.05502985 0.21719961 0.07909839 -0.00688377 -0.21899472 -0.18668395 -0.07315767 -0.30948171 -0.12604746 -0.02360241 -0.35460573 -0.39797124 -0.07985965 -0.28574923 -0.28658265 -0.37996224 0.28623545 0.03123792
-0.50222325 0.30993691 0.14446278 0.20597431 0.12378165 -0.61353832 -0.11372241 0.11930570 -0.08246289 0.04047612 0.02676788 0.14453620 0.12812468 0.08980448 -0.06564029 0.00508264 0.09833169 -0.33868513 0.18393104 0.34192505 -0.03540464 -0.27461147 0.06520569 0.23500301 -0.14586997 -0.08376829 0.18095653 0.09306981 0.16197510 -0.10193836 -0.16767035 0.04052310
0.00859300 -0.15933654 0.05198691 -0.06278264 0.01230176 0.00452505 -0.06655115 0.06437710 -0.05273039 0.08788474 -0.03227066 -0.07141836 -0.14278559 0.03692681 0.08758578 0.15220203 -0.06892190 0.05230948 -0.07967157 -0.05354349 -0.17469314 0.07656648 -0.18584423 -0.03325497 0.11249429 0.10856649 -0.08267277 -0.01734747 -0.18623935 -0.31701487 0.02284145 0.35027599
-0.01923273 -0.03059396 0.28841019 -0.14044954 0.15135293 0.43018603 -0.10992514 0.11380194 -0.07542735 0.31328809 0.20062746 0.22700308 -0.01347037 -0.12230554 0.02877575 -0.01128977 0.05256337 -0.01235332 -0.19902739 -0.07015862 0.01543628 0.05920556 -0.34958699 -0.01812850 0.07822296 -0.22381471 0.14230271 -0.06586064 -0.09739626 0.31347579 0.16670452 -0.01485538
-0.22864091 0.07415631 0.06007247 -0.22609061 0.30713367 -0.01547678 0.13179822 -0.03680958 -0.05451662 0.18138483 -0.27986002 -0.09099777 -0.22865339 0.03369646 -0.31681153 0.08133199 -0.05605035 0.04152606 0.10804587 0.03452991 -0.27027047 0.07372206 0.11395439 0.11391842 0.08741930 -0.21509413 -0.01095457 -0.10851359 -0.34149653 0.15122551 -0.08768950 -0.13249053
-0.09116391 0.10328273 0.08299381 0.23589435 0.10957006 0.10828028 0.28385225 -0.03779044 -0.19647411 0.10583702 -0.16996466 -0.17954336 0.15050574 0.09849314 -0.32744202 -0.00678149 0.18355352 -0.01727842 0.18944280 -0.05218526 -0.21674427 0.27108473 -0.21402077 0.05728544 0.14192513 -0.06403414 0.00788308 0.07045488 -0.11268048 -0.47951293 0.04408157 0.18599483
-0.38158637 0.13900298 0.04948457 -0.10515881 0.19082989 -0.38839018 0.05711311 0.17900965 -0.08272528 -0.25272197 0.13737854 -0.08628657 0.00923825 -0.39206335 -0.05207171 -0.14452289 0.13527904 -0.01836371 -0.01227322 0.23395643 -0.00373995 0.11945485 -0.03545116 0.29810485 0.00251251 -0.16101560 -0.10241365 0.04026142 -0.18021823 0.00775073 -0.19591352 0.23336214

-0.41673690 -0.04414503 0.04294661 -0.04804917 -0.20675808 -0.20219694 -0.48978788 -0.08229531 0.08882776 -0.06419237 0.17230780 0.05228712 -0.13298598 0.05627543 -0.23534724 -0.36513984 0.06590637 0.19929996 -0.17148237 0.11330451 0.34888369 0.23222736 0.05968049 -0.01166488 -0.03704444 -0.20790090 -0.05587158 -0.03668696 -0.07136114 0.23929392 -0.22343977 -0.13790111
-0.00445230 0.17073934 -0.14379174 0.15485275 -0.16425730 0.03277135 -0.26316783 0.08960710 -0.03211379 -0.19383748 0.14857627 -0.00818395 0.11496690 -0.21201994 -0.10363734 -0.23950754 -0.09089033 -0.23071775 -0.08530752 -0.02789218 0.14144669 0.08331067 -0.31459206 0.05305309 0.08793766 -0.38530794 0.12080772 0.19773059 0.11818742 -0.36021081 0.19724858 0.10551750
0.22060436 -0.11939139 0.18223785 0.01884280 -0.00677580 -0.18970981 -0.37256658 0.05142540 -0.05785111 0.02566401 -0.00907737 0.12716559 -0.35113904 0.13168299 -0.00830145 -0.20378354 -0.06193050 -0.41677302 0.03329341 -0.09471413 0.20465744 -0.22894940 -0.26108211 0.09241111 0.09055823 0.08342037 0.36773273 -0.12150890 0.36925226 0.17220847 0.15161024 -0.10782671
-0.00767374 -0.41802722 -0.00244216 0.21959434 -0.24887179 -0.14303346 -0.00635269 0.06739873 -0.30561543 -0.07600395 0.10517319 0.07705589 0.21877965 -0.44841909 -0.13728948 0.29901683 0.18052062 0.03104414 0.00980171 -0.02623270 0.00191552 0.04318697 -0.09824917 -0.25556111 -0.09238408 -0.03011123 -0.20232435 -0.02145121 0.12652765 -0.26873729 0.11274160 0.06513553
0.10887987 -0.12682851 -0.05741327 0.07339996 -0.14749815 0.00945264 -0.03125977 -0.10241979 -0.07909050 0.03435881 -0.16560602 0.32828012 0.04751477 0.15339218 0.00001207 0.01731845 0.13661587 0.02226661 -0.11890328 0.09624738 0.14746019 0.18359165 -0.01535063 -0.15185098 -0.07266047 -0.26542011 -0.11362568 0.15249804 0.03420300 -0.56401336 -0.07827061 -0.05214955
0.24564494 -0.18073913 -0.16751756 0.08334250 -0.13040937 0.00724371 0.20326373 -0.09723046 0.01712205 -0.12140214 0.20633265 0.04374710 -0.07833733 0.11378235 0.13943869 0.17312337 -0.26202348 0.10691851 0.04651691 -0.01152130 0.09939359 -0.12594610 -0.05845689 0.14458148 0.07087386 0.26096976 0.14272216 0.01578535 0.09236520 -0.04425417 -0.36387536 0.36517379
-0.03509924 0.03766099 0.13224880 0.26230425 -0.05152230 -0.67433792 -0.04435330 0.04479104 0.04095344 0.08968649 -0.37682149 0.04582366 0.12160164 0.16249181 0.07033507 -0.26775518 0.15954337 -0.14154635 0.07521590 -0.11807305 0.31047720 0.09949630 -0.06202035 0.10934897 0.24256304 -0.42346597 0.14416935 -0.00258170 0.19739874 0.11262592 0.13037305 0.00172230
0.02811307 -0.28745022 0.10729124 -0.19405977 0.03283045 -0.11602211 0.08699737 -0.08092617 0.06781238 -0.04851802 0.30590472 0.01297939 -0.28245619 -0.16655296 -0.00705294 -0.12128833 -0.04187960 0.30895984 0.13296980 0.17142533 0.21698667 -0.21654727 0.08477948 0.21195897 -0.13216113 0.18617582 -0.07509911 0.02787638 -0.08633294 -0.04499044 -0.21795009 0.20730096
-0.00971671 -0.08258185 0.05897456 0.14505385 -0.02086739 -0.20074679 0.03393663 -0.11680949 0.12788191 0.11244786 -0.02383157 0.11329254 -0.10616458 0.27057716 -0.08171432 -0.04312344 -0.11819576 0.16438055 0.05806182 -0.02016797 0.16949236 0.30307844 0.12940994 0.12716579 0.00336976 -0.25561169 -0.01861620 -0.05455435 0.07484882 -0.15787736 -0.09021967 0.06723136
-0.12294252 0.36497620 -0.09580670 0.33395383 0.44634590 0.13615081 0.13971889 -0.00246371 0.25943148 0.11109881 -0.18445784 0.21616033 0.29071152 -0.24741597 0.12625267 0.16527559 0.06371394 -0.01210611 -0.07043566 0.07741413 -0.20773689 -0.05075247 -0.02814105 -0.13600150 0.12442174 -0.29222652 -0.16176242 -0.08358910 -0.36402154 -0.05692853 -0.02352015 0.07182603
-0.23592012 0.12885015 0.07245502 0.17636526 -0.08727555 -0.28610599 -0.11156216 0.03371923 0.11306754 -0.14596666 0.24409418 0.12220006 -0.14069119 0.15021594 -0.07185639 -0.15418537 -0.01630583 -0.36987594 0.10305304 0.02578740 -0.04888173 -0.04875863 0.00040161 0.09221676 0.20437077 -0.16698086 0.42563158 -0.11687700 0.18317036 -0.03699560 0.06936430 -0.20408246
0.06566875 0.02231122 -0.23806183 0.38620988 0.10069841 -0.17904583 0.00482859 -0.15947741 -0.03620801 -0.01770895 -0.05026551 0.07831828 0.18718047 0.20652881 0.25309864 0.15631106 0.01257454 -0.07074513 -0.30282006 0.02740563 -0.20811345 0.19027376 -0.20520332 -0.04992249 -0.00798388 0.02361396 -0.01153285 -0.18489297 0.05785273 -0.29860234 -0.04649847 0.29395911
0.15586670 -0.14497156 0.16749230 -0.15594257 0.21626680 -0.01681704 0.21028459 0.14553970 -0.01036265 0.19295739 0.06808349 0.09583692 0.04853160 -0.45329222 0.07353213 -0.06173292 0.05116985 0.07336531 -0.27046335 0.26000765 -0.07965024 0.15036663 -0.46586978 0.01349007 -0.11903797 0.12663156 0.14166212 0.10365998 -0.04452509 0.28840625 0.02174559 0.11508850
-0.00203777 0.10170703 -0.05225058 0.10986905 0.16008554 -0.06253047 0.00285856 -0.05795367 0.14632744 -0.13882026 -0.05006885 -0.03117284 -0.28779042 -0.18599619 -0.27650675 0.14809999 -0.14369966 -0.14170431 -0.02272792 0.03796716 0.11517628 -0.14766982 0.06027192 -0.07306468 0.18191922 -0.12365149 0.13422689 0.18039300 -0.22295491 0.12811604 0.10482252 0.17121263
0.12829790 0.26360199 0.13876200 0.00690746 -0.32580778 -0.13266261 -0.01102611 0.04895119 -0.14808126 -0.16062510 0.15858243 -0.18583855 0.22987175 -0.32263371 -0.08731586 -0.05900283 0.12517498 -0.02886058 0.23371455 0.23554835 0.24414797 0.04803655 -0.40118420 0.23671371 0.08212315 -0.24771906 -0.19949608 0.07385377 -0.02324834 -0.25160390 -0.10371473 0.26286340
-0.15006480 -0.15457200 -0.14643797 0.10082173 0.07174772 -0.41159573 0.15186711 0.02870822 -0.03027134 -0.20442477 -0.18906078 -0.03242115 0.20846285 -0.15384445 0.07162638 -0.12028178 0.09491775 -0.27623644 0.01222061 -0.00076158 0.21771340 -0.12435293 -0.11227483 0.09369723 0.20337607 0.16370419 0.18281096 -0.05760819 0.17327198 -0.03285243 0.05827498 -0.00185758


-0.14565289 0.03363591 0.08951700 -0.28027716 0.14679025 -0.00107566 -0.02516805 0.13813074 0.12533541 0.09252802 -0.23587094 -0.39970645 0.08770786 0.00038091 0.09637134 -0.17160462 -0.07362947 -0.00587330 0.18002979 0.06149849 0.01647641 0.02235431 0.10393972 -0.23691481 -0.14987847 0.18592177 -0.09481578 -0.13167000 0.06901874 0.28125119 -0.13482055 -0.13969631
-0.06735794 -0.11731900 -0.08359654 0.11184957 0.22203597 -0.06867048 -0.01684108 -0.06425055 0.20967042 -0.27122402 -0.16447388 -0.11030468 0.01155831 0.02188616 -0.18515810 0.09100515 0.05856602 -0.25805777 0.02443961 0.10449998 -0.37778288 0.02415552 -0.06832542 -0.06058293 0.08160729 0.13668799 0.09694274 -0.28632748 -0.36270589 -0.28453228 -0.12022570 -0.08846369
0.10718795 0.36248663 -0.00393339 -0.16548237 -0.08626739 -0.00248329 0.01706914 -0.10865887 0.26352572 -0.03826541 -0.13649052 -0.17167884 0.03455834 -0.05715973 0.15090053 0.05009281 0.03436132 0.05853355 -0.08532448 0.06075952 -0.09848625 -0.15324946 -0.04479790 0.21135202 0.00177552 0.13550769 0.03648057 -0.11793203 -0.19205728 -0.13653217 -0.26210207 0.01768301
0.09080039 0.48553923 0.13447288 -0.10601088 0.34300950 -0.06703416 -0.09489050 -0.04266589 0.34045556 -0.06472471 -0.27800527 -0.17999226 -0.08540252 -0.03588654 -0.04353422 0.07504205 0.02691208 -0.09715054 0.20854646 0.07812180 -0.18604097 -0.10109512 0.03461706 0.16694725 0.08113635 0.19848050 -0.28474742 0.07710522 -0.14655456 0.10518142 -0.34139630 0.11363275
0.22499761 0.27539721 0.00428711 -0.03907305 0.29504174 -0.18411137 -0.30264378 0.11077596 0.37243322 -0.05210398 0.06989300 -0.84850222 0.05383265 0.15080936 -0.02773329 0.15693256 -0.03927957 0.00675542 0.16116573 0.02696514 -0.25455046 0.08336890 0.20689975 -0.32288155 -0.16168751 0.23791385 0.14412490 0.04130138 -0.02370592 -0.57085568 -0.02466790 0.08116819
-0.18754850 0.06672128 -0.12730086 0.17985217 -0.11969282 0.17936200 0.16020840 0.16291651 0.21082218 -0.12709825 -0.52711350 0.00778473 -0.04277557 -0.17062722 0.15725413 -0.10529722 0.14232059 0.01281533 -0.44319627 -0.26039019 0.13091759 0.20862089 0.15862988 0.09883058 -0.09559700 0.08417412 0.11307269 -0.01007180 0.11846267 0.11357423 0.03525363 -0.46165633
0.10350473 0.18632361 -0.00288725 -0.12824224 -0.09562581 -0.16112246 0.00448450 0.00493863 0.04862658 0.10724910 0.09462278 -0.40950319 -0.00428085 0.10230940 0.00341133 0.24291696 -0.38939527 -0.14794262 -0.04602001 -0.07346615 -0.03157166 -0.31198522 -0.25748101 0.16446048 -0.22036737 0.02999640 -0.03992180 0.17253661 0.10896171 0.04131616 0.07203218 0.19118454
0.00171040 0.00003537 0.01094411 -0.13840532 0.03123808 0.15514700 -0.09862851 -0.13657025 0.17660813 -0.47262639 0.05350473 -0.05495529 0.06060705 -0.11219032 -0.18121123 -0.36179671 0.00985888 -0.05856097 -0.08121974 0.07883192 0.15855241 -0.05051332 -0.00554474 0.00426046 0.01218334 0.01392425 0.02608575 0.12280501 0.10171427 0.00450773 0.12810576 -0.34921807
0.13264006 0.17253566 0.30650568 -0.11849309 -0.05718670 -0.12187985 0.09310856 -0.05074601 0.26644295 -0.04979207 0.04903163 -0.45436457 0.07876089 -0.04240125 0.03585282 0.00599040 -0.26472408 -0.09643392 0.12402736 -0.52446753 -0.05532118 -0.07857613 -0.18572177 -0.10754947 -0.32034552 -0.09616182 0.01210660 -0.06508493 0.18570414 -0.02347172 -0.12401128 0.02525753
-0.02783607 -0.30510509 0.34395266 -0.19396856 -0.25490990 0.07943968 0.10186837 0.26151848 -0.16484889 0.21250845 -0.02413034 -0.29248837 0.02861483 0.08525529 0.00295248 0.12993015 0.12413818 0.14957945 0.12633771 -0.19191067 -0.05953074 -0.44324064 0.11994959 -0.07988303 -0.12971041 -0.02177486 0.07611153 0.17833583 -0.18291907 0.05436672 0.31572023 -0.00945419
-0.04348963 0.39991230 -0.07344083 0.22295953 0.00164042 -0.27364519 0.04667458 -0.03105480 0.08444475 0.05981264 0.01120819 0.00840349 0.15042196 0.33740294 0.17150474 0.18402131 -0.17842409 -0.06221459 0.22146590 0.38542283 -0.61586750 -0.39657828 0.30242491 0.22604358 -0.24371743 0.25682443 0.18737566 0.08239789 0.13720365 -0.13085306 -0.39053765 0.04739144
-0.29434645 -0.07502690 0.07961189 -0.13423580 -0.01024780 0.07953112 0.03473365 0.19812095 0.02659131 -0.01389820 -0.46746787 0.21016924 -0.10341571 -0.00037406 0.09395639 0.03276242 -0.10233638 -0.29640967 -0.34055680 -0.08366382 -0.02618999 0.17583790 0.12717763 0.07909437 -0.03197684 0.22865687 0.00032327 0.11758692 0.15769573 -0.00161068 0.04235205 -0.23056515
0.07034361 -0.01356868 0.07608927 0.32208794 -0.13037306 0.02540060 -0.23980410 0.10586236 0.19187038 0.08518844 -0.15558954 -0.23019552 0.05100852 -0.16941966 0.00984897 0.21397477 0.16156608 -0.03668208 -0.14220595 -0.06950971 0.25352108 -0.26320571 -0.29342195 -0.13374372 0.17719582 -0.06284238 -0.09567177 -0.11505431 -0.08810166 0.09618079 0.34395093 -0.15810268
-0.03771140 -0.08225198 0.03731301 0.00094456 -0.25906855 0.00499765 -0.00039662 0.12048804 0.03355409 0.31116045 -0.56367165 -0.05097432 0.16099241 -0.25929928 0.03850076 -0.00330355 -0.11661559 0.06633336 -0.25128832 -0.11251922 0.01223406 0.11166572 -0.07362666 0.13605654 -0.17379090 -0.13144740 -0.16102572 0.16035633 0.01409237 0.15922077 0.09316614 -0.13312998
-0.20582798 -0.09960351 0.04464236 0.08621144 -0.03263986 0.05050607 0.12031500 0.03368748 0.12697893 0.02657829 -0.11117756 0.08999345 0.15357488 0.17621706 -0.04738889 -0.17147852 -0.34769821 0.07865787 -0.06956415 0.16577116 -0.16254684 -0.04914202 0.11013975 -0.10497650 0.06293996 0.22086860 0.17233849 -0.10587172 0.17990530 0.06378686 0.12653957 -0.03540476
-0.18200931 0.29718986 -0.40584406 0.11782756 -0.23375627 0.14660113 0.03874545 0.00756902 0.13737077 0.17031066 -0.15144363 -0.18953045 0.05698372 -0.16984664 -0.01173779 0.10803730 -0.10903585 0.21676151 -0.56574374 0.04333849 -0.01525662 0.18892495 -0.02963562 0.10671331 0.11255459 0.04285281 0.05345378 0.23515038 -0.10441215 0.20365624 -0.21645184 -0.12165856

0.00996996 -0.35134485 0.13774192 -0.59096509 0.20669469 -0.22368009 -0.20783576 0.00724757 0.10037159 0.00209493 0.07432315 -0.25173694 0.00278213 0.00156171 -0.04859544 0.20243099 -0.10969748 0.32958013 0.05226906 -0.15493758 -0.09927122 -0.11249451 0.03654999 -0.03024530 -0.75448865 -0.04273760 0.00482528 -0.45715675 0.18959975 0.08099271 -0.24915758 -0.13228261
0.03334671 0.00265107 -0.17858355 0.37757829 0.04159828 0.03827899 -0.03260523 0.00082955 -0.01791370 -0.00101591 0.10735615 -0.08382858 0.32045212 0.18612781 -0.15408278 0.13963084 0.33443645 -0.26507145 0.06788941 0.14346395 -0.17387000 0.18126436 -0.28403196 -0.05459867 0.05736011 0.13411683 0.00320259 -0.06379807 0.05719644 -0.10700645 0.09503744 -0.24030320
-0.05924532 0.22766870 -0.36506164 -0.00138405 0.03861213 -0.13596798 -0.21375452 0.17224549 0.23465243 -0.35344121 -0.20532997 0.17193477 -0.22380961 0.11865026 0.07249583 -0.09700715 0.27496430 -0.52805930 -0.02099805 0.28643203 -0.04697755 -0.14586063 0.07644285 0.25129539 -0.03265412 0.03496077 -0.13614416 0.10390427 -0.31242284 0.08562610 -0.34781688 0.11804541
0.19644131 -0.08420685 0.20795749 -0.05700719 0.20988731 0.23857132 -0.22278546 -0.00946737 0.14278910 0.15844725 -0.03189391 -0.09765145 0.37118524 0.01921833 -0.17435516 0.06013136 0.22453596 0.02814113 0.19054121 -0.15441588 0.13238315 -0.20105588 0.19943261 -0.33833107 0.10161697 0.25247949 -0.42690849 -0.05883690 0.14815958 -0.25318420 0.26127255 -0.00634440
0.24906859 -0.35235155 0.05190123 -0.00849217 0.36276332 -0.02570405 -0.65304327 0.10120340 0.26318532 0.03533461 -0.07643940 -0.14241864 -0.02883187 0.05190276 -0.12217458 0.24504323 0.10400680 0.28467312 0.17712261 -0.24117827 -0.18671709 -0.07488546 0.24141474 -0.13337296 -0.90243345 0.01389443 0.14092711 -0.08568333 0.07104696 -0.58754408 0.30651724 0.14341815
-0.07007263 0.11381434 -0.87331551 -0.24780066 -0.03558403 0.09299211 0.10596704 0.20385337 0.01162513 -0.85746109 -0.11933143 0.23034367 -0.42832434 -0.49671128 -0.09237497 -0.15065171 0.12648587 0.10031491 -0.73373765 -0.66143656 0.04733479 0.16962373 0.10393478 0.19630580 -0.00832251 0.12948135 0.05764895 0.00058948 -0.40179479 0.23956448 0.11965457 -0.45579460
0.00466631 -0.37850708 -0.22771783 0.20807295 0.06414405 -0.61238474 -0.43420413 0.16745183 0.02301154 0.20946595 -0.23043545 -0.07370994 0.04217823 0.10398104 0.20988378 0.07199157 -0.32391641 -0.06579333 -0.02997866 0.31280792 -0.03359845 -0.07685583 -0.19720377 -0.01466098 -1.01495767 -0.60908872 -0.22169413 0.18280622 0.05505379 -0.08192559 0.29178905 0.16700794
-0.22813889 -0.09735558 -0.04325919 -0.44608679 -0.23964570 0.07794069 0.12595898 0.27887744 -0.06064984 -0.25812754 0.31135780 0.19579518 -0.12106324 -0.32407045 -0.25115696 -0.26635131 -0.09201563 0.37083536 -0.35851595 -0.13028240 0.16829787 0.08417747 0.04995522 0.16169696 0.07060251 0.24634664 -0.16819566 0.11290511 -0.18238558 0.05824118 0.15919690 -0.26251781
0.26445344 -0.23840339 0.23559894 -0.01979726 -0.13785197 -0.37500563 0.17372324 0.28329763 0.00942173 0.05301514 0.04816832 -0.16175947 -0.15327716 0.15134689 0.09572008 0.11620659 -0.27555078 0.29463729 0.14487247 -0.80255282 -0.15689300 -0.14905627 -0.10831967 0.16782510 -1.33386075 -0.16225117 0.07028992 -0.07443588 0.21600664 -0.14218220 0.05660725 -0.03104357
-0.04472384 -0.46901998 0.01208249 0.09583722 -0.15758324 -0.14626452 0.33287942 0.03102202 -0.24495760 -0.14612409 0.03385010 -0.39254388 0.21356788 -0.29741463 -0.24207997 0.41977531 0.07296388 0.16694783 0.07944146 -0.25256366 -0.32927638 -0.57832104 0.21126558 -0.20425922 -0.66286826 0.04774388 0.13908565 -0.02698801 -0.15423812 -0.22528298 0.15818834 0.02697485
-0.05268614 0.10396511 -0.25278416 0.37050647 -0.24767089 -0.74638212 -0.26228383 0.21641235 0.08384416 0.05528510 0.11852895 0.15965983 0.26753691 0.03292553 0.31639987 0.15261251 0.14150576 -0.19165580 0.11906184 0.53935182 -0.26006415 -0.49687961 0.15647408 0.21069588 -0.62250072 0.01102204 0.10077750 0.55862653 0.06669891 -0.04991030 -0.08818360 0.02314150
-0.32810253 -0.03658748 -0.38041970 -0.21940985 -0.13691205 0.03985311 0.15404016 0.30202883 -0.14142033 -0.02868531 0.02606655 0.11181239 -0.19547653 -0.16818404 -0.07351394 0.02099347 0.13495882 -0.16848022 -0.34450686 -0.29888344 -0.03952370 0.24334423 0.03725473 -0.10113139 0.10330464 0.22919202 -0.03424281 0.16748405 -0.34357294 0.11990754 0.22608133 -0.10766610
0.28142735 0.00998957 0.09538800 0.03336331 -0.12776984 -0.01232396 0.05503790 0.25798461 0.11844633 0.25313041 0.00655640 0.07798859 -0.42954516 -0.07844910 -0.03599652 0.10828814 0.35782078 -0.01791092 -0.11034700 -0.35033029 0.14750247 0.06117985 -0.10241053 -0.13931844 -0.05325433 -0.12122136 -0.11948330 0.18667093 -0.24111208 0.06805570 0.44945261 -0.09900615
-0.05005487 0.14050241 -0.15234853 -0.43780720 0.32935780 -0.27921668 0.26723963 0.09792113 -0.24837242 0.11301941 -0.40465292 -0.08753958 -0.18776885 -0.04043613 0.14984950 0.12810107 0.10506340 0.16110642 0.06902453 0.17487358 -0.17690055 0.04033965 0.20854852 0.35755602 -0.01556086 0.05821720 -0.11894719 -0.02109292 -0.30942956 0.09437228 -0.21763402 -0.14981747
-0.26765200 0.23158452 -0.12057570 0.16795456 0.21959311 0.32291996 0.10710894 0.02494542 0.03554498 -0.10417565 -0.26360235 0.13268226 0.38553140 0.27884680 -0.07939203 -0.15553722 -0.02971180 0.06303933 -0.14678757 0.09397992 -0.14603385 0.47751141 -0.00965520 -0.15686885 0.10593360 0.20694000 0.23851557 -0.29037473 -0.03854464 0.03125325 0.15271172 -0.07837117
-0.33250526 0.08892020 -1.29747272 0.00534944 0.36133355 -0.24781057 -0.01437041 0.39035562 -0.02847840 -0.00437318 -0.17602041 0.04890291 -0.08951171 -0.62826395 0.26978680 -0.26046854 0.16395450 -0.24309628 -0.69574761 0.26228505 0.07330809 0.30836830 0.18723062 0.11395140 0.13044415 -0.11616232 -0.08618572 0.43966082 -0.21143685 -0.00513108 0.07184909 0.07759668

-0.24032943 -0.46581963 0.19823930 -0.86564392 -0.12540500 0.03963443 -0.02624054 0.01910434 -0.24585937 -0.01202248 -0.02186523 0.04027111 -0.12527350 -0.08818805 -0.01751494 -0.11285968 -0.02212730 0.25797427 -0.27155444 0.13269946 0.04784972 0.08420713 -0.06569119 0.12597609 -0.39250827 -0.03729559 -0.16758132 -0.28072432 0.16962367 0.38161802 -0.35848346 0.05806131
0.00611307 -0.01791554 -0.16968013 0.30253541 -0.40131229 0.06179126 0.09278782 -0.01419167 0.17885922 -0.01419735 0.22956735 0.09938021 0.04289435 -0.16076031 -0.05135500 -0.02305296 0.02603634 -0.23318063 0.09422265 0.13453546 0.20775889 -0.11662535 -0.42122468 -0.06629830 0.15522397 0.08827738 0.13848540 0.27704468 -0.12989344 -0.04738523 0.08335885 -0.10124548
-0.17288895 -0.07787503 -0.09514348 0.17302187 -0.19829381 0.05367909 -0.41348961 0.16990164 0.15919574 -0.27506045 -0.00690188 0.10100498 -0.46387675 0.03266365 0.07470956 -0.38890564 0.15370157 -0.20309374 0.10121371 0.28241006 0.04071405 -0.22835974 0.18312854 -0.25425598 -0.06621860 0.14946540 -0.07786449 -0.03638549 -0.00971345 0.04927003 0.20579131 0.21987943
-0.00954373 -0.47913381 0.01661728 -0.08032207 -0.40161693 0.03554312 0.25821653 -0.11293126 -0.18144946 0.10119846 0.27641147 0.29628372 0.48067623 -0.18669760 -0.37276143 -0.27325904 0.14865609 -0.06015509 -0.08663791 -0.01530465 0.14615293 -0.00774833 0.27514592 -0.23633035 -0.12741746 0.04497946 -0.29328910 -0.22184518 0.23292476 -0.16283353 0.19391873 0.06167815
-0.01966757 -0.19869901 0.08261868 -0.25727329 -0.18041670 0.03967610 0.05133225 -0.12876143 -0.18202454 0.16180672 0.07501666 0.46239978 -0.04177980 0.26411724 0.09164411 -0.21238290 0.05297492 0.28918391 -0.06449886 0.00828909 0.13092759 0.21289055 0.15634683 -0.05297675 -0.02066149 -0.05747976 -0.06817510 0.14053003 0.07518199 -0.28496620 0.12232488 0.17449325
0.07227044 -0.16536050 -0.52468455 -0.01761733 -0.51502782 0.02533021 0.14665212 0.17251749 -0.05162381 -0.66470885 0.26023263 0.14201976 -0.44197166 -0.25707558 -0.02230548 0.14661370 -0.06517208 0.14527845 -0.37722471 -0.32892483 -0.08778180 0.01962769 0.30318895 0.17201202 -0.07643141 0.38001266 -0.04608976 -0.04176177 0.28360996 0.05505663 -0.07082859 0.11506242
0.09952269 -0.30348405 0.05473769 -0.10317194 0.24517170 -0.36981183 -0.05872358 -0.10412873 -0.04557054 0.18371831 -0.26409832 0.13958032 -0.02804357 0.05678654 0.22555602 -0.22678183 -0.16860029 -0.03579243 0.15375461 0.22845168 0.01832840 -0.02911295 -0.12103500 -0.01299732 0.14538014 -0.42470869 -0.06361068 -0.04395700 0.15228373 0.36294097 0.14504571 0.21253009
0.19098751 -0.36821994 -0.29279706 -0.24308194 -0.32055709 -0.24385200 0.28999469 0.30327192 0.01642460 -0.08145449 0.49038339 0.01205610 -0.37639672 -0.40810099 -0.00904880 0.13799849 0.17521253 0.17732891 -0.15287383 -0.00140824 0.02322449 -0.23923394 0.18674681 0.09960752 0.00051475 0.10179844 -0.10688590 0.12707834 0.09152460 0.12555391 0.03359539 0.21725062
0.08731904 -0.18235332 0.16529264 -0.13834400 -0.09875163 -0.13896497 0.09003092 0.01044211 -0.00910994 -0.01315137 -0.08026610 0.29297948 -0.12684073 0.20332921 0.18439406 0.25595996 -0.39484131 0.35460931 0.02790783 -0.52406740 -0.49756318 0.05636438 0.15007862 0.16287422 -0.39502740 -0.12676100 0.06118413 0.00956779 0.24659975 -0.07487150 -0.18472904 0.15603065
-0.04114181 -0.03114420 0.11106306 0.15853558 0.17693430 0.09414187 -0.07264459 -0.20754971 -0.28476617 -0.04537407 0.14079201 0.16195847 0.17155467 -0.29422411 -0.09471916 0.25152057 -0.00406133 0.17231590 0.00588355 -0.00254163 -0.29457733 -0.15118621 0.02670591 0.08718062 -0.25695962 0.11041815 0.19551110 -0.18044110 -0.05219384 0.01268662 -0.25613093 0.15062447
0.04790051 -0.15498798 -0.36537024 0.25424862 -0.13263924 -0.70524746 -0.36575568 0.19212702 0.11043420 0.11951266 0.13890295 0.15192547 -0.07400431 0.23868199 0.16183124 -0.17548992 0.15266530 -0.05260958 0.20696315 0.31632331 -0.09535200 -0.33720994 0.38162008 0.04143226 -0.04114628 -0.35679200 0.14228050 0.29545555 -0.00625991 -0.00106068 0.35468441 0.17850614
0.10922105 0.04410310 -0.38901302 0.08428089 -0.31065553 -0.15511233 -0.12657036 0.00940723 -0.11955363 -0.16753191 0.12974930 -0.07100952 -0.05791930 -0.14950252 -0.06413174 0.20099615 0.01860121 -0.13344711 -0.37245807 -0.14787683 -0.06819037 0.13776697 0.05691132 -0.25875643 -0.06307235 0.16300066 0.03271959 -0.08242956 0.15871508 -0.16580544 -0.01764904 0.11796935
0.31859413 0.01518624 0.19097371 -0.03740928 0.26105192 -0.39496100 0.23013009 0.18820383 0.19414414 0.11397024 0.13781893 0.06381404 -0.51756710 -0.11584075 0.03135404 -0.15049489 0.13471611 -0.03313156 -0.00483230 -0.22738557 -0.23314025 0.01733495 -0.19190179 -0.10470754 -0.06903507 0.29071561 -0.03640945 -0.11262266 -0.24065308 -0.02254811 -0.11811139 -0.07497048
0.03840709 0.04610684 -0.08550123 -0.22560388 0.36705607 -0.12540627 0.02392530 -0.11149611 -0.05147873 -0.16984488 0.08661587 -0.08809791 -0.39134631 -0.08723358 -0.14126328 -0.03578454 0.03781152 0.13092530 0.10629711 0.04302023 -0.06454777 -0.27347636 0.11868725 0.00570258 0.04090551 0.14717387 0.15657124 -0.04400728 0.01915807 -0.10029640 -0.37370434 0.02862455
-0.13724935 0.44112271 -0.28105798 0.13978513 -0.26226500 0.12489881 -0.25546250 -0.02037072 0.18084694 -0.30263883 -0.06752576 0.25885755 0.33004984 -0.28651619 -0.02846135 -0.16636649 0.06853334 -0.31928873 0.06553410 0.10590758 0.13581581 0.18761741 -0.04684540 -0.10254106 0.10609502 -0.04860590 -0.10470655 -0.15504541 0.04080656 0.05238651 -0.10740220 -0.09112591
-0.07023708 -0.16073583 -1.20974720 -0.15614273 0.10343981 -0.21734430 -0.06223225 0.21895742 0.17360243 -0.16907148 -0.11639159 0.03409925 0.03933856 -0.39281359 -0.02064444 -0.26024312 0.22393888 -0.09636398 -0.05153255 0.19151254 0.07241364 -0.06708776 0.11086200 -0.16958342 0.19760494 0.09336218 0.03002588 -0.12026926 0.01210797 0.12079441 0.21076460 0.10963172


-0.06830530 0.29977167 0.20567182 -0.26111153 -0.13701919 0.06005090 -0.13786173 0.14884402 0.23607041 0.11444761 0.04817931 -0.17139123 -0.09328315 0.07278285 -0.02540146 -0.15380077 -0.16487549 0.03085509 0.09470250 0.27290496 0.09732170 0.06944147 -0.00153458 -0.21318839 0.24935271 0.16735105 -0.13739915 0.07491942 0.09762003 0.09680823 -0.41058609 0.02191827
-0.12936424 -0.02960278 -0.05959860 -0.19463481 0.06807851 -0.01226700 -0.19029744 -0.09648275 -0.12908435 0.12435330 -0.18307711 -0.00068096 -0.14144439 0.29252651 -0.26548207 -0.20190877 0.09573244 0.06961501 -0.15004151 0.16078682 -0.29606840 -0.08516444 -0.02209288 0.08164392 0.14499953 -0.12408459 -0.23247944 0.19309428 -0.07445962 0.00469363 -0.03610030 0.17014074
0.08789597 0.35231915 0.15117709 -0.11556158 -0.21707912 -0.07358882 0.28585270 0.10210156 -0.11035568 0.00195961 -0.39287218 -0.08396673 0.33041474 0.17217645 0.16599593 -0.10037050 0.04267708 0.08790851 -0.15081047 -0.04821374 -0.10392486 0.12018830 -0.39976484 0.05956925 -0.00791453 0.17054050 0.04121051 -0.03476959 -0.10402098 -0.28524882 0.06507742 -0.33060455
0.06849850 0.49661639 0.11281186 -0.15676895 0.12498651 -0.09167621 -0.24942891 0.11831312 0.27361867 -0.06911433 -0.16695550 -0.21398543 -0.26162609 -0.02882632 0.24181257 0.11224148 -0.03200299 -0.00340917 -0.17046271 0.07725251 0.08942927 0.01156608 0.06656818 0.18216968 0.04412581 -0.05907892 -0.35423949 0.17493245 -0.27681080 0.11762668 -0.40469629 0.06316694
0.29170403 0.18054329 -0.06785930 -0.08205245 -0.03266129 -0.24109694 -0.21258014 -0.08659280 0.17006986 0.01534075 -0.04421189 -0.38510832 -0.01112701 0.01551545 0.07837381 -0.13229577 -0.42806724 0.18463546 -0.01089822 0.16114548 -0.54665071 0.07805131 -0.05634246 -0.13410893 0.13542578 0.08463411 0.09518402 0.00238808 -0.24958824 -0.11825649 -0.16563255 -0.06405555
0.17991364 0.13212042 0.02462809 0.25611478 0.04792651 -0.01912733 -0.15158483 0.12599362 -0.04035478 -0.00246448 -0.14944905 0.03026847 0.15283027 0.13362154 0.20387860 -0.02570485 0.19114012 -0.00311394 -0.06004361 -0.10288972 0.03750239 0.06872597 0.20240094 -0.10825960 -0.14756536 0.07011405 0.02146541 -0.23016547 0.03104676 0.12946275 -0.11435347 -1.42409849
0.01036834 -0.09010099 -0.16064124 0.00617049 -0.10174017 -0.00062961 -0.02309393 0.11496747 0.24825564 -0.01187331 0.05717213 -0.16895920 -0.02756906 0.07522902 -0.14987038 0.10887036 -0.10945757 -0.04500974 0.23946442 -0.03469002 0.13434628 0.08975287 -0.24946886 0.15774854 0.20217843 -0.06344899 0.08388364 0.02326308 -0.11607862 0.08157132 0.27752811 0.05334174
0.22028007 0.18017119 0.27125522 0.03791085 0.25532931 0.07145470 0.02650145 -0.02885552 -0.26080516 -0.13827182 0.02770835 -0.00576218 0.13036221 -0.04131818 -0.11272260 -0.11871117 -0.08047774 0.14088707 0.00919784 0.21892084 0.11227693 -0.23892252 0.20805050 0.13361706 0.15810916 -0.12039427 0.00127353 -0.08125940 -0.03879359 -0.10916416 0.00965827 -0.16951874
0.04322432 0.10626399 0.16525695 -0.25434485 -0.05905666 -0.25708696 0.20470197 -0.02465025 0.08520962 0.17735061 0.01866949 -0.37810501 0.11053140 -0.14328815 -0.13618213 0.14869136 -0.52543283 0.12568593 0.10441498 -0.21002714 -0.35153732 0.06729626 -0.04193057 0.20628628 -0.01580010 0.04472035 0.31662390 0.04572369 0.15170278 0.03163020 0.11532880 0.02567708
-0.05503714 -0.10116300 0.09426136 -0.21449043 -0.04446585 -0.07654538 0.00165744 0.12070850 -0.40135667 0.31513196 0.01040340 -0.10179021 -0.27393052 0.01001894 0.04543933 -0.05826440 -0.14726812 0.08252485 0.25591290 0.03941977 -0.22754817 -0.06934108 0.12077610 -0.02015264 -0.01409795 -0.02709353 0.04203258 0.14807010 -0.03900289 -0.05187349 0.10021468 0.10088517
0.02191693 0.25354350 0.07465775 -0.03485835 -0.09252704 0.02931387 -0.01515430 -0.06888245 -0.17198984 0.29006320 0.08482990 0.14832878 0.11451303 0.20223467 -0.18955591 -0.23793824 -0.02673127 0.09945407 0.10739448 -0.02836948 -0.25489327 0.03404022 0.04260042 0.10128782 0.15800565 0.20940143 -0.00581541 -0.07072369 0.22207589 -0.19160971 -0.12404115 0.02550893
0.22178189 0.21490052 -0.03443950 0.29945788 0.07372672 0.12666148 -0.07597544 0.17069370 0.15570273 -0.05645134 -0.36355242 0.16220570 0.09093816 0.44022155 0.11187838 -0.12038225 -0.31910416 0.00550320 -0.42221510 -0.04470722 0.26834098 0.21607471 -0.02339319 -0.08759977 0.18374297 -0.08134142 0.17391565 -0.05950153 0.07976002 -0.05373348 0.23175225 -0.43971217
0.10043888 -0.00117945 0.01224705 -0.15931308 -0.17235063 -0.01838394 0.01192151 0.05712649 0.11140110 -0.11512616 -0.25300699 -0.25589600 0.20482965 -0.05847965 0.02306462 0.19642095 0.02817883 0.02252471 0.20985506 -0.01011475 0.09421757 -0.24018992 0.14760056 -0.25221977 0.08385313 -0.53161883 0.10141848 -0.03346264 -0.14622183 0.07798742 0.28645402 -0.06360143
0.01830294 0.04146886 0.03530571 0.17041393 -0.38955593 0.26167336 0.11369347 0.10734652 0.07060246 0.17474337 -0.13543516 -0.09593485 0.19073907 -0.11271186 0.02922096 -0.06316750 -0.01815348 0.05756674 -0.00349528 -0.07121847 0.27016389 0.21582623 -0.09352230 -0.05836145 -0.08853433 -0.11682818 -0.16958477 0.05062712 -0.07795883 0.00456574 0.11680506 -0.17838909
0.09917892 -0.12322810 -0.06492466 -0.23390459 -0.28068557 -0.01989044 -0.18864346 -0.04572239 0.02283770 0.21056081 -0.04303090 0.05076455 -0.23251839 0.09892313 0.22937366 -0.13087234 -0.09285528 -0.02853658 -0.16149731 0.03178329 -0.06571925 0.03981088 0.01904692 -0.24320196 -0.08596855 -0.03420784 0.09965446 0.16969331 0.18394385 0.21366309 0.07877158 -0.18724164
0.00492691 0.07528342 -0.26351121 0.13468704 -0.15611817 0.18280111 0.02045388 -0.00696495 0.06125699 0.10182573 -0.17446354 -0.05548752 0.05661893 -0.03903660 -0.07716322 -0.06228665 -0.02970933 0.05418658 0.14723636 -0.07879255 0.04239604 0.07584724 -0.24321754 -0.03989565 0.17166775 -0.02779747 -0.04689868 -0.14977092 -0.15524657 -0.02099883 -0.06638104 -0.69004869

0.04601555 -0.52638513 0.05165469 -0.12113268 -0.31856832 0.20124379 0.02337661 0.06020858 -0.03980732 0.09628853 -0.03037534 -0.22986135 -0.14693332 0.04882885 -0.15123868 0.20291997 -0.45730785 0.20396312 0.13327618 -0.12586772 0.07871269 0.03376330 -0.26123244 0.00667429 -0.43187690 -0.06306370 -0.02532666 -0.02305737 0.22799230 0.06906661 -0.34987277 0.06144669
-0.15225093 -0.00809065 -0.01643857 -0.03052355 0.34392723 0.18428069 -0.19073661 -0.15866435 -0.25946790 0.05840293 0.00623778 0.15625639 0.01109850 0.36307073 -0.24505323 -0.24772242 0.07113288 0.05807270 -0.13088794 0.08587835 -0.16833684 0.16787972 -0.16108750 -0.13143399 0.04104098 0.04655572 0.02195916 -0.04710577 0.13503394 0.04477685 -0.11192858 0.07887523
-0.12434606 0.11270684 -0.24171400 0.02286200 0.09796113 0.07144535 -0.03653580 -0.00896982 0.15214700 -0.12844685 -0.10504590 -0.04390182 0.14572033 0.07427209 0.06702907 -0.20143878 0.15786977 -0.02468213 -0.15804921 0.07678397 0.01330183 0.01695828 -0.19280212 -0.00192397 -0.01141487 -0.00520631 -0.10893840 -0.13200989 -0.10996462 -0.06538463 -0.14892246 -0.15582365
0.16804773 -0.20342129 0.14598492 0.01849380 0.17070125 0.05974085 -0.03200805 -0.21177390 0.12524316 0.12427004 0.05811570 0.05945319 -0.00125006 0.17748213 -0.04214111 -0.22972700 -0.00897884 0.24134123 -0.14506586 0.06182714 0.03204154 -0.09104023 0.39731923 -0.13770199 0.01339427 0.03777026 -0.45872551 0.00830195 -0.11561151 -0.17954107 0.08040536 -0.03790375
0.12656660 -0.46177077 -0.13949659 0.37657768 -0.05112467 -0.13362804 -0.15289873 -0.02464221 0.04962398 0.12553675 -0.03082684 -0.05162205 -0.11384199 0.14216359 0.11325601 -0.16125050 -0.17865334 0.29920095 -0.03965832 -0.07675331 -0.39999178 -0.04524995 0.05591604 -0.16277838 -0.29513282 -0.17000371 0.12753911 -0.10245810 -0.27239192 -0.35540655 -0.29893100 -0.02389980
0.23916343 -0.02245014 -0.41703716 0.24524054 0.04800894 0.06888162 0.17411456 0.17817010 -0.05179726 -0.47517923 0.00850277 0.06468692 0.12650685 -0.10753927 0.20506181 -0.19877659 0.09068234 0.04791360 -0.22105314 -0.25886306 0.18411230 0.21866009 0.23216185 -0.08788161 0.13501337 0.03975492 -0.03162979 -0.08372004 -0.08550888 0.03340039 0.05512470 -1.64156270
0.09098373 -0.31196532 -0.20347494 0.15361354 -0.03463039 0.07262360 -0.08756196 -0.10866857 0.11599825 0.16842310 -0.08561417 0.07694921 -0.01136550 0.09974457 -0.02860881 -0.03227731 -0.40336800 0.14332725 0.17394581 -0.02061005 0.18911438 0.01584067 -0.21357866 -0.04083776 -0.11196295 -0.25745279 0.02580097 0.09626384 0.00354902 -0.03408847 0.07520686 0.04268781
0.15534602 0.11698469 -0.23288164 -0.01398527 0.07208585 0.02221851 0.31527349 0.28052977 -0.06669254 -0.32848293 0.21729587 0.09480555 0.00319661 -0.09676965 0.11423890 -0.12067580 -0.05308786 0.02734076 -0.07331692 -0.01077287 0.23419271 0.16082022 0.03818031 0.07202394 0.02536066 0.08164970 -0.10012393 0.09710084 -0.11598707 0.19748995 0.14309120 -0.48589817
0.09838859 -0.28850427 -0.02304379 -0.18566480 -0.16438067 -0.19907241 0.22860101 0.04557100 -0.07048003 -0.17742470 -0.00376384 -0.14171293 -0.03192478 -0.02971278 -0.01794251 0.03753082 -0.27161491 0.15037648 0.03742503 -0.41724584 -0.36516055 -0.11834070 -0.00261162 0.17954156 -0.26852134 -0.08129822 0.39027318 0.14538093 0.09277625 -0.14247850 -0.12055896 -0.03066936
0.06465949 -0.09041034 -0.11539574 -0.39650920 0.01721627 0.09650473 -0.14165394 -0.05928641 -0.63497740 0.08906531 0.11226926 -0.14376922 -0.18247256 -0.07304005 0.01797098 0.03035850 -0.09343657 0.22704744 0.06729509 -0.28676221 -0.15439719 -0.19804138 0.05942516 -0.13796587 0.10334568 0.18969703 0.10764123 0.14256085 -0.01106918 -0.16076316 -0.13005538 -0.03984886
0.09446416 -0.05580057 -0.35481510 0.13549140 -0.24500988 0.01336636 -0.10402522 -0.08588535 -0.22816840 0.14612466 -0.06515882 0.27949554 0.21117772 0.08781166 0.34456080 -0.16082692 -0.08041246 0.05587946 0.00842908 0.24763277 -0.14431292 -0.18016368 0.05878251 -0.03115772 -0.06077421 -0.08747994 0.12463553 0.07544395 -0.02623975 0.11386219 -0.41368896 -0.15631750
0.07518008 0.08846482 -0.54262918 0.20235845 -0.10006995 0.08709957 0.03113881 0.08337479 0.14949158 -0.02984664 -0.06309036 0.18748613 -0.02022121 0.07902528 0.06314560 -0.09254230 0.08508787 -0.15059747 -0.33901840 -0.39322194 0.18216150 0.34154382 0.06004659 -0.30813095 0.27983722 0.07379478 -0.02409842 0.02871640 -0.06305782 -0.04906195 0.26020470 -0.58056343
0.02461981 0.08114082 0.05921789 -0.07013781 -0.14201155 -0.14467919 0.08146544 -0.01790834 0.24864809 -0.23720054 0.04983033 -0.14514065 -0.19169410 -0.05109796 -0.01274879 0.07284275 0.42938358 -0.17266446 -0.02213230 -0.19072951 -0.01859082 -0.08121794 0.01293407 -0.25935322 -0.00205265 -0.23480633 -0.06800783 -0.00680234 -0.21332088 0.15151066 -0.16861902 -0.05788105
-0.07897916 0.16136716 0.17123447 0.15658394 0.09891293 0.00886096 0.16307902 0.05764425 -0.16988325 0.23110092 0.18185909 0.23286861 0.00491193 0.07749756 0.27116239 0.02794106 0.08234606 -0.10802325 0.11311428 -0.03554021 0.07382984 0.04609338 -0.06855000 0.21954799 0.03881927 0.11660541 -0.06663430 0.02206482 -0.31489050 0.03682373 -0.16945921 -0.20626223
0.29159603 -0.05278325 -0.31738597 -0.17623587 0.12821107 0.12353574 -0.17514887 -0.01289933 0.13490745 0.14370254 -0.13733853 0.12187584 0.11307574 0.29756966 0.11417248 -0.03367712 -0.12828521 -0.05610090 -0.44702932 -0.01662324 0.12990487 0.29055062 0.12155422 -0.14781262 -0.11202148 0.01527474 0.21250013 0.02171824 0.13632193 0.39506719 0.20166051 -0.13334754
-0.04724165 0.13149785 -0.64231217 0.12711693 0.19585043 0.13690510 -0.03524497 0.14525476 0.03327646 -0.02513831 -0.07256027 0.15589495 0.13840039 -0.21008894 0.05511148 -0.00157820 0.15819047 0.06446885 -0.06743149 0.03924200 0.10223147 0.34518433 -0.08977712 -0.28983372 0.21448718 -0.12043709 -0.06301484 0.21071532 -0.19579580 0.08362840 0.13231620 -0.61028433

-0.12727508 -0.20025513 0.13506018 -0.02807070 -0.01262992 0.33473647 -0.25206861 -0.00127802 -0.11191395 -0.04718313 -0.31318602 0.13742022 0.15133864 -0.01554335 -0.12827994 -0.03902446 -0.07240338 0.06895144 0.02180883 0.11749662 0.13624670 0.14762515 -0.26217562 -0.10506095 -0.30945757 -0.09407376 -0.12259881 -0.22711936 0.21733314 0.06140894 -0.44590905 0.06957608
-0.14664426 -0.04733318 -0.10008085 -0.06910482 -0.19768138 0.02045127 0.37388226 0.13655110 -0.19172689 -0.14821938 0.20589022 0.37503082 -0.07185339 0.12920308 -0.23475398 0.19001749 -0.18078515 0.07243602 0.06464069 -0.02579890 0.24818103 0.11579153 -0.14279388 0.11749335 -0.01006812 -0.26460046 0.13482469 0.11818137 -0.07753497 0.30713803 0.00217937 0.12039693
-0.25158903 0.00679027 0.05819980 0.13915662 -0.07393935 -0.03133819 0.05531940 0.07965533 -0.10413493 -0.29024431 -0.05031746 -0.09344658 0.01994635 0.07007769 -0.26679027 -0.19713570 0.09557741 0.06130370 -0.01264491 0.21496132 -0.04632220 -0.12392498 -0.05330415 -0.45775783 -0.15847643 -0.04667227 -0.17422575 -0.09235821 0.20332916 -0.21779992 0.08796121 0.16705821
-0.09608461 -0.51962298 -0.09303013 -0.19761235 -0.10936874 -0.03511885 0.32766578 0.00944950 -0.16242005 0.06881492 0.09310038 0.31472385 0.25150439 0.15264043 -0.31958765 -0.26005176 -0.00501041 0.03353668 -0.29137668 -0.05266700 0.18991016 0.02111723 0.36724195 -0.01644607 -0.02262319 -0.22837181 -0.06232087 -0.03980339 -0.02459152 0.07471471 -0.08456351 0.10706566
-0.05677624 -0.51056683 -0.16955137 0.24599221 0.20760946 0.16281977 -0.09779340 0.06123193 0.02622898 0.10122055 -0.05351019 0.21364842 -0.10299496 0.25981334 -0.02342925 -0.10923187 -0.18868999 0.21791227 0.10268103 -0.14872761 -0.13922179 0.36117655 -0.01472309 0.02007741 -0.07451639 -0.12803276 -0.10739601 -0.01687104 -0.03824742 -0.14112155 -0.27775994 0.14771666
-0.00613342 -0.11035800 0.12776506 0.21457727 -0.23001239 0.06467602 0.12287235 0.08426358 -0.14483945 -0.27574399 0.17337203 0.07462939 -0.08443757 0.14553732 -0.00029779 -0.14760453 0.18615441 -0.26420110 0.05369006 -0.23381160 -0.02774499 0.03506774 0.22172323 -0.10619797 0.05822928 0.42117658 0.07485342 -0.11782338 0.21275616 -0.07844653 -0.08753158 -0.39466974
0.13349563 -0.14648265 -0.17473717 -0.09193514 0.20678951 -0.12437367 -0.04397242 0.01944740 -0.15765984 0.13510036 -0.00969536 0.14125414 0.11750932 0.01882781 0.13778874 -0.01111196 -0.37323853 0.16830771 0.11639745 0.08300943 0.10435162 0.08546893 -0.07814293 0.10104071 0.04349406 -0.24966078 -0.14482866 0.19390452 -0.02623013 0.03022436 0.18621050 0.41255400
0.19829535 -0.03859684 0.08814365 -0.02787597 -0.10432204 -0.01688013 0.08951607 0.16147618 0.08838594 -0.13692659 0.27764964 -0.15275124 -0.17767653 -0.25301614 -0.06885846 0.10218711 0.24373153 -0.03329430 0.26419386 -0.01463992 0.17827781 -0.38304922 0.01443082 0.01511220 0.25720656 0.10433690 0.00160436 0.16081096 0.06675158 0.01438119 -0.03506560 -0.08059368
0.06580612 -0.07109918 0.19705558 -0.07403576 -0.07689302 0.12358762 0.02073317 0.14440514 0.03950764 -0.17548653 0.03105543 0.07653013 0.04544471 -0.02746414 -0.02630060 0.08799775 -0.21156535 0.03160409 0.09645222 -0.46175361 -0.05691482 0.13620473 -0.00799093 0.18621905 0.03511262 -0.00536023 0.34163737 0.01275559 0.13568783 0.02510486 -0.35409704 0.11023077
0.05161254 0.25616330 0.00236343 -0.29336143 -0.05854536 0.22222570 -0.20926517 0.03364624 -0.67881548 0.22119746 0.08836930 0.09238992 0.14466444 0.00939240 -0.18558607 0.09236222 0.00596819 0.02346993 0.12149538 0.00418397 -0.14400095 0.05470241 -0.26110309 -0.05337508 0.17657508 -0.05943786 0.20558612 -0.04483466 0.14405419 -0.05999050 -0.22112039 0.00727925
0.05876433 -0.21375006 -0.10429157 0.02078005 -0.11988227 -0.30024204 -0.06892023 -0.05036449 -0.15876937 -0.17610843 -0.09956491 -0.02133640 0.01255555 0.15571101 0.14790553 0.10221638 -0.00823040 -0.08793959 0.20071834 0.27898592 0.00856461 -0.16761048 0.13481233 -0.23463117 -0.09469145 -0.39594200 0.20194861 0.06245769 -0.01934587 0.09665470 -0.07047177 -0.05539978
-0.03692620 0.05447661 -0.02725624 0.18114530 -0.34364215 -0.06621552 -0.01455107 0.06453200 0.16390243 -0.01830762 0.03909352 0.08608061 -0.06026574 0.36099330 0.20324567 0.28901401 0.03543968 -0.21086128 -0.04529205 0.00071885 0.16396171 -0.14008097 -0.04232338 -0.43476731 0.16688782 -0.28153509 0.00448416 -0.05463783 0.26008493 -0.04351814 0.09044360 0.03225665
0.02772839 -0.21799329 0.27897131 0.03084621 0.19873336 0.01777939 0.26268682 -0.05254425 -0.09025956 0.00170915 0.10442409 -0.01894401 -0.37261993 0.01707070 -0.11554877 -0.07027651 0.38857850 -0.10752548 0.08246216 -0.13254182 -0.17125891 0.02625139 -0.05507703 -0.15416546 0.00176097 0.07195636 -0.02696602 -0.01665094 -0.12829286 0.03067640 -0.48552907 -0.00049387
-0.09538539 -0.05527262 0.29837608 -0.09337672 0.16841961 -0.05209729 -0.05833289 -0.31102902 -0.10419844 0.07473452 0.12940404 -0.02153626 -0.11769050 -0.03702219 0.18400155 -0.20930320 0.02139719 0.00286270 0.24260050 0.18832885 -0.24235235 -0.26790816 0.03364844 -0.02488436 0.04594400 0.21660239 -0.08218291 -0.21977866 -0.10228039 -0.27792639 -0.04027139 0.04915944
0.31311813 0.24907263 -0.43907067 -0.17745776 -0.09426121 -0.23411319 -0.43101314 0.04128166 0.11683955 -0.13023713 0.19826950 0.20367473 -0.07269193 -0.17802021 0.07231528 -0.11995224 0.04177484 -0.33752918 -0.14750697 0.15746550 0.08374415 -0.00061088 0.22339788 -0.09600060 -0.12705109 -0.07353631 0.09427780 -0.24226275 -0.01770270 0.18341473 0.01104516 -0.00026811
0.08930983 -0.13967212 -0.27118555 -0.00038430 0.18430927 -0.01359772 0.06153917 0.13264227 0.00890548 0.14062028 0.06609801 -0.03575636 0.03301423 -0.22159103 0.24451576 -0.02291603 0.15673144 0.16753581 0.12078500 0.16118307 -0.00462716 -0.12529586 0.01656722 -0.08652989 0.16435868 -0.00637224 0.08513415 -0.13531007 0.11791972 0.13088754 0.27988884 -0.04927095


