0.26770282
0.16738251
0.12406322
0.18532041
-0.15471916
-0.07299748
-0.04061103
-0.08917595
-0.13523808
-0.15338685
0.14198099
0.05027650
0.42399779
0.16769122
-0.01494072
-0.00425193
-0.04614575
0.16780445
-0.11189776
-0.11907148
-0.32938886
-0.05236514
-0.11213590
0.03649792
0.55063093
0.07632730
0.38697031
0.16317277
0.39168745
0.01664876
0.16315418
-0.31976545
-0.09176762
0.16912684
0.26599503
-0.02960862
-0.42547312
0.28761008
-0.18138075
0.46264365
0.18105415
-0.01048530
0.24197400
0.01521644
0.39462015
0.21437569
-0.28012502
0.28433794
-0.45551673
-0.08037111
-0.18217485
0.13076144
0.15145053
-0.08696358
-0.09184130
0.30660826
0.27296409
0.22860524
0.07510112
-0.25871775
0.03538587
0.03719279
0.11915133
0.34412113
