   -81    -36    -28    -23    -21    -39    -70    -86    -76    -73    -75    -54    -10    -13    -28    -24    -50    -84    -45    -52   -118    -93    -62    -53    -57    -44    -16    -21     -9    -20    -20     -1
   -79      4     13     13     13      0    -16    -11     11     16      9     18     45     26      4     11      1    -26    -12    -25    -29     22     35     33      7    -13      7     25     29      9     10     22
   -35     33      4    -19     -7     -8    -17    -10     17     24     11     19     45     27      4     11      3    -29    -32    -19     21     49     38     35      0    -51     -7     58     37      9     10     22
    16     53     -3    -44    -24    -29    -28    -18      5     21     13     19     41     23      3     11      1    -34    -33      9     55     50     33     28     -7    -66    -14     74     42      9      9     21
     0     21     -7    -12     23      4     -1     -4     -5      9     16     22     38     23      0      3     -3    -34    -31     24     58     34     24     18    -13    -48      5     72     43     15      9     21
   -29     -9    -34    -26     18     16     26     35     20     12     10     18     27    -14    -67    -80    -74    -76    -56     22     64     33     23     16    -17    -35     17     61     39     19      8     18
   -55     -7    -32    -29     13     24     14     28     35     31      8    -17    -52   -118   -165   -164   -134   -109    -70     31     80     42     28     21    -12    -40      3     47     41     21    -13    -15
   -90     17    -24    -59      0     55     22     19     20     21    -14   -101   -134   -114   -100    -65    -15     -3      3     63     84     41     29     21     -4    -37     -9     35     33    -24   -112    -58
  -155     38    -34   -108    -13     75     37     18      9      8    -43   -138    -85      4      8     22     55     69     82     75     61     33     20      8    -20    -41     -4     27     -6   -143   -166     -7
  -220      5    -43    -79    -13     52     49     29     15      4    -54    -88     22     67     36     39     61    107    133     77     37     23     14     -2    -39    -30     24     17    -66   -168    -78     93
  -198    -16    -15      9     -6      2     38     44     19      0     -3     49    139    133     87     74    103    148    143     84     38     12      9     -5    -55    -32     16    -34   -100    -98     -2    124
  -120     42     39     49     18      4     20     43     16      6     66    104    111     97     79     81    113    129     94     65     39     -1     -8    -24    -98    -98    -83   -111    -99    -48     17    129
   -92     68     46     37     34     18      3     25     27     28     63     44     16     12      6     -8     35     63     25     23     20    -11    -30    -56   -115   -100    -78    -61    -27      0     24    129
   -97     41     27     29     34     11    -15     -4     30     41     52     22      4      3    -31    -78      3     63     17     15      8    -26    -73    -97    -91    -34      0     11     11     11     23    129
  -106     20     18     21     31     17     -2    -11      6     29     40      4     -6    -22    -89    -78     22     78     27     10     -4    -49    -96   -111    -66     -3     16     13      4     10     28    134
  -106     13     14     15     24     11      9      0    -24      5     46     30     -1    -44    -72    -17     15     36     24     -4    -13    -31    -42    -61    -28      5      8      4      0     11     30    135
  -111     10     15      9     10      4     14     19    -18     -3     38     65    -15    -12     75    109     40      0      3    -11    -10    -17     -2    -27    -16    -12     -8      0      8     20     30    125
  -110     19     28     16     13     17     27     42     23      2     -4     51    -10    -10     71     61      9    -14      6     19     -8    -33     -2    -24    -28    -27     10     41     54     63     61    114
  -100     18     20     16     15     17     27     52     62     22    -46      7      3    -15     28     15    -15    -18     34     48    -12    -26      3    -29    -47    -32     57    104     90    103    112    114
  -103      9     13      2      5     23     21     42     73     35    -47    -12     33     13     19     -5    -34     -8     40     20    -28    -16      1    -33    -57    -46     43     58      7     33     83     81
   -98     11      1    -29     -4     39     15      2     34     24    -33    -14     42     36     15     -2      4     33     31     -3    -20     -4      0    -30    -60    -66    -13    -32    -65     -7     57     64
  -102     11      5      2     17     28      0    -37    -24     24      4      9     33     37     28     36     48     34     25      5      0      7     -1    -21    -59    -58      8     -4    -18     22     56     67
  -102      7     21     54     44     10     20      5    -18     47     58     48     51     42     31     33     17     -3     13     -2     -5     20     24     10    -46    -53     36     14     -3     29     42     53
   -83     17     23     60     56      7     48     58    -27      0     40     13     17     15     10     16     20     26     30     -4    -14     12     29     20    -33    -20     81      4    -23     33     44     56
   -88     21     23     61     75      8     45     83     -6    -42     28      9      0      7     12     24     31     45     39     20     15     18     21     23      6     48    106    -31    -41     30     48     81
   -99     27     24     57     71    -15      9     80     32    -35      1     14      8     18     26     25     14     20      7      0     14     14     20     40     33     59     53    -87    -54     25     40    101
   -86     36     36     69     59    -27     -6     43     11    -36    -52      8     22     24     11     -7     -2     15      1    -18    -13     -7     17     45     10     13    -10   -115    -48     24     29    101
   -85     28     29     43     18    -24    -11    -11    -31    -36    -48     31     31     29     -1    -15     12     29     15      2     -3    -10     21     42     -8    -16    -53   -127    -36     28     26    101
  -113      6     -6    -24    -29     -7     -1      0      5     -3    -34     -2     -8     26      1      1     32     25     11     30     26      0     24     29    -14    -27    -73   -118    -24     19     23    106
  -119     15      6     -5      7     28     12      8     11    -16    -69    -53    -12     42     18     17     38     20      5     32     22     -3     17      8    -21    -28    -67    -94    -17     16     25    114
  -121     15     18     29     42     29      1    -19    -13    -38    -99    -57     27     56     41     37     37     15      7     29      5    -12     14     -6    -34    -25    -44    -71    -20     17     31    121
   -34     56     53     59     58     40     28     24     33     22     -2     46     97     90     76     63     49     33     31     40     21     20     39     23     11     28     32     32     71    101    107    140
