    19     28     20     19     12      1     -5      9     20     20     22     43     37     15     13     12     -9     15     47      8     -1     19     28     19     18     41     33     26     13     11     10     34
    -6     29     28     28     18     -3    -13      0     13     11     13     44     46     18     12     11    -21     -5     35      5     -7     12     29     18      9     44     52     35     17     10     11     40
   -36      4     16     41     43     19      0     11     21     12     10     40     46     19     14     14    -15    -11     11      9     10     13     22     16    -13     21     76     55     22     10     12     42
   -16     -3    -28     -4      9     11      4     18     37     22     10     38     45     20     12      8    -18    -24     -1     24     31     20     17     14    -33    -20     79     81     27     11     12     42
     8      7    -25     -4      1     -6    -13    -11     19     33     22     39     42     17     21     30      6    -12     18     53     42     22     16      9    -37    -38     56     91     42     14     13     44
    14      6    -13      8     11      0      3     -9    -12      8     23     42     53     50     68     94     82     48     67     93     55     21     15      0    -39    -24     48     77     52     22     12     48
    15      5    -14     19     32      6     10     11     -1     -9      5     51     67     47     35     50     55     41     82    125     82     32     18     -4    -48    -27     45     71     52     31     27     96
    28     21    -13     30     71     23      6     12     14      0    -23      6     25    -10    -19      7     21     12     59    127    101     52     29      8    -39    -33     31     68     60     51     39    158
    60     68    -15     18    103     65     12      4     10      3    -51    -49      3      0    -16      5     25     14     19     84     94     63     44     19    -20    -27     13     57     36     24     12    184
    31    120     -1    -16     99    122     48      7      5     -5    -81    -88    -40    -29    -37    -15     10     24      1     10     48     53     44     16    -12     -6      4     36    -15    -34     23    221
   -65     72     31    -16     37    112     97     34     11    -10    -85    -76    -28    -46    -63    -45     -8     24      9    -27    -15     24     40     10      1     51     68     44    -18    -27     52    235
   -94      1     37     18     -6     44    104     71     17      1    -16     -4     19     -1    -28    -17     24     45     28     -5    -37    -17     23     -6     -3     56     79     31    -11      0     68    235
   -66      2     16     22      2     10     73     93     35     25     22      9      7      8     -7     26     60     40     25     13    -21    -39      0    -19    -29      6     20     12      8     16     75    239
   -41     18      9     20     12     -6     20     79     66     55     40     16      8     12    -14     22     80     43     21     18     -4    -31    -20    -22    -24     -2      8     13     21     19     72    238
   -39     22     14     23     17     -4    -11     36     83     87     49     16      8      1     -5     26    108     74     23     21      0    -40    -70    -56    -14      8     14     13     20     20     72    235
   -42     24     21     30     26     12     -3     -6     48    101     69     13     11    -38    -74    -41     62     97     44     28      3    -39    -91    -81    -23     17     24     17     22     23     77    237
   -42     18     12     22     25     14     11    -23     -7     68    112     33     -3    -10    -24    -28     -5     58     54     31     10      0    -61    -79    -42      0     18     14     13     11     64    237
   -47     20     17     14     18     16     26    -10    -33     -1    115     78     -6     38     55      5    -35      3     36     20      1     13    -27    -60    -48    -15     -2    -10    -15    -27      3    204
   -43     24     22     12     17     24     36     21    -20    -62     37     92     13     37     68     27     -8      2     35     20     -4     12     -6    -42    -51     -5     21      9     14     18     -1    163
   -44     20     24     32     33     22     34     54     20    -68    -38     59     34     24     50     32      1     12     41     20     -7     11     -3    -40    -54     17     86     74     65     87     42    145
   -45     16      9     15     45     33     29     78     79    -25    -65     22     52     28     20      2    -10     11     24      0    -10     10     -1    -37    -59      2     63     51     50    105     78    150
   -37     16     -2    -17     24     42      6     29     81     13    -58    -32     21     20      9      6     12     27     11     -8     -6     -2    -13    -52    -74     -9     29     17     34    100     99    176
   -46     10     13      0     -6     17      1    -28     58     67      6     -9      6     18     20     23      6     12      6     -3     11      6    -10    -58    -92    -18      8     -1     28     81     80    206
   -47      4     25     27    -26    -14     15    -50     -3     91     49     22     16     13     22     25      6      0     -7    -26     -5     18     10    -46   -110    -39    -26    -33     16     75     50    211
   -31      6     28     54    -15    -18     40    -23    -83     40     61     25     26     16     17     20     27     26      5    -18    -19      4     18    -31    -97    -31    -42    -63      1     69     50    204
   -26     12     21     63     -1    -24     46     24    -84    -28     69     46     29     26     29     32     42     39     18      8      3      5     21    -11    -41      2    -58    -90     -6     56     66    212
   -31     20     27     59      7    -28     41     63     -5    -51     26     43     27     28     32     36     43     34      8      7     13     14     34      3    -10     15    -65    -89     -5     39     67    225
   -17     34     57     85     37    -11     21     34     11    -52     -3     48     57     35     19     26     41     40     13     -7     -9     11     46     13     -9      5    -70    -72      4     38     60    230
   -20     31     41     59     42      8      3      5      6    -29      5     49     76     44     12     25     42     37     30     12    -17      1     42     20     -6    -12    -79    -60     11     37     58    230
   -25     33     22     18     36     28     10     18     21    -16      3     37     76     59     17     25     36     24     33     34     -3      1     30     18      4    -20    -87    -57     13     31     59    230
   -34     34     27     24     33     30      6     12     17    -25    -16     36     74     68     25     21     28     17     34     36      4      6     12      0      8    -12    -78    -61      9     27     62    229
  -117    -53    -47    -28    -22    -30    -54    -62    -58   -118   -157    -93    -34    -16    -20    -22    -26    -38    -17     -8    -34    -28    -24    -59    -71    -81   -149   -188   -157   -136    -93    102
