    51     10      7      7      8     22     43     49     37     33     35     19     -7      1     13     12     31     45      8     19     73     56     39     36     37     21      0      6      1     11     10     -2
    34      2     -2      1      2      3      6      5      4      2      8     12      4      0      2      2     -3      2     24     30      4     16     41     31     35     42     20    -13     -6      3      0      1
     1     11     26     27      9      2      2      2     -4     -5      5     10      5      0      2      0     -7      2     33     26      2     30     40     33     37     64     27    -27     -1      2      1      1
   -36      0     32     56     40     33     18     15      9     -1      0      7      5      2      2      1     -1      8     25     15     20     40     39     33     33     62     43     -8     -6      1      1      1
   -10     -6    -10      3     18     39     37     37     47     26      2      4      6      1      3      1     -3      1     16     15     32     45     35     32     30     33     42     26     -3     -4      1      1
    14      1      2      4     11     14     16     21     46     58     32     12      8     15     29     29      6     -7      5      5     12     34     35     31     30     24     30     38     11     -6      0      3
    26     -1      6     18     17     10     31     22     14     33     50     49     55     68     70     71     53     32     25      7      1     18     29     25     26     39     40     24     10      1      7     11
    38    -18      5     45     20    -16     23     37     31     22     46    105     98     41     31     35     30     39     51     45     26     17     17     18     15     34     47     29      9     27     60     12
    61    -38     10     67     26    -19      3     33     45     37     49     89     42     -8     18     30     23     17     23     72     62     24     17     20     22     24     30     34     45    100     61    -26
    91      3     -2     22     49     29    -15     12     33     43     53     32      2     35     41     38     40      1     -6     62     76     38     26     26     35     14      6     42     80     85     -5    -18
    62     81     -3    -36     75     87      5    -11     17     35      1    -55    -32     11     22     33     19     -3      6     13     44     54     32     31     40     12     -1     41     54     -6      5     23
   -11     35     21     -6     25     72     66      7      9     10    -58    -64    -10    -29    -34    -17    -17      0      8    -19     -8     40     47     43     64     63     64     47      8    -11     21     20
   -20    -20     16     28    -10     27     75     46      1     -9    -21     -1      1     -9    -21     -6     -7     -4      4    -13    -23      2     47     59     59     62     63     29      1     19     33     26
    -1     -3      0      2      2     17     51     68     15     -9     -4     -9    -13    -10     10     39     -3    -32     -1     -4    -10     -3     46     62     16      7     14     18     31     31     36     29
    13      6     -2      1     -1     -3     23     65     55     12     -1     -1     -6      2     37      8     -5    -19    -15      0      0     14     46     58     18      4     16     21     32     30     31     27
    13     11      3      4      0     -1      0     33     81     44     -6    -15      1     32     35      5     50     31    -20      2      0     -6      0     34     35     30     25     25     28     29     30     27
    17     10      8     12     13      6     -2      4     52     64     22    -33     20     -9    -92    -30     65     80     18      1     -4    -14    -21      9     30     49     39     23     22     28     35     34
    17      3      2     12     16      1      0     -7      0     56     76     -5     -8     -9    -37    -13      0     37     40      0     16     19     -7     -2     21     36     20      7      8     14     28     50
    10     12     12      6      7      9      4    -16    -33     20     92     56    -25      4     19     -6    -12      3      1      0     28     16      9     12     22     18    -20    -31    -11    -24    -26     35
    16     16     12     12     10      4      8     -7    -40    -23     46     69     -5     -8     24     18     12     -7     -8     24     16      5     20     21     24     25     -3     -6     16     -9    -49     -8
    13     12     23     40     12    -14     13     18    -16    -41     -8     39     15     -8     17     21     -6    -12     23     27     -1      8     20     19     30     46     58     60     40      9    -23    -21
    14      8     15     11     20     25     18     44     37    -39    -42     13     40      8     -2    -14    -20      7     10     -2     -1     10     21     19     32     39     37     45     33     31     14    -13
    19     13     -2    -27     13     50      3      7     49    -12    -58    -33      7     15      0     -5     11     18     -8      0      0    -10     -3      2     31     46     24     36     41     41     34     14
     4     14      7    -12    -10     27      3    -13     57     52    -25    -14    -13      4      7      3     -4    -13      5     17     16      1    -14     -6     14     26     16     63     62     29     28     30
     8     -1      8     -5    -27     12     13    -19     20     85     12     -9      3     -5      1      2    -10    -22     -9    -12     -3     14      7     -9    -20    -18     19     81     61     33     20      9
    20     -6      6      3    -14     17     33    -16    -33     43     55     -5     -2     -5     -6      1      8      2     -4    -15    -23     -9      3    -15    -28    -15     41     65     44     38     22      0
    11      3     -1     -2      2     13     33     18    -20    -13     72     17     -9      4     14     21      5      0      5      9      2     -6    -13    -14      6     16     29     37     34     37     30     12
     8      8     -3      0      7    -13     25     67     20    -21     20     18     18      7     22     16     -4      0      1      7     16     13     -2     -1     16     29     35     32     20     27     29     22
    31     12     25     48     15    -26     15     37      2     -2     14     52     44     -2      6      1     -1     13      9    -15     -2     22     14     13     10     26     38     29     26     33     25     15
    29      8     15     28     10      0     19     13      6     10     39     62     26      2      0      1      4     16     19      2      0      9     19     24     10     14     23     25     37     35     26     14
    27     14      4     -7      0     30     31     33     17     11     52     44     10     22     -1      0     13     18     20     17     18     12     16     27     22      4     -1     24     46     30     25     16
   -12     33     27     17     21     36     32     27     20     24     37     46     57     58     26     21     30     28     28     34     26     17     19     22     21     11      0     15     50     59     58     72
