   -88    -84    -85    -85    -85    -88    -93    -93    -91    -89    -90    -87    -82    -84    -86    -86    -89    -86    -75    -85   -105   -103   -103   -100    -98    -90    -84    -84    -82    -84    -84    -79
   -64    -58    -58    -62    -67    -64    -55    -44    -39    -37    -39    -46    -58    -65    -66    -65    -56    -40    -47    -65    -52    -46    -55    -58    -59    -64    -71    -63    -66    -68    -67    -68
   -47    -50    -57    -65    -65    -63    -53    -44    -38    -37    -39    -45    -57    -63    -64    -63    -54    -40    -48    -55    -47    -53    -55    -58    -58    -64    -65    -57    -68    -69    -67    -69
   -35    -45    -57    -70    -73    -71    -58    -48    -47    -47    -44    -46    -57    -64    -65    -65    -58    -43    -40    -42    -51    -61    -59    -60    -59    -57    -57    -62    -68    -69    -67    -68
   -57    -57    -48    -42    -48    -56    -54    -52    -57    -58    -50    -47    -57    -62    -61    -59    -52    -37    -30    -39    -59    -69    -64    -62    -58    -44    -45    -64    -69    -68    -66    -68
   -70    -66    -60    -52    -55    -49    -42    -41    -51    -61    -58    -51    -51    -54    -55    -55    -47    -32    -27    -39    -58    -69    -68    -66    -59    -40    -40    -61    -69    -67    -66    -69
   -69    -62    -56    -54    -59    -54    -54    -50    -46    -49    -54    -53    -60    -66    -63    -58    -49    -34    -25    -33    -51    -64    -67    -68    -60    -48    -47    -56    -63    -64    -59    -71
   -64    -48    -46    -53    -58    -50    -55    -59    -59    -56    -54    -64    -66    -37    -11      5     15     12      5    -20    -49    -61    -65    -67    -59    -48    -49    -56    -56    -59    -70    -66
   -54    -31    -40    -51    -50    -53    -56    -62    -67    -64    -56    -45     -9     22     30     36     37     31     25    -12    -48    -57    -65    -69    -66    -52    -44    -52    -57    -75    -58    -28
   -38    -29    -34    -20    -31    -59    -58    -63    -64    -63    -55    -15     21     16     19     25     18     23     17    -13    -42    -53    -62    -69    -68    -50    -36    -42    -58    -40     11      4
    -9    -24    -15     12    -21    -58    -66    -63    -62    -62    -36     24     36     23     21     17     16     12     -8    -19    -31    -48    -56    -62    -57    -34    -23    -31    -28     26     40      1
    19     16     11      7     -4    -32    -64    -67    -65    -56    -13     13      0      1     10     13     11    -12    -35    -34    -32    -44    -56    -59    -52    -39    -41    -33      4     43     42      3
     9     28     13     -5      1    -11    -42    -64    -62    -49    -40    -45    -46    -43    -29    -24    -31    -46    -59    -57    -50    -44    -51    -56    -35    -16    -10     11     40     51     44      2
    -8      2      0     -2     -8    -15    -29    -54    -58    -51    -55    -52    -48    -43    -44    -48    -44    -47    -58    -62    -60    -49    -49    -45     -3     28     39     47     48     50     43      2
   -19     -9     -7    -10    -13    -11    -17    -35    -53    -57    -62    -62    -56    -46    -50    -25    -27    -47    -54    -62    -64    -61    -51    -31      9     36     42     45     46     50     45      4
   -20    -11    -12    -14    -17    -16    -13    -20    -43    -54    -58    -53    -51    -62    -49    -19    -33    -58    -55    -64    -65    -52    -27     -5     21     35     39     43     48     52     47      4
   -24    -13    -16    -18    -24    -22    -17    -16    -24    -35    -51    -44    -55    -40     13     11    -24    -55    -64    -63    -56    -43    -22      0     21     29     34     41     48     49     43     -1
   -24    -11    -12    -17    -22    -18    -17    -16     -7    -18    -43    -51    -44    -30    -23    -32    -31    -39    -58    -52    -55    -51    -36    -11     12     27     36     41     43     39     32    -10
   -20    -14    -19    -20    -18    -20    -21    -20     -8    -12    -33    -55    -37    -33    -51    -51    -40    -36    -36    -41    -49    -41    -38    -23      2     28     46     51     44     40     34     -9
   -25    -18    -18    -18    -21    -20    -23    -27    -23    -18    -18    -38    -32    -27    -43    -53    -52    -38    -34    -51    -45    -34    -39    -27      0     28     40     30     15      9      9    -17
   -24    -15    -21    -27    -21    -14    -21    -32    -43    -38    -20    -22    -29    -28    -42    -52    -42    -32    -48    -55    -38    -33    -36    -24      0     21     14     -3     -1      0     -9    -26
   -26    -15    -20    -13    -12    -25    -30    -41    -63    -53    -32    -25    -39    -41    -40    -35    -29    -43    -51    -45    -39    -37    -39    -25      1     28     34     27     32     21     -3    -26
   -28    -18    -13      0     -9    -30    -26    -21    -39    -47    -28    -21    -30    -42    -45    -47    -58    -64    -56    -51    -45    -38    -32    -19      4     27     40     41     42     27      3    -28
   -22    -16    -16    -19    -20    -26    -25    -19    -30    -55    -51    -50    -47    -52    -57    -60    -60    -52    -59    -61    -54    -48    -38    -27     -2     25     38     32     37     36     13    -18
   -29    -16    -19    -28    -27    -29    -33    -33    -27    -48    -56    -53    -58    -56    -58    -58    -53    -49    -54    -49    -45    -49    -51    -39     -6     29     26     20     37     38     20     -1
   -34    -20    -24    -36    -45    -44    -52    -48    -28    -21    -44    -46    -51    -55    -51    -52    -55    -61    -64    -58    -49    -48    -51    -41    -15      2    -11      7     38     37     24      0
   -28    -23    -26    -36    -54    -49    -51    -61    -45    -16    -43    -51    -52    -57    -56    -57    -51    -56    -64    -66    -64    -58    -52    -49    -42    -36    -30      7     39     38     26     -5
   -27    -25    -25    -39    -57    -44    -49    -78    -63    -31    -22    -35    -52    -54    -55    -46    -38    -45    -55    -58    -60    -58    -53    -57    -53    -48    -35      8     42     42     31     -4
   -38    -31    -39    -60    -63    -43    -48    -55    -37    -24    -14    -41    -57    -51    -44    -31    -30    -44    -52    -47    -47    -50    -52    -60    -52    -45    -29     15     41     40     33      0
   -31    -22    -29    -37    -36    -39    -45    -38    -31    -25    -25    -43    -39    -42    -36    -27    -31    -43    -51    -53    -53    -47    -52    -60    -49    -37    -15     25     40     41     35      2
   -26    -19    -20    -17    -21    -43    -49    -47    -38    -26    -24    -21    -15    -35    -32    -28    -36    -43    -48    -56    -61    -54    -54    -54    -44    -27      0     30     39     44     38      2
   -23    -32    -34    -33    -43    -54    -57    -48    -40    -39    -25    -13    -25    -40    -41    -43    -52    -56    -55    -65    -67    -58    -59    -56    -45    -34    -15      8     17     15     14    -10
