   -31    -47    -34    -26    -19    -17    -27    -46    -58    -59    -59    -63    -45    -22    -18    -18    -15    -40    -57    -46    -59    -70    -70    -55    -50    -57    -46    -33    -17    -12    -13    -16
    12    -11     -4     -1      0     13     20     18     11     14     13     -1    -11      3     10     11     28     28    -15    -31      9     24     12     15     15    -17    -46    -15      5     12     11      3
    67     39     16    -20    -34    -21      0      3      2     11     14      1     -9      3      9      9     23     26     -8    -14     26     33     26     19     28     -9    -61    -27      0     12     11      1
    73     51     45     12     -5    -13     -7     -6    -19    -11      7      1     -9      0      8     12     26     31      6      8     24     26     24     17     30     20    -39    -49     -7     11     10      1
    27     14     30     36     30     28     26     30      5    -17     -5     -3    -10      3      4     -7     -1      9     -6    -10      4     14     16     16     27     44      5    -47    -22      7      9     -1
     0     -7      1      9     11     30     35     46     49     26      3     -9    -21    -39    -76   -120   -126    -99    -85    -69    -22     13     17     19     32     42     13    -32    -28     -2      8     -4
    -5    -12      7      0    -11     19     24     24     42     53     32    -21    -80   -117   -129   -142   -137   -111   -101    -95    -48      3     16     23     45     47      3    -30    -23     -8    -10    -66
   -20    -21     14    -18    -53     -1     29     22     17     28     39    -23    -95    -71    -32    -25    -19     -8    -18    -60    -60    -22      2     13     40     50      8    -29    -28    -45    -92   -147
   -52    -70     -9    -34    -76    -44     17     26     17     17     32      4    -22      7     37     37     26     33     60      5    -48    -35    -20     -5     12     30     22    -12    -27    -90   -116   -113
   -17   -132    -63      4    -42    -97    -31     16     26     26     39     69     95     88     91     81     52     61     95     76      9    -19    -22    -10     -2     14     36     14    -24    -46    -38    -78
    91    -72    -57     41     13    -78    -80    -16     17     19     65    153    159    149    156    137    112    105     91    103     81     20    -11     -8    -12    -27    -38    -45    -57      0    -11    -88
   136     41     17     20     41      7    -64    -52     -5     11     65    111     79     77    104    106     92     63     41     57     81     56      6     -3    -21    -69   -118   -108    -52      0    -20    -87
   107     55     44     10     35     39    -19    -68    -30      6     26     28     22     13     29     10    -13     -3      3     13     38     61     27     -7     -9    -35    -56    -41     -6      4    -20    -94
    76     15     22     17     19     32     18    -45    -51    -17     -9      1      8      5      2    -33    -59    -21      3      5     16     36     18    -22     -6      6     10     15      6      3    -18    -95
    64      0      8      8      8     27     38      5    -53    -59    -37    -12     -1      4    -37    -41    -66    -56     -3     -1      3     17     31     20     10     10     13     12      4      2    -16    -89
    63     -1      0     -3     -3      5     23     38    -17    -71    -58     -1      9      2     30     67      6    -70    -36    -22    -11     20     75     88     54     15      1      0      1      0    -18    -92
    56      0      5      5     -7     -2     11     43     39    -19    -77    -16      8      5     91    120     73    -22    -53    -32    -12      2     56     97     77     27      0      0     12     17     -2    -93
    63      9     11     13      3      7      9     32     75     52    -56    -75     -7     -3      1     25     56     31    -21      0      4     -7     19     72     66     33     26     45     66     78     73    -40
    67      6      1      9     12      3      0     11     67     94     19    -86    -30     -4    -41    -22      9     14      7     18     10      2      8     43     48     25     29     63     67     61     85      4
    63      5      1     -8    -15      0      0    -12     21     80     75    -28    -30      8    -20    -32    -19      3     12     -3      5      9      8     35     44     11    -29    -34    -41    -51     -5    -16
    64     11      5    -12    -25     -4      0    -41    -61      4     73     26    -22      1      0     -3     23     40     16      2     20     14     10     34     44     13    -46    -74    -71    -81    -62    -51
    53      7      9     33     26    -12     -4    -21    -81    -32     63     83     28     14     19     30     42     19      8     22     26     25     25     52     65     33     -6    -15    -17    -51    -76    -86
    62     11     13     45     58     13     11     45    -16    -45     25     65     54     26     16     15     14      5     13     20     10     16     37     73     93     51     24     27      5    -36    -57   -110
    72     22     14     17     59     56     32     73     54    -57    -34     -1     13     13      4      0     10     39     40     42     32     11     24     59    105     93     85     69     15    -27    -33    -91
    50     18     14     -1     44     65     24     44    107     10    -45     -8     -8      1      9     12     13     23     30     48     58     37     19     44    107    133    114     84     26    -22    -33    -61
    43     10     17     -2     23     54      7      6     92     88    -30    -35    -14     -3      8      5     -8    -13     -3     10     24     28     16     39     81     94     75     79     33    -16    -38    -68
    62     11     15     10     10     43     10    -28     -5     61     -9    -37     -5      2     -1    -19    -23    -16      0      2     -4     -1      4     27     43     31     37     65     30     -8    -28    -88
    50     -7    -11    -34    -44      6     14    -33    -32     24     29     -5    -22     -8     -5    -13    -13    -12      1     21     26     11      0     10     29     15     21     44     20     -7    -20    -92
    33    -17    -21    -58    -67    -11     16      7     16     24     29    -26    -59    -31     -1      1     -6    -10    -10     16     45     34      8     -1     19     18     25     44     13    -11    -23    -86
    42    -13     -7     -9    -13     -2     11     13      1      5      0    -50    -54    -39      0      9      0     -2     -8     -3     19     29      9     -7      3     14     43     60     15     -7    -20    -83
    53    -11     -6      7     15     -1      6      0    -15      1     -5    -39    -30    -34      2     21      8      3     -3     -9      0     12     10      7     -2      3     51     72     20     -2    -14    -80
   156    112    105     96     82     74     88    102    100    120    178    185    143    106     95     89     76     75     73     51     58     74     68     82    101    111    164    237    247    231    214    107
