     0     25     25     24     23     16      8      7     14     16     17     24     34     25     20     20      4     -5     19     27     13     26     35     31     25     27     31     22     21     16     17     18
   -11     21     26     27     28     22     13      8     10     11     12     16     29     26     20     22     10     -9      7     32     31     31     28     29     22     21     33     32     26     17     18     16
   -16      4      9     22     35     33     22     16     18     16     13     16     28     26     21     22     12     -6      7     35     41     32     22     25     20     14     36     47     31     19     18     16
    -4      1     -3      3     22     25     24     22     28     29     19     17     27     25     21     21     10     -7      6     35     46     32     19     21     21      9     28     55     38     21     18     16
     0      8      8     11     22     15     16     17     23     35     29     21     27     25     21     25     18      0      9     39     48     31     20     19     23     16     22     48     43     25     18     16
    -1      8     11     18     31     23     21     23     20     25     26     23     27     25     22     32     36     26     27     52     58     34     21     20     22     23     28     40     39     29     19     16
    -7     12     11     19     34     27     17     25     30     26     19     19     22     16      9     11     18     19     25     54     64     39     26     24     23     19     31     42     37     28     21     22
   -17     21     12     15     41     43     17     17     26     32     18      0      6     10      0     -4      0      0      2     32     53     41     32     32     31     22     28     42     39     26     16     32
   -33     35     14      4     41     61     31     18     19     25     13    -13      0     14      0     -6      1      4     -1      5     30     35     34     36     37     31     32     36     29      3     11     32
   -68     29     22      1     23     61     55     30     18     16      1    -22    -16     -9    -12    -12     -4      7      6    -12      1     20     30     34     33     35     35     24     10    -14      8     27
   -92    -16     13      8     -1     34     65     50     23     11      0    -19    -18    -22    -28    -25    -13      0      5     -7    -13      3     24     33     27     34     44     22      8     -8     -1     23
   -75    -36    -18      3      0     10     42     57     31     13     11     -7    -13     -7    -13    -15     -6      3      7      8      0     -4     16     28     13     14     25     16      4     -9     -5     22
   -58    -23    -30    -12      5      8     20     48     42     19      9     -5    -13     -9     -8     -8      5     12      6     11     13      4     10     20      0     -4     -3     -3     -8    -16    -12     20
   -53    -16    -19    -14     -2      2      6     29     47     31     18      4     -5     -7    -13    -19     10     22      2      7     13     11      8     13      3     -1     -5    -12    -14    -17    -15     17
   -51    -14    -12    -12     -4      0      1      9     33     39     29      9      1     -4    -12    -10     12     30      9      8     11      8      2     -2     -3      0     -3     -8    -12    -14    -14     15
   -48    -13     -8     -7     -3     -1      5      3      7     30     39     18      2     -9    -25    -23    -14     20     25     15     15     13      8    -12    -17     -7     -4     -7    -13    -14    -14     16
   -45    -10     -6     -7     -4     -3      3      5     -8      4     33     34      0      5      6    -12    -31     -7     23     20     18     19     23     -4    -19    -18    -11     -9    -14    -16    -16     15
   -43     -6     -1     -5     -4     -2      0      6     -9    -18      1     41     12      2     19     10     -6    -10     11     19     10     10     31      8    -13    -17    -10     -7    -10    -10    -14      4
   -40     -5      0      0     -1     -2      0      8      0    -21    -33     18     22     -4     12     18     10      5     16     19      4      7     29     13     -8    -11      7     11      8     19     17      4
   -40     -6      0      2      2      1     -2      8     17      0    -34     -6     21      2      4     12     10     12     17     14      3      9     24     14     -7    -14     15     26     19     36     49     22
   -39     -7     -5     -8      2      9     -3      6     35     32     -5     -8     19     15      6      9     12     11      9      8      4     10     22     14     -7    -24     -5      6      5     24     48     31
   -37     -5     -5    -10    -10      2      0     -3     28     54     23     -3      8     19     18     21     23     20     22     17     11     13     17     10    -12    -26    -10     -7    -10      5     34     34
   -40     -7      0      2    -10     -9      5      0     10     56     51     26     17     23     28     32     30     28     35     28     25     29     24     13    -17    -32     -9    -14    -19     -1     20     29
   -37     -9     -4      8      3    -11      6     10     -9     35     60     43     38     34     35     37     38     32     31     24     22     32     33     21    -12    -33    -11    -31    -29      0     14     16
   -32     -3     -4     11     19     -4      8     24    -12     -4     49     43     40     43     38     35     35     37     36     31     24     24     30     26      1    -20     -9    -42    -35     -3     16     14
   -34      1     -4      8     23     -1      7     33      7    -24     22     48     44     46     41     31     24     31     35     37     39     33     31     30     13     -3     -3    -41    -34     -5     14     21
   -36      0      0      6     17      0      6     27     21     -8     -1     46     52     44     31     18     16     24     26     29     37     39     37     34     12      5      6    -33    -28     -6      6     25
   -32      3      6     14     19     10      7      9      6      3      0     43     55     47     22      6      7     17     22     22     24     26     32     34     10      5      3    -28    -19     -3      1     21
   -35      3     -1      2     14     20     12      4     -3      1      4     36     50     52     20      0      3      8     17     26     19     10     21     28     11      2     -4    -29    -17     -5      1     19
   -39      2     -1     -5      2     16     13      4     -1      1      3     29     44     49     20      0      1      3      7     21     20      8     14     17      8      2     -8    -31    -19     -7      0     19
   -43      0      2      1      1      9      9     -2     -2      0     -4     20     37     38     22      4      2      3      5     16     16      9     12      5     -3      0     -8    -32    -23     -7      0     18
   -47    -29    -26    -20    -14     -9     -9    -22    -27    -28    -42    -36    -17     -8     -4     -8    -10     -9    -10     -1      0     -3     -1    -13    -29    -28    -33    -58    -69    -62    -57    -35
