    62     59     57     53     49     56     75     95     99    100    100     88     61     48     50     49     63     89     80     70    101    114     99     88     82     71     52     48     44     44     45     36
    48     35     23     18     15     14     14     16     16     17     19     23     19     16     19     16      9     21     40     39     27     15     17     15     20     32     30     23     15     16     16     17
    22     21     29     31     24     16     15     14     10      9     13     19     18     15     17     13      6     20     43     38     13      3      9      9     19     44     39     16     12     14     16     18
   -16    -13     19     53     58     49     35     27     19     11     12     18     18     17     19     17     13     25     37     25      3     -1      7     12     16     41     47     21     14     15     16     19
     5      3      2      6      5     18     26     31     37     23     11     17     19     19     18     11      5     16     28     20     10     11     13     17     15     17     31     26     15     14     16     19
    28     29     29     26     12      5     -2     -5     11     25     21     20     19     21     37     50     46     44     50     39     19     16     15     17     17      9     10     24     25     17     18     21
    37     32     34     33     20     14     17      7     -6     -4     13     28     47     84    124    148    144    123     99     63     27     14     12     11     12     18     20     20     22     20     21     22
    45     29     29     40     29      7     13     18     12      1     15     64    102    107     93     75     61     55     61     55     35     22     16     10      2      9     22     26     22     31     61     73
    63     31     36     66     57     15      8     15     22     19     24     61     66     26      8      7      1     -6      4     32     40     35     27     23     15     13     19     25     43     89    113     94
   101     69     50     64     66     37     12     11     16     20     26     34     24     13      5      1      3    -13    -31      3     36     39     37     35     32     19      9     23     53     96     69     42
    70     99     60     20     52     74     39     12     11     15      0    -33    -64    -59    -41    -28    -26    -36    -45    -32      3     27     31     31     33     20      0     24     47     41     29     41
    -5     22     30      2     14     52     58     29     19     13    -35    -70    -61    -60    -62    -58    -56    -47    -31    -32    -22     13     31     35     53     75     90     95     75     41     32     39
    -8    -21      0     18      5     12     45     43     21      7     -8      0     14     15      7      2      0      9     17     10     -4      4     27     35     57     82     96     80     44     27     31     40
     8      3      6     10     10     17     42     55     30     11      4      6     10     16     28     57     48     20     22     20     12     10     32     42     37     31     21     18     20     21     32     45
    23     20     16     16     13      9     20     46     45     29     23     26     27     32     42     52     42     18     18     20     20     30     50     55     39     21     14     14     21     22     28     41
    22     22     20     19     17     15     10     24     55     54     29     21     21     38     67     60     62     43     24     27     27     22     11      9     16     18     16     19     24     23     28     39
    24     25     25     28     27     28     19      9     33     57     37      9     26     10    -46    -63     -2     51     46     40     31     14    -13    -18     -4     19     29     27     26     23     31     43
    27     18     11     16     22     19     14     -1      0     31     59     26     24     19    -11    -19     -8     25     40     33     32     38     10    -11     -4     14     19     13      5     -1     12     41
    18     17     18     17     17     16     17      0    -19     -3     59     61     30     39     40     26     10     11     13      6     19     32     18      3      7     12    -11    -34    -44    -59    -56      2
    24     24     23     18     18     22     24     12    -14    -27     16     51     29     24     36     39     39     29     15     17     27     30     22     14     15     21      2    -11      2      1    -22      5
    21     20     27     45     39     15     21     30     14    -11     -1     25     17     11     26     38     27     11     17     28     25     24     18     12     14     38     63     77     82     66     28     28
    21     19     21     26     31     24     29     63     70     26     -5      9     24     16     10     -1    -15    -10      5      8      9     17     20     16     15     25     34     42     45     49     36     35
    30     25     11    -12     -1     25     16     24     47     14    -25    -39    -19     -3      0      0     10     25     15      9      8      1      0     -8      0     17     16     17     24     38     47     52
    13     15     14      0     -7      8     -1    -15     30     40     15      7      0      7     14     16     10      7      7     16     25     14      0    -14    -11      4     -3      8     25     29     33     59
    16     10     15      5    -15     -6     -5    -29      1     53     36     27     23     15     15     14      4     -8    -12    -13     -6      9     10     -4    -27    -35    -42     -6     22     30     21     41
    31     15     17     18      0      9     19    -10    -34     14     31     17     20     14      7      5     16     21     16      4     -8     -5      5     -6    -33    -39    -26      8     23     30     24     32
    25     13      9     12      5     16     28     14    -15     -1     49     43     21     14     18     29     36     32     30     29     23     17     11     -1     -2      4      3     13     22     27     33     40
    15     13     11     11     14     18     31     50     51     29     35     20      7      8     23     36     34     25     16     19     25     25     19      8     14     26     24     27     22     19     27     45
    38     34     47     67     63     37     27     28     24     13     19     28     37     23     22     23     24     29     24      3     -2     12     20     15     17     28     30     33     27     25     27     42
    35     27     31     45     45     27     15      7     10     21     41     53     52     28     17     18     21     27     31     18      3      8     18     24     24     26     24     26     24     26     28     40
    34     28     21     11     14     23     24     30     37     40     57     55     40     26     13     10     15     21     27     25     22     21     22     29     34     27     13     15     22     22     23     37
    20     25     25     19     18     26     23     25     27     28     42     43     30     26     12      7     17     24     29     29     28     24     15     17     30     26      5      3     16     19     22     45
