    81     28     27     33     26     26     32     45     26     19     24     42     10     12     37     28     11     58     30    -15     63     51     20     17     25     45      9     34     18     32     31     49
    92     23     19     31     28     22     32     46     37     25     32     56     22     14     36     29     10     56     41      9     44     19     25      9     19     57     37     25     10     34     32     54
    80     19     24     43     28     18     29     49     42     27     37     56     24     14     37     32     12     43     35     30     21     10     25     12      1     64     75      0     10     34     31     54
    52     17     20     63     25     22     23     45     50     29     35     52     25     16     38     31     14     31     35     30      5      8     20     15    -13     61    105     -2      2     33     32     54
    45     16      6     53     16     30     30     31     51     39     30     47     26     13     34     29     14     20     42     24     -9      8     15      9    -11     51     98     22      2     25     32     56
    56     12     16     44      7     13     19     10     31     45     41     46     21      8     32     32     10      1     37     16    -33      0     17      5     -4     50     75     34     16     16     27     61
    75      2     15     44     20     -1     17      7      7     22     41     49     22     21     29     29      8     -9     35     10    -46    -10     15      5     -2     54     73     34     21     15     14    103
   111    -18     -9     55     51    -27     13     16     14      7     -1     48     52      8     14     36     20      7     54     33    -29     -9      5      5     -6     48     77     45     10      6     26    167
   182    -44    -43     70     70    -41     -2     12     18      3    -35     51     66    -14     15     51     30     26     29     46      8     -1      2      0     -4     40     58     47    -15     31     59    158
   233    -30    -56     38     61      2    -20     -2     14     -4    -31     64     34     -8     19     37     41     37    -10     34     46     15     14     -4      7     42     18     29    -25     67     63    138
   202     28    -11    -27     46     64     -5    -23      3      2     -6     42     12      5     25     41     56     31      3     19     44     48     31     -8     24     49     -3      0      4     44     61    149
   152     38     40    -17     18     55     47    -15     -8     27      8     14     38     14     13     42     52     27     25     20     13     52     50    -15     37     50      7    -10      3     12     61    139
   136     19     38     30      0     14     62     25     -8     40     15     24     40     29      3     48     49      4     24     21      0     20     47     -3     42     43     19      9      2     16     65    136
   131     20     27     35      8      6     36     55      7     30     15     27     38     35      0     77     60    -29     26     25      7      2     29     30     40     31     27     25     28     22     67    138
   127     25     24     36     15      5     15     49     39     29      5     23     36      5     28     72     61    -22     16     30     11      4     14     48     50     23     30     24     33     22     66    135
   120     33     24     38     17     12     10     11     58     53      0      1     29      2     57     32     58     27     -3     30     13      6     -7     52     64     37     29     21     29     18     64    131
   120     34     22     35     24     20     18    -15     44     59     42    -39     19     44     11      5     63     87     13     24      7     20    -20     43     54     51     39     21     25     20     65    143
   123     31     21     31     37     24     28     -9     17     28    103    -35     -8     70      1     -3     23     69     53     14      6     46    -16     22     39     62     48     30     35     39     66    174
   116     32     25     24     30     30     34     12     -1     -5    113     36    -27     58     21     -8      6     49     50     -7     23     50     -7     16     30     76     45     16     48     64     43    181
   111     31     20     25     33     22     31     40      0    -25     84     94     -1     33     35      9     21     43     18     -3     32     36      0     15     24     86     44     -1     47     69      0    138
   107     30     13     37     48     -1     25     65     24    -26     40     97     34     24     37     33     35     36     26     27     33     32     10     10     22     87     45      6     42     61    -11    111
   111     24     18     30     45     23     18     59     70    -20      9     66     64     32     39     42     35     53     42     36     45     34     22      3     20     88     32     18     50     66     12    115
   112     21     32     15     20     61     29     13    105     19      3     38     61     53     50     45     31     64     27     33     59     29     26     -4     17    105     17     16     58     65     13    151
   100     27     45     25    -11     62     56    -24     87     89     -7     35     35     44     52     41     30     41     25     37     61     41     23     -9      8    114    -13     23     78     60     -2    187
   105     19     45     44    -36     52     72    -24     15    133     15     20     42     34     46     36     37     26     23     37     50     57     40     -2      6     90    -41     46     95     53      7    174
   121      9     39     53    -48     33     79     -7    -39     93     74     23     48     37     35     26     41     25     20     38     38     45     56      2     17     55    -50     54     90     41     34    149
   120     16     41     41    -36     21     73      4    -15      8    105     42     29     36     28     31     35     14     16     42     41     40     52     -7     28     36    -56     52     81     32     50    149
   113     23     43     25     -8     12     40     22     22    -33     82     35     40     24     26     43     27     11     13     32     33     48     49    -15     26     26    -47     62     63     26     50    162
   123     20     29     30     17     -8      8     33     21    -15     62     33     65     -1     17     47     24     12     26     15      6     57     46     -5     20     12    -30     69     50     27     51    162
   131     20     19     31     34     -7      9     34     20     -5     45     45     58     -9     13     45     24     12     38     13     -6     47     36      8     20     -2    -20     64     51     28     57    156
   134     23     21     27     21     11     12     36     25    -23     37     63     28      7     13     35     27     18     43      9      0     41     20      9     29     -3    -25     51     63     26     61    150
    89     35     34     36     16     18      9     33     32     -6     30     55     18     23     16     23     25     18     33      8      4     27     11     13     42     21     -5     34     59     38     62    126
