    29    -24    -27    -26    -22    -10     -8    -23    -44    -47    -47    -57    -58    -27    -13    -14      0     -6    -43    -30    -23    -76    -95    -77    -57    -51    -43    -24    -22    -11    -11    -17
    37     -7      0     10      9     11     17     22     18     16     20     20      4      7     17     16     14     31     25    -12    -20     -3     13     10     23     30     -5    -15     -1     16     14     18
    29     14     29     26     10      5     11     12      7     11     21     22      7      9     19     17     15     32     23    -19    -20      7     24     18     30     44    -10    -29      3     17     16     18
    36     48     52     26    -13    -20    -15     -2     -5     -7      7     18     10      9     13      9      8     23     13     -6      2     20     27     20     22     41      4    -35     -5     14     15     17
    33     27     27     37     24     21      0     -3     -1    -13     -4     14      7      8     22     25     23     32     27     12     12     17     15     18     13     28     32     -9    -10     10     16     17
    27      7      5     14      6     14     19     22     33     20      0      5     18     45     68     51     17      7      8     -9    -10     11     12     13     15     28     40     16     -6      0     14     16
    32     -6      4     18      2      6     19     12     21     40     44     44     48     33      0    -40    -76    -81    -58    -50    -33      5     16     10     17     39     34      8      0      7     38     26
    47    -16     21     46     -1    -19     19     20     15     19     54     76      5    -64    -63    -45    -37    -24     -4    -12    -20      0     12     13     19     47     42      7      9     48     61    -18
    72    -30     28     48    -15    -46      4     22     20     16     43     58    -12    -40      5     21     15      7     28     46     13      0      5     12     16     29     32     20     40     56    -27    -75
    97    -39    -24     10     16    -24    -22      9     23     32     29      9     -9      3     22     35     24     -2     21     76     47     10      3      7     15      9     19     50     54     18    -53    -16
   109     -3    -69    -14     65     14    -46    -17     26     31     -8      4     53     85     86     73     45     41     50     68     76     46     17     17     33     36     46     83     32      0     10     14
    88     43     16     10     47     54      2    -28      5      5    -10     64    106     84     89     92     86     88     71     47     60     69     37     26     49     46     15    -18    -48    -21     11      9
    65     33     65     33     18     62     63     -2    -23     -5     10     35     35     18     27     52     41     26     22     12     14     47     63     41     41     18    -17    -47    -30      8     23      9
    68     22     28     28     28     37     53     20    -27     -7      6     15     20     20     31     34    -23    -30     11     11     11     35     72     42     13      9     11     23     27     23     26      7
    65     11     11     19     15     21     41     51     12     -8    -13     -4     -3     23     29     11    -11    -30      3     15     16     21     31     16     -3      4     22     31     31     22     22      9
    65     16     12     16     13     17     21     51     52     -2    -38    -17     13     14    -29    -44      7    -18    -14     13      4     -4     11     43     43     31     31     28     25     19     23      9
    63     11      5     12      9      6      4     21     54     38    -21    -23     34    -17    -18     64    114     52    -16    -11     -5      0     11     54     66     56     28     10     11     12     26     12
    56      8     12     24     16      7     14      8     35     72     44    -29      8     14      8     31     46     57      5    -16      6     11    -11     31     60     50     15     -2      4     10     37     41
    64     24     16     13     18     19     19      0     14     60     92    -11    -36     21      1     -8     14     32     14     18     35     23      3     28     46     34      4     24     61     58     74    103
    62     19     18     25     20     10     15      5     -1     30     92     34    -37      6     20      8      1     -7     13     31     22     15     11     23     36     45     29     49     68     29     10     62
    60     22     26     25     -7     -9     32     34      0     -8     42     51     -1      5     19     -3    -21      3     33     16      4     19     18     27     39     48     23     -4    -17    -30    -39      8
    60     21     11      5     17      9     13     28    -18    -65    -17     38     20     -1      3      4     27     50     31     14     18     23     15     17     34     41     18      6      5     10    -13     -4
    54     12      2      5     49     38    -13     16     35    -23     -6     45     66     42     25     24     30     17     -2     19     23     15     18     25     54     51      8     21     33     24      4     -8
    59     26     19      1     14     39      0      7     84     25    -14     13     22     30     22     15      1     11     19     23     23      7     11     21     39     36      8     53     50     17      8     10
    56     18     26      4      0     49     32     -5     67     71    -18      0     10      7     13     12     11     26     37     36     44     40     20      3      5     41     57    100     63     24     -2     22
    50      0     18      9     -5     44     34    -20     18    105     43      1      9      2     16     31     34     19     13     18     27     43     30      4     14     65     69     82     51     28      2     17
    54      8     13     21     11     40     42     16      5     65     61    -30    -25      6     28     27      8     -4      2     11     11     10      7      5     32     48     34     60     47     25     17     10
    68     25     26     40     21     13     39     25    -21    -25     25     10     16     21     28     11     -2      0      5     12     14     11      8      4     31     37     23     42     31     22     27     15
    61      3     18     12    -35    -39     11     13      3      3     51     52     20    -13      4      8      6     13      3     -2     24     38     26     12     26     37     23     36     25     19     17     14
    64      5     11      6    -16    -13     17     30     32     28     56     28     -5    -27     -6      7      6     10      7     -2      8     32     33     21     22     25     20     43     34     21     15     13
    67      9      5      4     19     20     21     27      9      9     42      4    -10    -13    -14      4     12     11     12      5      3     11     13     22     26     11     13     55     45     20     19     16
    13    -10    -13     -8      4      9     -1     -5    -15    -32    -27    -24    -11     -2     -7      9     12      1      8      4     -1      3      4      2     -4    -28    -40    -18    -15    -32    -20     36
