    64     36     33     29     26     34     47     50     39     39     40     30     11     21     34     28     33     53     33     37     78     48     20     19     22     19     11     28     23     28     30     19
    57     14     13     19     19     17     17     16     11     11     15     15      7     14     23     16      6     23     38     44     26      0      7      5     11     20     18     11      8     19     19     16
    36      5     19     30     23     19     19     13      4      5     14     15      8     12     22     15      6     27     52     43      1     -7      4      8     18     35     19     -7      9     19     19     17
     6     10     44     57     26     15     10      9      4      0      6     12      9     15     24     16      6     26     48     30     -3     -2      8     13     23     43     16    -16      6     17     18     17
    18     18     32     38     17     23     19     13     10     -5     -5      9     11     12     18     15     11     29     47     31      9      7      8     15     26     32     10     -9      2     15     18     17
    34     26     40     37     16     11      8     11     24     11     -5      0      0     12     42     48     37     40     53     34     10     12     10     17     28     22      4      3      6     10     19     19
    45     25     37     34     20     13     18     11      9     11      8      5     24     62     74     63     38     21     22      4     -5     11     16     18     28     28      7      0      5      6     13     39
    59     18     29     47     29      0     19     19     15     10     15     48     62     35      7     -4    -11     -7      0     -9     -8     12     18     20     24     31     19      2     -5     12     61     64
    75      6     38     71     27    -13     14     22     24     13     17     59     26    -28    -18    -20    -29    -20    -19     -7      4     14     21     27     30     33     16      2      4     63     78      8
    88     -1     40     52     13      2     10     19     20     15     28     38    -15    -28    -18    -22    -17    -34    -44      1     16     15     25     26     35     26      0      0     30     71      1    -30
    73     20      3     -7     34     33      0      4     14     21     14    -30    -55    -19     -6     -9    -21    -42    -30      0     21     26     25     22     30     13     -4     28     49     15    -12    -13
    29      3     -7    -14     28     36     18     -2     10     12    -34    -44     -8     -5     -1      0    -15    -12      7      7     19     43     34     20     39     37     34     39     14    -21    -15    -19
    17    -25      1     14      2     20     38     15      0     -4    -19      3     16     13      6     16     18     12     20     16     16     36     40     29     43     33     20     -4    -29    -25    -14    -17
    27     -9      0      3      7     24     36     27     -4    -11     -9      5     13     14     23     52     16    -12     18     20     20     32     49     39     17     -3    -17    -19    -17    -19    -12    -16
    37     -1     -1      1      1     12     29     31     10     -1      0     11     15      8     39     39      2    -10     15     20     26     48     55     27     -8    -20    -19    -17    -10    -19    -15    -18
    38      3      0      2      0     11     19     23     32      8     -6      0      7     40     54     -9    -13     -3      6     27     28     37     23      6    -10    -18    -17    -12    -12    -20    -17    -19
    43      7      3      1      2     12     11      6     28     13     -3    -15     25     18    -39    -31     28     38     12     21     15     23     11      2     -8     -1     -8    -15    -17    -23    -18    -15
    44     -2     -3      4      6      0      3      0      5     13     22    -11     20     14    -17      4     21     34     26      2     11     37     10     -5     -4      7     -6    -22    -28    -27    -21    -12
    40      4      5      4      0      1      4     -3     -9      8     42     11     -3     20     11      9     15     28     12     -7     25     37     13      2      1      3    -28    -44    -31    -26    -22     10
    43      7      1      2     11      4      0      0    -10      0     36     27    -12      0     13     21     33     16     -7     11     32     26     18      8      0     -1    -31    -25     10      3    -24      8
    42      5      8     23      6    -18      2     16     11     11     25     18     -7     -3     18     27      9     -9      6     24     16     18     17      9      3     11      1      4     10     -9    -29      0
    43      6     12     10     -5     -8     12     35     35      0      1     12      3     -6      4      1     -8     11     22     14     15     20     20      7     -1      0    -13    -10    -12    -15    -19      1
    45      3     -1    -15      0     18      0      5     27     -4    -13     -2     13     10      9     10     22     31      6     12     18     12     12      0      2      8    -26    -27    -17     -9    -13      6
    36      7      3     -5     -4     14     -7    -16     30     23      0     15     13     21     20     16     16     12     12     24     21      7      4      1      9      7    -46    -24     -6    -18    -15     12
    39      4      6      0    -10     16      1    -15     20     44      2     13     20     18     17      8      3      3     15     19     19     20     13      4     -3    -21    -48      6      6    -18    -18     -2
    47     -3      7      5     -3     29     22    -19    -11     37     21     11     23     10      2      3     21     22     20     19     12     20     25      0    -12    -13     -3     27      2    -17    -16    -11
    41     -4      4      0      5     42     29    -11     -1     30     65     16     -3      0      3     17     23     18     23     25     20     21     16      0     10     13     10     28      2    -17    -12     -9
    38      6      1      2     29     44     30     24     19     12     40      1      3      3     10     16      9      9     18     25     18     17     11      3     22     23     19     29     -8    -23    -10     -4
    53      9     16     30     31     16     15     10     -2     12     33     27     29     -5      0      3      4     16     19      4      6     22     12      9     22     26     27     24    -13    -20    -14     -9
    52      2     10     21     13      4      8     -3      5     30     47     44     16    -18     -7     -1      1     14     21      5      4     19     15     16     21     24     25     13    -13    -17    -16    -15
    51      2      1      0      6     20     12      9     15     24     50     32     -8    -13    -12     -8      1     14     19     11     17     20      9     12     19     18     14      9     -5    -18    -18    -17
    31    -10    -11    -14     -1     17      8      0     -3     12     22    -16    -38    -23    -23     -9      8     13     10      9     19     12      0     10     12     -1     -6     -8    -27    -46    -51    -58
