    80     20     14     13     17     37     55     48     24     19     22      3    -19      6     24     21     45     52      4     37     90     39      7     12     25     15      2     14      8     20     20      0
    82     -3      0     10     16     33     50     40     15     10     16      0    -24      0     18     15     38     53     29     43     41      1     -5     -2     27     38      6    -14     -5     18     15      0
    50    -11     21     39     31     39     51     41     16     13     22      2    -21      0     20     18     38     59     45     26     -1     -7      0      1     41     76      9    -47     -7     19     15      0
    26      5     46     52     20     30     40     41     23     13     20      2    -17      3     18     15     35     59     41      0    -19      0      8      8     48     92     11    -66    -15     18     16     -1
    32     21     48     49     20     33     27     26     27     16     13      1    -16      2     26     30     49     69     46    -11    -23      4      8     13     51     81     12    -53    -21     11     17     -1
    49     29     51     39     10     20     16     12     22     24     19      6      5     52     96     94     83     80     44    -35    -50     -3      6     15     53     71     15    -32    -21      0     16      0
    67     17     45     41      6      3     13      3      7     25     46     58     79    115    117     82     42     30      0    -77    -81    -18      3     12     51     75     25    -22    -20      2     48     23
    90    -13     46     76      6    -31     10     12     11     20     67    128    108     63     56     34      0     -1    -16    -79    -81    -27     -5     11     49     82     42    -13     -6     61    126      7
   141    -45     56    105     -9    -67     -4     16     18     20     86    153     68      0     30     23     -7    -23    -39    -46    -49    -28     -9     13     53     72     33     -3     40    143    111    -90
   192    -41     29     61     -7    -53    -32      2     15     28     89     91    -21    -37      5      6    -19    -65    -71    -15     -8    -16     -7     16     56     42      1     21     98    150     33   -138
   193    -11    -24    -13     20    -11    -52    -26     14     32     33     -8    -58    -30      3      0    -39    -80    -57     -4     21     21      7     31     77     51     24     81    125     96      4   -140
   160     -1    -20    -23     15     10    -26    -40      7     18    -18    -17     -2      1     18     16    -20    -35    -10      5     29     54     34     53    113     87     60     73     66     36     -9   -146
   134     -5      9     -1     -8     17     17    -19    -10     -1    -21      5     21     16     32     49      0    -26      1      3     18     55     68     90    123     80     43     27     18     22     -8   -148
   130      3     14      4     -4     17     32      7    -22    -17    -12     19     32     32     67     82    -21    -55      2      4     20     63    111    127    100     48     26     23     26     25     -7   -149
   131      7     12      8      0     13     30     29      1    -21    -18     16     24     55    113     74    -32    -62     -2     14     31     71    113    121     69     23     21     28     33     25     -9   -151
   133     16     14     12      5     15     17     31     38    -12    -45    -10     30     64     59     -7    -23    -34    -11     24     32     47     78    109     70     33     30     34     32     21    -12   -150
   136     13      7     13     11     12      0     12     43      9    -44    -41     48     34    -27     -8     46     28     -4     13     23     35     53     99     82     60     39     23     15      9    -12   -143
   131      6      6     19     17      6     -3     -6     17     35      8    -45     34     26    -35      3     50     52      7     -9     27     39     30     82     94     72     19    -12    -18    -18    -19   -118
   128     13      9     13     16     12     -1    -22    -15     43     69    -12     -3     18    -22      0     46     47     -6     -9     50     38     24     78    101     68    -18    -33      0     -7    -11    -65
   126     15     14     28     21      2      0    -20    -31     40    103     29    -24      1      0     18     41     11    -20     16     52     26     26     75    104     77     -5      4     48      0    -32    -55
   123     16     26     44      7    -20     19     19    -11     25     87     50    -13     -5     12     14      3    -10      4     33     36     23     32     73    110     87     16     23     34    -29    -59    -73
   126     18     21     18      2     -2     24     41      0    -27     25     30      0     -9      4      2      8     25     26     35     35     24     29     60    108     88     17     27     25    -24    -46    -84
   121     14      6    -12     12     31      3     24     29    -34     -9     22     23     16     14      9     23     28     11     39     41     15     18     48    116     91      3     31     36    -14    -28    -86
   112     18      4    -28     -3     40     -9      0     70      9    -25     17     18     25     21      9      4      0      5     36     36     10      5     39    102     60    -21     62     62    -14    -20    -86
   114     13      6    -35    -21     50      3    -20     67     58    -29      1     18     14     11      2     -3     -6     13     32     32     23     10     21     55     16      3    126     85     -8    -21   -101
   114     -3      0    -40    -31     57     18    -36     33     90     27      6     17      6      5     11     12      1     17     31     29     33     18      6     31     15     53    159     87      0    -17   -117
   105     -6     -9    -43    -18     59     29     -6     37     86     74     -7    -11      4     19     26      5    -11     12     34     33     29      3     -4     37     29     78    164     79      3    -10   -124
   113      9      2     -8     18     45     32     28     27     39     55     -6      1     10     33     25    -11    -16      6     20     27     27     -7     -8     43     45     99    156     61      6     -2   -123
   125      6     13     19      8     -4     17     25     11     34     61     36     20    -11     24     16    -16     -5      5     -4     19     37      0      2     42     55    112    138     47     10     -2   -127
   133      2     10     13    -10    -18     20     32     25     52     88     59      0    -34      6      5    -13      3      8    -12     16     40     13     21     41     52    104    121     47     14     -5   -134
   137      3      4     -4    -13      1     30     42     26     52    104     45    -34    -40    -15     -4      0     16     11     -8     21     33     11     32     47     39     80    112     58     14     -8   -136
    47    -38    -37    -41    -38    -24    -14     -9    -22    -14     -6    -62    -98    -75    -55    -34    -21    -17    -23    -30    -12    -12    -20      0      2    -20    -14     -8    -50    -83    -91   -132
