    23     56     52     48     41     31     27     40     55     56     55     70     71     49     41     42     29     44     65     28     13     36     46     40     38     55     58     53     46     39     40     56
   -55    -24    -28    -26    -30    -58    -97   -106    -99   -103   -106    -60    -17    -22    -26    -27    -73    -86    -58   -104   -156   -162   -142   -121   -118    -65    -14      1    -12    -19    -18     27
   -91    -69    -65    -42    -30    -53    -91   -101    -93   -101   -109    -64    -22    -25    -28    -27    -72   -100   -107   -147   -167   -172   -146   -126   -146   -115    -32      8    -13    -19    -17     28
   -80    -81    -97    -82    -62    -77   -104   -109    -90    -89   -100    -63    -24    -25    -26    -27    -70   -118   -154   -169   -165   -158   -131   -116   -167   -182    -67      9     -6    -18    -16     29
    -9    -27   -101   -136   -144   -152   -159   -159   -134   -105    -95    -61    -24    -31    -37    -36    -72   -131   -165   -148   -136   -130   -112   -106   -182   -231   -122    -17     -1    -14    -18     30
    11      1    -68    -96   -122   -158   -181   -199   -191   -155   -116    -68    -40    -44    -35    -12    -26    -89   -116    -90    -97   -113   -103   -107   -186   -235   -147    -45     -7     -8    -18     31
    -6    -16    -85   -101    -99   -124   -141   -158   -183   -185   -163   -108    -54    -45    -50    -48    -63   -121   -127    -71    -71    -96    -95   -109   -189   -224   -150    -62    -19    -17    -36     55
   -27    -27   -115   -124    -74    -94   -130   -131   -135   -154   -185   -163   -122   -164   -249   -286   -294   -314   -259   -130    -71    -70    -72    -97   -180   -227   -164    -77    -40    -41    -41    110
   -49     -5   -127   -152    -60    -54   -106   -125   -120   -129   -211   -268   -274   -326   -396   -401   -379   -371   -326   -206    -99    -59    -52    -74   -151   -204   -177   -105    -85    -88   -101     94
  -112     -3   -122   -206   -118    -43    -56   -104   -119   -130   -239   -331   -340   -372   -408   -396   -354   -319   -301   -245   -153    -83    -60    -79   -142   -177   -176   -148   -171   -231   -245     21
  -231   -109   -158   -243   -207    -87    -27    -63    -98   -121   -236   -330   -346   -370   -392   -379   -331   -255   -229   -223   -191   -137    -91   -114   -164   -157   -148   -152   -246   -333   -298      5
  -308   -249   -219   -235   -256   -183    -74    -38    -66    -97   -170   -196   -184   -198   -246   -270   -223   -145   -107   -119   -155   -161   -123   -151   -188   -139   -105   -147   -266   -343   -304      6
  -258   -246   -213   -198   -229   -234   -145    -56    -56    -62    -44    -36    -22    -28    -83   -101    -39     -6     -1    -10    -78   -146   -156   -197   -243   -233   -232   -285   -345   -381   -311      8
  -195   -167   -173   -166   -176   -213   -189   -107    -62    -27     -2     -6    -10    -19    -64    -54     22     28      8     11    -35   -124   -176   -237   -293   -335   -367   -384   -390   -394   -313      8
  -171   -138   -145   -134   -143   -190   -224   -179    -97    -10     17      7     -5    -40   -102    -95      2     32     12      7    -21   -107   -209   -289   -325   -348   -369   -384   -389   -394   -317      3
  -176   -140   -138   -123   -121   -154   -204   -219   -156    -40     11    -17    -42    -77   -147   -164    -76     11     23     10    -22   -121   -273   -371   -377   -364   -359   -375   -385   -392   -315      5
  -178   -141   -141   -129   -119   -131   -161   -220   -220   -121    -13    -17    -62   -128   -203   -249   -186    -62      0      0    -41   -114   -250   -363   -389   -374   -358   -369   -383   -394   -319      5
  -185   -153   -155   -149   -138   -139   -137   -187   -237   -207    -61      0    -72    -85    -59   -104   -156   -120    -62    -46    -77    -97   -189   -301   -365   -375   -365   -379   -393   -402   -348    -29
  -191   -151   -142   -147   -147   -136   -111   -126   -178   -249   -143    -33    -66    -56     -4    -29   -104   -122    -92    -86   -119   -118   -173   -259   -339   -356   -344   -364   -373   -356   -331    -57
  -182   -148   -146   -147   -130   -122   -102    -70    -89   -218   -226   -115    -91    -85    -48    -41    -77    -96    -73    -82   -118   -126   -171   -249   -338   -335   -274   -257   -237   -176   -181     -4
  -181   -155   -155   -150   -123   -116   -114    -50     -8   -119   -224   -177   -117    -98    -79    -81   -111   -109    -79    -93   -125   -139   -180   -256   -352   -331   -242   -215   -198   -117   -100     42
  -175   -151   -170   -193   -164   -128   -120    -77      1    -54   -180   -197   -144   -107   -107   -121   -132   -102    -88   -113   -134   -147   -182   -264   -375   -376   -331   -337   -314   -198   -130     54
  -172   -152   -170   -194   -194   -161   -151   -175   -109    -62   -134   -181   -161   -126   -103    -87    -78    -67    -75   -109   -121   -134   -179   -275   -401   -396   -372   -399   -367   -250   -177     54
  -179   -166   -144   -127   -175   -186   -156   -209   -184    -69    -40    -80    -91    -93    -77    -58    -73    -79    -92   -118   -117   -114   -137   -236   -384   -392   -397   -438   -390   -283   -236     27
  -158   -149   -127    -79   -138   -181   -120   -160   -224   -132    -49    -58    -69    -77    -75    -65    -64    -59    -82   -122   -133   -122   -109   -184   -336   -359   -401   -459   -403   -297   -272      3
  -143   -126   -113    -42    -87   -146    -75    -77   -204   -204   -115    -73    -75    -79    -77    -66    -33    -10    -29    -61    -91   -104    -94   -146   -254   -248   -330   -432   -399   -315   -274      8
  -150   -123   -101    -28    -64   -128    -77    -26   -109   -182   -140    -88    -85    -87    -70    -49    -20    -10    -31    -45    -52    -69    -63   -103   -156   -143   -274   -405   -391   -335   -275     18
  -147   -108    -76     -4    -24    -95    -82    -29    -40   -154   -190   -150   -111    -89    -83    -68    -41    -37    -56    -71    -86    -87    -50    -76   -117   -122   -262   -385   -377   -348   -287     16
  -134    -91    -54      0     -1    -65   -100   -100    -94   -187   -210   -165    -95    -74   -104    -94    -63    -51    -55    -72   -112   -115    -59    -69   -105   -138   -287   -385   -372   -347   -294     12
  -160   -115   -106    -92    -77    -92   -123   -118   -102   -173   -201   -180   -111    -92   -117   -103    -76    -73    -56    -44    -89   -105    -66    -70    -95   -152   -313   -402   -384   -358   -300      9
  -178   -129   -129   -131   -114   -109   -118    -98    -90   -173   -238   -225   -154   -122   -123   -113    -95    -97    -70    -42    -74    -83    -70    -88   -100   -155   -316   -411   -395   -369   -305      6
  -192   -181   -165   -146   -127   -126   -139   -146   -149   -226   -319   -320   -251   -193   -158   -133   -117   -119    -96    -72    -91    -97    -95   -119   -140   -185   -312   -422   -448   -440   -381   -108
