    48      1     -3     -6      0     18     38     30     13     10      9    -15    -31     -6      5      5     38     35    -15     18     52      4    -15     -8      1    -13    -14     -3     -4      4      5    -17
    55    -10    -10     -8     -1     16     33     25      9      7     10    -13    -29     -7      3      4     34     34      5     25     17     -2     -1      2     19     11     -8    -26    -11      5      3    -16
    38     -4     10     12      2     15     27     17     -2      0     10    -11    -27     -7      4      2     29     40     28     11    -11     -1      6      9     37     45    -17    -53    -13      5      3    -16
    15     11     45     37      8     14     20     10     -8     -8      4    -12    -25     -4      2      0     26     47     32     -7    -17      8     15     13     51     68    -21    -68    -21      3      3    -17
    17     14     41     30     16     29     24     16      2     -7     -3    -13    -22     -5      5      6     31     54     33    -13    -12     15     17     18     54     64    -15    -60    -27     -1      4    -17
    29     17     38     20     10     20     17     20     23     12      1    -14    -15     24     50     45     43     51     22    -33    -27     10     15     21     54     51     -7    -40    -28     -8      3    -18
    43     14     33     20      4     11     19     12     14     24     27     21     42     79     84     60     32     26     -8    -70    -54      0     11     19     52     55      1    -33    -28     -9     20     -8
    62     -4     38     47     -7    -18     18     18     13     21     59    100     87     56     52     35     13     19    -10    -68    -57    -12      1     13     47     61     16    -28    -23     28     88    -44
    87    -32     57     78    -30    -51      2     23     23     25     92    142     59     14     41     28      6      4    -14    -31    -29    -17     -4     11     46     55     14    -18     21    112     88   -131
   118    -33     50     56    -24    -51    -26     12     25     41    115    108     14     13     40     30      9    -34    -26     11      5     -6     -5     14     49     32      0      7     97    131     18   -160
   147      4      2     12     24    -24    -51    -16     22     52     74     20     -8     27     49     41     -3    -45    -18     24     33     19      1     25     60     22      8     62    119     83      2   -158
   130     24     -4      7     33      7    -34    -34     13     28     -1     -2     12     21     40     33     -8    -20      0     12     37     45     21     48     89     57     45     72     68     43     -6   -160
   102     11     22     17     11     27      5    -25     -8     -7    -16      9     17     15     29     34     -5    -17      1      0     20     48     48     85    108     74     52     40     34     38     -3   -156
    96     13     22     12     12     33     30     -4    -24    -28    -17      6     16     15     57     57    -32    -40      0     -1     13     51     86    108     87     49     37     36     40     42      1   -155
    98     15     17     10      8     24     40     23     -7    -31    -23      4      9     31     92     46    -48    -50     -9      2     21     63    102    106     60     29     28     38     43     41      0   -156
   100     18     15     10      7     21     30     41     30    -25    -41    -13     13     71     70      7    -26    -36    -19      7     21     45     80    102     64     35     33     41     42     39     -3   -154
   104     17     13     11     13     18     11     35     51      1    -46    -32     39     33    -17     12     48     11    -11      0     11     23     56     91     77     61     44     37     34     34     -1   -149
    99      9     10     19     17     10      2     19     37     44    -12    -33     33      7    -30     12     49     35      0    -14     22     24     31     72     87     72     34     14     12     15     -1   -133
    96     14     12     15     14     14      1     -5      7     65     47    -14      4      5    -19      1     37     35    -14     -6     45     24     24     68     92     59     -7    -18      1     -7     -9    -98
    97     18     14     22     20      6      1    -19    -21     54     84     13    -17     -3     -4     14     35      4    -23     22     46     17     26     66     95     54    -20     -6     21    -28    -44    -94
    96     19     31     42      3    -10     14     -5    -28     25     72     25    -17    -10      6     13      2    -15      2     30     28     15     29     65    102     71     11     22     21    -49    -64   -107
    96     21     33     29      2      3     26     19    -23    -28     25     23     -6    -14     -5    -10    -10      5      9     18     21     16     29     61    105     74     23     36     24    -34    -52   -115
    93     21     11      0     21     27      7     21     -6    -47    -23      8      5     -1     -7    -12      6      3     -8     16     14      4     12     53    116     80     18     43     38    -15    -32   -120
    88     26      5    -17     12     32    -12     15     37    -21    -39     -7     -4      0     -5    -12     -6    -15     -3     23     12     -6     -4     43    111     58     11     77     61    -14    -11   -125
    87     19      5    -32     -4     37    -11      0     65     22    -37    -18     -7     -9    -11    -15    -20    -22     -1     15     14      2     -3     25     70     16     37    133     79     -7     -9   -134
    83      5      4    -39     -8     48      2    -27     52     59     -2    -18    -15    -20    -18     -5     -5    -15     -3      2      0      5     -3      4     33     11     83    157     80      5    -13   -142
    75      2     -4    -42      2     58     11    -13     39     73     40    -32    -38    -22      0     14     -5    -17     -1      5      0      0    -21     -5     32     25     99    157     75     15    -10   -145
    79      9     -9    -21     18     40     21     30     26     50     30    -29    -24    -12     19     17    -13    -18      0      6      6      3    -27     -4     38     39    112    143     59     17     -2   -147
    90      8      8     11      5     -2     21     31     15     43     35     14     -9    -22     16      8    -14     -5     -1    -11     12     18    -15      5     39     53    122    126     50     20     -2   -152
    96      6     15     18    -10    -10     23     28     25     52     62     40    -23    -34      5      0    -12      5      2    -15     14     24      2     20     38     58    117    112     53     26     -4   -155
   100      7      8      1     -9      8     33     40     26     56     88     31    -39    -33    -11     -9     -4     14      5     -6     21     21      9     34     45     51     97    109     61     26     -6   -155
    55      2      0    -11     -2     13     27     25     11     45     58     -2    -32    -24    -16     -3      7     17      4      3     22     11      8     32     30     22     52     65     30      5    -22   -124
