   -34     19     19     19     12     -8    -23     -6     18     20     19     46     56     21      7      8    -20     -7     39    -11    -44     10     38     26     15     34     35     23     18      8      8     36
   -34     28     21     10      3    -12    -21    -10      5      4      0     20     33     12      2      4    -16    -23    -15    -20      2     18     16     12    -13     -7     27     40     20      1      4     25
   -18      9    -14    -10      3     -3    -16     -5     10      2     -5     17     31     11      1      3    -16    -33    -30      2     29     14      8      8    -34    -42     42     67     18      2      3     25
     0    -12    -53    -34      0      1     -3     -4     10     10      1     18     27     10      3      3    -15    -36    -20     21     30      9      3      3    -40    -60     36     81     28      3      4     26
    -3     -6    -30    -21    -11    -21    -12    -14     -8     13     14     20     27      9     -2     -2    -18    -40    -14     32     28     10     11      0    -37    -45     16     60     38      9      3     27
   -13     -6    -22     -3      8      0      1     -7    -24    -15      5     19     13    -22    -44    -25     -6    -11     16     71     59     20     13     -2    -38    -32     11     35     37     21      3     28
   -21      4    -20     -6     21     12      3     12      5    -20    -36    -28    -39    -58    -44     -5     31     36     67    118     92     34     14      0    -39    -44      5     38     34     15    -22     39
   -24     33    -29    -34     41     45      2      0      5     -2    -60    -95    -47     -4      0     14     27     15     37     90     83     45     24      5    -33    -53    -12     34     24    -31    -72     98
   -37     70    -43    -52     66     85     19     -4     -2     -3    -73   -102     -5     30    -12     -7     12     25     22     28     47     45     31      5    -28    -34     -7     21    -34    -91    -25    182
   -84     78      3    -19     41     81     56     12      1    -15    -71    -41     27      9    -14     -9     13     59     39    -19      0     28     26      1    -25      2     12    -14    -87    -82     43    184
  -119     17     67     32    -24     33     88     49      6    -11     -8     27     28    -20    -39    -26     19     47     21    -20    -40    -17      9    -15    -36      5     11    -54    -72    -22     33    161
   -89    -14     24     27    -18    -13     48     68     18     17     50     20    -13     -8    -24    -21     10     10     -2     -1    -35    -55    -18    -39    -63    -29     -7    -10      5     15     37    165
   -61      5    -17      0     14    -19     -8     46     41     39     35      0     -7      4    -14    -13     27     25     12     15     -5    -45    -52    -64    -69    -32     -5     20     24      1     30    166
   -61      5     -3      7      7    -15    -25     17     56     50     28      2     -6     -9    -49    -34     68     64     14     12     -3    -44    -83    -75    -34     -7     -1     -6    -10     -8     28    167
   -65      8      5      9     10     -3    -25    -18     28     59     38      8      3    -35    -64     -9     75     72     19      5    -13    -50    -85    -69    -13      5     -4    -14    -14     -6     33    166
   -69      2      5      9     10      1     -1    -28    -20     52     72     26     -7    -48    -28     23     29     56     35      3     -5    -20    -58    -76    -43    -16    -11    -16    -10     -2     35    165
   -70      5      6      5      7      6     19     -8    -33      7     81     50    -32     11     54    -13    -75    -21     30     20      5      1    -33    -71    -65    -47    -19     -3      1      1     26    161
   -66     12      8     -5      0     11     21     13    -12    -44     23     66     -9     23     53      0    -41    -39     10     27    -10     -7     -6    -48    -70    -47     -3     14     14      7      3    123
   -65      2      5      3      1      6     20     38     18    -60    -54     41     36     14     38     21    -14    -14     26     10    -33    -10     -7    -45    -70    -25     38     25     -2     10     -8     60
   -66      2      2     -2      7     14     18     44     40    -43    -88     -5     46     20     11      2     -6     25     34     -9    -22      0    -12    -45    -70    -28     35      6    -20     37     39     72
   -64      0    -15    -20     31     38     -5     12     42     -4    -61    -25     30     20     -1      0     20     25     -2    -17     -6     -3    -16    -46    -76    -45      0     -4     11     73     73    104
   -62      0     -5     -3      9     16     -9    -22     38     56      1    -26      2     19      9     13      3    -12    -14    -14    -11    -12    -16    -43    -79    -43     -5    -13      4     46     55    123
   -62      2     18     25    -22    -22     15    -25     -4     59     31     -8    -25    -13      0      4    -16     -6      8    -18     -9      3     -4    -42    -99    -50      0    -23    -13     28     26    137
   -58     -7     14     39     -6    -29     24    -15    -68     20     44      9      2    -10     -2      8     13     13     -5    -28    -16     11     12    -30    -87    -28     -3    -65    -35     32     14    132
   -52      2     10     49     10    -37     15     14    -82    -38     45     17      7      7      7     12     23     19     -7    -18    -24    -17      3     -8    -36     -1    -46   -121    -50     23     27    136
   -49     19     14     52     18    -40      9     48    -32    -84     -8     18      6     15     15      5      7     13      2     -2     -5    -18     -1      3     -8     -6    -83   -126    -41     10     34    148
   -48     17     26     46      7    -39      0     25      0    -68    -51     30     31     12      0      0     22     27      1     -9     -5     -1     24     10    -17    -12    -75   -105    -33      6     26    154
   -52      6     23     26      0    -11     -9     -9     14    -13    -21     17     18      6    -11      7     34     29      8     -7    -16     -3     30     12    -21    -23    -79    -85    -15      7     16    152
   -60     15      6      4     33     38      2      0     12    -21    -32    -23     17     36      3     16     29     13     17     24    -15    -22     14      6    -15    -35    -85    -71     -9      4     21    155
   -64     18      6      4     33     32      0      0     -3    -40    -56    -22     43     56     18     18     22      4     14     29     -3    -15      0     -6     -8    -28    -76    -67    -16      0     26    158
   -69     15     17     25     17      2    -10    -10      1    -36    -65      6     60     51     33     18      7     -3     13     21     -4      0      4    -16    -12    -10    -54    -73    -29      0     28    156
   -31     11     15     24     15      6      5      3      9    -12    -21     26     45     33     32     14      2      4     16     19      8     14     15     -6     -6      7     -7    -26     -9     10     23     78
