   -22     13     15     14     18     15      9      3     17     22     20     13     33     26      9     15     20     -6     21     45     -5     15     39     37     29     16     32     12     22     13     13      6
   -42     17     19     13     13     11      0     -6      5     13     10      5     29     23      4      9     11    -12     16     25      0     35     40     44     33     12     18     20     28      8      8      4
   -38     26     24     10     15     13      2     -5      4     12      5      4     27     23      3      7      9     -8     10     15     31     49     40     42     39      2      0     43     30      7      8      4
   -17     18     12     -5     27     26     17      7      9     14      6      5     27     21      3      8     10     -2      4     24     57     54     40     40     40     -7     -8     59     35      8      8      4
    -5     14      7    -10     28     21     21     24     21     22     14      8     24     23      6      9      9      0      0     34     69     55     44     43     35    -10     -4     53     38     12      8      3
    -8     17      5      0     34     30     28     31     25     26     21     14     29     24      0      0      6      6      0     40     83     60     46     44     30     -7      3     40     34     20     11      1
   -22     23     11      6     30     43     36     39     34     28     22     18     24      4     -8      1     24     36     22     59     95     64     46     42     29     -5      4     33     31     26     21    -29
   -50     37     28      0     13     62     41     42     38     32     34      6     -6      9     11     10     32     41     28     63     93     60     47     40     29     -6     -2     27     42     31     -2    -68
   -98     56     41    -20     11     82     49     43     39     40     43    -24    -19     39     22     11     32     28     40     56     70     57     48     42     27     -8      0     23     56      0    -39    -36
  -130     65     36    -11     30     70     60     48     39     45     26    -46     10     56     30     22     25     30     62     43     40     49     43     45     19     -9     18     28     37    -45    -26      5
  -129     41     29     34     30     40     66     61     43     31      2    -20     31     34     15     12     13     43     54     27     20     24     32     44      8     -5     29     20    -11    -38     -6     10
  -115     15     21     44     18     26     47     68     46     13     12     15      9     10      2     -6      7     35     25     11     12      3     15     43     -4     -3     25     15     -5      3      4     17
   -98     15     12     16     24     26     24     49     48     12     29     16      1      4     14     -9      1     34     16     11     13      3      6     24    -21     -8     17     20     24     22      9     21
   -84     19     11      8     22     19     19     30     49     29     33     10     -2      1     16    -27      2     57     14     13     15      9      0     -9    -27     -4     12     21     23     24     11     24
   -76     19     14     10     19     16     16     22     38     36     39     14      1     24     -7    -31     14     62     22     12     15      6     -4    -23    -18      9     13     18     14     23     11     27
   -72     15     17     10     21     15     13     26     18     28     46     31     12     11    -29     14     38     48     37     11     12      2      4    -26    -16      9     10     12     11     24     13     29
   -74     12     20     15     20     15     15     32      6     24     33     59     13    -16      6     31     10      7     37     15     20      3     15    -25    -15     -2      5     14     17     27     19     25
   -75     16     21     15     12     17     16     28      8     26      5     65     18    -17     38     30      2     -7     11     29     26     -1     25     -9    -14    -20     -1     18     22     22     21     13
   -71     16     19     16     14     15     14     21     22     26    -15     35     35     -3     37     37     11    -12      5     44     11     -4     30      0    -13    -33      0     27      9     -7      5    -18
   -68     14     23     16      7     17     19     16     33     27    -26     -3     39     14     27     31      5     -4     30     36     -2      4     29      4    -10    -34     10     30    -13    -27      8    -30
   -66     14     24      8      6     37     22      6     25     25    -20    -17     28     23     16     12      6     17     29     14      1     11     22      7     -9    -33     16     28     -6     -5     32    -17
   -67     16     14      7     20     34     19      2      5     35      0     -8     14     25     11      6     14      5      7      5     -1      9     13     12     -6    -34     19     22      1     12     38     -9
   -66     20      9     18     27      7     11     17    -17     27     15     -4     -2      6      2      4     10     -9     12      5    -11      7      7     17     -6    -43     29     25      1     11     41    -19
   -60     15      8     22     37     -3      4     34    -20     -8     31     -1      0      0     -2      3      1     -3     12     -2    -12      5     12     19     -8    -47     57     24    -11     11     43    -32
   -62     16      9     18     52     -3      1     36     -3    -41     28     11     -1      1     -3      5      2      6      3    -13    -15     -6      7     18     -5    -24     75     -4    -29     17     33    -21
   -69     25     11     17     64      5      0     42     18    -40     -2     10     -6      1      4      8      0      9      5    -11    -12    -11     -8     22      3      4     64    -28    -31     22     20     -3
   -66     27     10     26     58      5      4     51     15    -11    -35     11     14      9     10      3      2     18     12     -6     -7    -10     -6     35      9     16     52    -38    -27     23     14      2
   -62     21     13     33     32      3     16     36     11     22    -29     25     15     14      8     -3     15     29     15     -2     -1     -9      2     43     11     18     38    -45    -15     23      9     -4
   -68     22     23     27     21     29     30     16     20     27    -13     21     -2     31     12      0     25     32     14     12     12    -14      9     38     10     19     20    -45     -1     23      7     -4
   -76     23     22     16     22     49     32     13     18     20     -7      0      2     48     21      7     29     32     15     30     28     -7     14     27      8     17      8    -36      2     21      6      1
   -80     24     20     16     32     41     30     11     14     29    -11    -14     30     49     31     21     30     29     17     42     34      3     22     23      2     14     10    -25     -5     21      5      6
   -53     27     26     27     39     34     32     15     17     20     -8     11     58     52     44     34     30     30     29     46     33     21     33     19      0     13     11    -11      5     31     27     47
