   -12     23     34     41     45     39     35     42     62     67     67     61     70     51     32     37     40     30     65     63      8     59     90     80     70     55     53     23     39     34     34     29
   -42     37     34     23     17      8     -9    -10     11     24     21     28     55     35     13     18      5     -7     40     12    -29     29     42     42     35     27     18     22     38     15     16     23
   -41     68     62     22      3    -13    -23    -14      8     19     11     22     52     35     11     15      3    -12     13      0     14     43     35     33     28      9      7     49     38     12     15     22
   -36     19     14     14     59     48     19     12     19     17      8     23     51     32     10     22     15     -3     -4     10     43     32     20     25     12    -19     26     89     42     14     16     24
   -12      5    -27    -42      9     10     19     41     57     44     16     20     44     37     16      7    -16    -37    -36      1     41     27     19     25     -1    -47     29    106     48     13     15     21
    -8     15    -14    -22     10      0     -3     -1     16     50     48     37     51     18    -35    -54    -70    -83    -73     -6     44     27     24     26     -2    -43     10     78     57     24     17     21
   -27     13     -1     -2      6     12     16     13     -1      6     33     40     18    -31    -36      5     43     49     32     71     81     29     18     19     -4    -25     18     57     50     40     27    -47
   -68     16     12    -16    -17     23     15     25     17      0     13      3    -20      1     27     35     59     65     73    125    114     37     18     12    -16    -41      4     55     66     35    -41    -88
  -117     26      0    -51      9     62     13     17     18     20      4    -72    -40     28      6     11     41     20     65    128    110     54     30     18    -16    -56     -2     55     88     -9    -81     29
  -109     87    -32    -47     77     80     13      5     10     20    -30   -101     30    106     53     44     48     55     85     86     91     72     45     34    -14    -48     14     63     33    -77    -24     99
  -127    129     34      9     64     96     66     19      6    -10    -66    -42     49     33     11     23     43     93     79     23     42     56     41     32    -23    -37    -10    -28    -91   -104      0    114
  -168     51     71     44      0     65     97     61     14    -20    -25    -11     -9    -33    -55    -50     -5     39     17    -18    -16      4     28     32    -32    -11     18    -24    -51    -16     25    120
  -143     16     26     28     13     19     51     63     25     -1     34     26     18     15     10    -29    -23     32     24     12     -8    -22      4     -4    -63    -12     39     35     23     20     32    120
  -117     22     10     13     21      9     33     60     48     25     42     14     -2      9     11    -32     16     70     26     25     12    -16    -29    -58    -83    -26      8     20     21     18     30    125
  -100     29     18     18     24      3      1     42     62     38     43     23     14     44    -35    -65     36     73     21     21     10    -21    -36    -39    -23      9     16     19     10     16     28    127
  -100     23     22     17     26      5    -16     14     44     59     53     37     30     -5    -36     81    155    107     34      5      0    -32    -40    -51     -6     27     14      7      5     17     31    124
  -106     17     32     37     35     16      6     11      8     77     64     52     11    -48    -33     14     32     66     65     17     19    -23    -49    -76    -24      7     13     15     18     34     53    129
  -102     28     27     20     22     24     18      5     -8     59     70     68    -15    -25     26     -3    -30      5     40     56     43     -1     -7    -53    -41    -34      0     37     51     54     87    157
  -104     21     22     17     22     20     20     11      0     19     43     84     18      8     68     34    -21    -44      8     58      2    -12     13    -34    -45    -52     -3     38     17    -17      6     80
   -97     22     33     15    -10     15     39     29     21    -14    -30     41     56     31     62     39    -14    -10     55     40    -24      0     19    -20    -37    -39     22     21    -36    -36      9     36
   -98     19     31     15     16     43     36     30     18    -37    -67      7     55     32     36     30     22     51     63     22      0     16     12    -21    -44    -34     63     72     25     53     80     53
  -103     12      4      8     63     65     24     45     56     32    -30     14     78     67     34     21     27      9      5      3     -4     13     13      0    -27    -37     41     43     27     73     95     55
   -89     30      6      7     37     35     20     43     49     51     -8    -30      0     28     17     16     20     10     34     13    -13     -4     -5     -5    -39    -53     45     41     16     54    105     66
   -94     17     17     27     34     10     24     37     31     49     40     -3     -1      7     15     23      9     16     42     19     21     30     11    -12    -62    -56     90     47      0     45     81     69
   -99      6     18     33     41    -13     10     11     -5     34     78     34     19     12     14     33     25     17      1    -24    -10     25     29      0    -60    -31     83    -33    -42     50     54     71
   -91     26     22     50     65    -13      8     34    -32    -19     53     18      2     20     21     21     10     24     13    -14    -19    -12     -1     13    -36    -19     24    -93    -52     49     45     81
   -84     40     16     61     64    -28      7     61    -47    -70    -17     49     49     42     35     13     13     37     32     17     12      0      3     31    -10      1     -4   -125    -59     42     51     96
   -92     18     17     41     -1    -56      5     48      9     -4    -27     61     30     18     16      6     35     48     16      3     31     23     30     44     -6      9    -15   -123    -42     32     37     97
   -89     30     46     60     24     10     19     14     30     10    -27     27      1     32     13      9     45     50     17      4     10      1     40     42    -13      0    -33   -105    -13     36     31     98
  -101     30     27     32     49     58     17     -1      4     -7    -28    -13     15     65     21     21     54     45     22     35     14    -19     26     28    -12    -13    -49    -79     -2     31     33    108
  -105     36     23     12     43     46     16      5     16     14    -35    -28     53     77     37     40     54     33     16     46     21    -11     26     28     -4    -15    -48    -66     -9     27     32    114
   -50    120    115    111    102     74     60     64     89     65     46    141    210    174    127     92     76     64     74     88     50     46     65     42     48     75     39     36    130    194    214    316
