    85     34     24     18     17     36     61     69     53     49     51     32     -1      9     25     23     46     69     29     45    105     71     39     37     44     35     14     21     10     19     19      3
    83    -15    -20    -15    -13      3     18      7    -25    -33    -25    -36    -61    -31     -5    -11      0     22     -3     13     29    -31    -50    -42    -12      8    -16    -27    -29     -6     -8    -19
    40    -54    -17     16     14     19     25      7    -28    -37    -24    -35    -61    -32     -4    -10      0     26     15      3    -25    -58    -45    -40     -1     45     -7    -65    -39     -5     -8    -19
     5    -55     -3     27      5     15     21     10    -17    -31    -23    -34    -56    -29     -5    -14     -2     28     16    -22    -59    -50    -29    -27      8     60    -11    -97    -45     -6     -8    -19
    18    -11     20     22    -25    -13    -13    -16    -17    -25    -26    -34    -53    -29      2      3     15     41     27    -30    -60    -29    -17    -14     15     47    -30   -106    -50    -10     -7    -19
    42     16     41     33    -18    -13    -24    -38    -32    -33    -30    -32    -32     26     89    104     99     95     60    -31    -68    -27    -17    -12     20     38    -34    -92    -53    -19     -7    -17
    66      9     34     30    -16    -22    -14    -27    -31    -32    -17     12     53    118    152    129     87     63     28    -69    -97    -37    -21    -17     15     38    -22    -73    -55    -23     25     20
   100    -18     28     60     -5    -53    -20    -18    -16    -14     21     92    103     74     49      2    -54    -66    -70   -125   -117    -43    -21    -13     15     41     -8    -63    -44     33    122     51
   163    -42     40    102     -4    -86    -30    -12     -5     -2     51    126     47    -50    -56    -77   -115   -130   -140   -137   -104    -46    -20     -1     31     46    -11    -57     -7    131    140    -34
   217    -39     33     65    -22    -81    -43    -17     -6      3     53     64    -79   -142    -97    -97   -128   -167   -182   -123    -80    -49    -26      1     41     27    -41    -40     44    139     32   -155
   192    -60    -31    -33    -38    -51    -56    -34     -4      8     -1    -63   -177   -175   -124   -121   -157   -194   -176   -102    -61    -38    -25      3     59     36    -12     38     89     79    -53   -198
   131   -100    -92    -87    -50    -47    -63    -52     -7     -1    -56    -92   -112    -91    -69    -80   -120   -138    -96    -56    -34     -7     -6     19     95     81     55     83     67      5    -82   -202
   108    -96    -79    -76    -59    -42    -36    -50    -29    -23    -63    -46    -19    -15      0     19    -32    -65    -25    -16    -11     18     28     49    101     57     13     -2    -28    -58    -91   -203
   112    -65    -49    -53    -59    -36    -12    -28    -45    -39    -53    -16      1      0     36     75    -17    -71    -16    -12     -2     38     82     92     73     -8    -58    -72    -74    -72    -90   -204
   117    -45    -38    -42    -53    -36    -19    -16    -33    -39    -45     -4      5     28     92     79    -40    -92    -21     -5     11     52     93     89     23    -50    -75    -74    -65    -70    -94   -208
   118    -36    -34    -34    -43    -27    -23    -17     -8    -34    -63    -33      1     33     42    -27    -68    -70    -20     11     18     32     41     41    -20    -65    -65    -63    -58    -71    -95   -207
   123    -34    -42    -34    -35    -25    -33    -37     -9    -34    -71    -66     15      6    -67   -114    -62    -33    -22      8      9     18      9     22    -20    -43    -52    -64    -73    -88   -100   -202
   119    -43    -50    -37    -37    -39    -46    -60    -40    -33    -33    -67     16     10    -70    -54     -3      2    -35    -35     -3     21     -1     24      3    -20    -74   -117   -132   -144   -143   -203
   114    -41    -43    -36    -34    -37    -45    -69    -70    -38     13    -49    -12      5    -50    -16     27     19    -47    -59      4     16    -13     25     26     -9   -113   -160   -140   -148   -158   -176
   115    -32    -33    -17    -20    -42    -43    -61    -79    -32     38    -29    -63    -29    -41     -6     28     -1    -53    -32     23      4    -17     22     36      8    -89    -93    -36    -68   -118   -122
   111    -32    -24      3    -22    -59    -32    -18    -41    -14     39    -11    -77    -55    -38    -24    -26    -52    -53    -13     10    -11    -16     18     39     20    -56    -37      4    -55   -114   -108
   116    -28    -30    -31    -52    -61    -22      7    -16    -43    -11    -36    -79    -70    -51    -54    -56    -43    -35    -13    -11    -26    -21      1     33     12    -74    -63    -46    -93   -121   -114
   111    -31    -43    -72    -67    -43    -50    -33    -22    -78    -60    -49    -65    -63    -47    -45    -31    -14    -27     -7     -4    -33    -40    -25     27      7   -100    -75    -58   -101   -112   -114
    97    -37    -45    -83    -73    -27    -75    -79      0    -43    -59    -21    -25    -28    -26    -31    -36    -40    -51    -16     -8    -37    -44    -30     19    -23   -143    -60    -36   -102   -113   -123
   103    -35    -41    -83    -83     -8    -55    -92     -2     -1    -71    -29    -18    -23    -30    -42    -45    -49    -43    -22    -27    -42    -44    -36    -15    -71   -142      1     -6    -98   -117   -142
   108    -44    -43    -81    -82     21    -14    -82    -21     25    -40    -35    -25    -37    -37    -33    -23    -27     -9      2    -14    -22    -36    -49    -31    -59    -64     78     14    -91   -108   -161
    96    -57    -53    -86    -68     37      9    -39      7     53     22    -47    -49    -46    -24     -5    -10    -28    -11      9      2     -4    -30    -51     -7    -12     11    117     11    -91    -98   -170
   103    -40    -34    -42    -12     40     18      0     22     30     29    -62    -54    -41    -11     -1    -31    -43    -22    -11    -13    -10    -38    -50     11     14     52    124     -1    -91    -93   -175
   122    -26    -11      2     13      7      2     -8    -17     -9     28    -20    -16    -44    -14    -17    -52    -40    -18    -29    -28    -11    -39    -37     19     25     67    105    -22    -84    -89   -180
   129    -37    -27    -20    -34    -42    -10     -3    -16      8     62     25    -18    -73    -35    -36    -60    -34    -12    -33    -17      8    -23    -13     24     25     58     73    -36    -82    -92   -189
   131    -41    -38    -47    -60    -43      0     14     -2     24     83     20    -68    -98    -65    -56    -55    -24    -11    -32     -3     17    -17      1     30     15     34     49    -33    -82    -98   -197
    23   -118   -111   -108    -99    -72    -57    -61    -83    -81    -68   -140   -195   -168   -128    -99    -81    -62    -56    -65    -40    -35    -60    -49    -47    -80    -89   -108   -186   -235   -237   -250
