     4     -9    -12     -9     -9    -11    -17    -22    -27    -30    -30    -18    -14    -10     -6     -6    -13    -13    -18    -29    -24    -28    -21    -17    -13     -4     -5      0     -3      0     -3     10
     5     -5     -3      0      3      3      6      4      1     -3     -2      0      0      0      0      2      7      3    -11     -6      0      1     12      9      4      5      9      1      3      7      5     10
     6     -3     -5      1      3      6      4      5      4      0      0      0      0      0      1      3      7      0    -13     -4      1     16     20     18      0     -1     12     -4      4      6      5     11
    22     16     -4     -8    -15     -4     -1      0      4      3      1      0      0      0      0      0      4     -1     -5     -2     10     28     26     20      1     -6      2     -3      0      5      5     10
    20     17     10      9      6      7      4     -6     -4      7      6      1      0     -1      1      6     12      6      3      2     10     28     29     18      7      0     -6      0      1      3      5     12
    18      5      3      1      8     15     22     16      1      0      6      3      1      2      0     -1      2     -1     -3     -3      2     20     28     16      6      6      0     -3      1      2      2     12
    19      2     -3      0     11      8     17     22     18      8      4      5     -3    -19    -40    -50    -49    -42    -27    -16     -2     15     23     18      3     -1      0      0      0      0     -2     30
    25     -1    -10      0     15      5     16     19     21     17     -4    -12    -16    -39    -37    -25    -24    -23    -20    -12     -1     11     15     16      7     -1     -5     -3     -5     -5    -11     19
    35     -6    -20     -9      0      3     13     19     20     16     -3     -6     -9    -14     -4      1      1      9    -10     -5      4      4      7      5      3     -1    -11     -9    -27    -20    -26    -19
     8    -11    -15    -27    -21      9      7     15     22     15      7      5    -17    -10      0      0      5     13      6      1      6      1      0     -4     -1      0    -15    -15    -25    -20    -23    -11
   -10    -22     -2    -23    -28    -10      2      9     19     24     28     20     26     28     20     17     21     17     30     21      4      5      1     -6      0      2     -1    -13     -1    -14    -17     -3
    21     -2      2      4    -11    -26     -5      4      9     29     41     36     46     44     36     38     37     31     33     30     11      1      0    -11    -10    -25    -30    -29    -20    -21    -10     -1
    33     20      8     12      0    -15    -13      3      8     24     22     20     14     16     10     24     24      9     14     13     11     -2     -5     -5    -17    -34    -38    -25    -15     -9     -4      4
    28     17     14     12      2     -9    -22     -5      8     14     19     19     16     12      1      7     11      2     12      9      8     -2    -12     -1    -10    -19    -12    -11     -5     -3     -2      5
    21     13     11     11      8      1    -10    -14      3      8      7      8      8     -5     14      4      6     12      9     11      5     -7    -23    -14    -12    -17    -13    -13     -8     -5      0      6
    20     11      8     10      8      6      4    -15     -9      2      5      1      6     -1     -4    -22    -11     16      3      7      3      0    -11     -2     -7    -10    -11    -13    -10     -5      0      9
    20      7      3      3      6      4      6     -3     -9    -11     18     -1      0     32     28     29      9      6      0     -1     -2      7      1      7     -3     -9    -12    -13    -11     -7     -5      9
    17      8      8      5      8      7      9     12      4    -14     11      6     -2     19     20     26     14      0      4     -7     -4      0     -2      3      0     -3    -11    -14    -11     -8    -21      0
    18      8      7      4      5     10     10     20     14     -1     -7      8     -4     -4      5      7     10      8      7      0      8     -2     -5      0     -3      1     -1     -7      4     12    -12     -6
    15      5      2      7     11      3      5     17     17     13     -1      6      2     -4      0      0      0      0     -3      5      5     -7     -7     -5     -6     -2     -3    -10    -10     -8    -25    -16
    17      7     -2     -2      7      3      2      7     10      8     -2      0      8      0     -4     -5     -3     -3     -1      3     -1     -5     -5     -7     -5    -12    -32    -37    -36    -33    -33    -18
    21      6      6     -1     -3     10     -3    -25    -14    -14     -7    -14     -3     -3     -1      3      2      8      2      0      1     -8     -7    -12     -7     -2    -18    -18    -18    -24    -24     -8
    14      4     16     14      0     10      8    -25    -14     -7     -2      5      0      0      0     -4    -12     -9    -13     -9      0     -5     -3     -4     -2      7    -10     -6     -4    -17    -34      0
    18      9     12     15      2     10     21     -4    -24     -5    -24    -11    -11    -13    -12    -13     -8    -15    -16    -17    -19    -10     -5      0      2     12     -7      3      5    -11    -31     -2
    24      9      9     19      6     16     28     23    -21    -14    -21    -30    -18    -19    -16    -14     -3     -4     -2     -2    -14    -16     -8      1     16     22     12     23     10    -13    -14     -7
    20      7      7     13      5      8     21     31     13    -15     -4    -18    -21    -18    -11     -4     -3     -8     -9     -6     -8    -13     -6      1     27     24     18     21      7    -15     -9     -6
    16     11     15      9     11      6     13     22     38    -12    -12    -22    -25    -16    -12     -3     -5     -9    -14    -15    -18    -18     -8     -2     16     13     11     17      4    -14    -17     -3
    21     12     16     13     19      7      0      8     11    -11    -12    -18     -8    -13     -8      1     -2      0      1     -9    -19    -14     -8     -1      8      4      2     10     -1     -9    -18     -4
    15      1     -7     -7      2     -3      2     18      8      4     -8    -18    -11    -17     -2      7      3      1     10      8     -2      0     -3      4      7     -1      0      2     -6    -10    -14     -5
    16      4      0     -2      1      2     15     24     15     -1    -18    -18    -23    -13      1      8      6      5     12     11     11     11      3      7      7     -1     -2     -2     -3    -11    -12     -5
    14      3      8     12      3     11     13     13      5    -15    -21    -13    -26     -5      4      8     10     12     17     11     13     14      7      5      7      2     -2     -3      0    -10    -10     -3
    -5      0      1      5      5      7      8      6      1     -6    -22    -25    -19     -4      6      9      9      9      7     10     10      7     12      9      1      1      2     -9    -14    -16    -19    -22
