    -2     -8     -1      0      3      7     10      6      4      5      3     -7     -4      4      3      6     18      5     -9     -2    -14    -23    -21    -16    -12    -19    -12     -9      0      4      5     -4
     2      8      8      5      4      5      5      7     14     19     18     12     16     15     12     15     16      7      7     -8    -28     -7      2      4      7     -2     -9     -7      9     10     11      7
    13     38     27      0    -16    -17    -11     -6      2     11     13     12     16     15     11     13     13      7      6    -15    -19      0      1      3     11      0    -22     -7     11      9     11      7
     4     32     36     18      9     -3    -10    -12    -12     -4      4     10     16     14     11     15     16      9      0    -14    -10     -7     -5     -1      8      4    -12      1      9      9     11      6
     2      7      2     -7      4      5      4      9      3     -5     -3      5     15     15      7      0     -5     -9    -18    -21    -11    -13    -13     -4      1     -2      5     14      6      7     10      4
    -2      0     -5    -14     -7     -8     -8      2     17     18      6      1      3     -5    -26    -47    -63    -63    -56    -40    -17    -13    -12     -2      1     -7      4     19      9      6     10      3
    -8     -2     -2    -11    -13     -8     -5     -8     -3     12     14     -3    -14    -26    -31    -30    -31    -32    -39    -31    -14    -13    -10     -1      6      4      4      8      8      8      2    -28
   -18     -4      4    -13    -34    -17     -6     -6     -9     -4     13      8    -15    -19     -9     -4      6     16     11      7      1    -12    -11     -6      0      3      7      7      5     -2    -15    -70
   -40    -19      4    -15    -38    -21    -14     -7     -6     -3     13      2    -19     -5      9     12     17     20     37     41     18     -6    -10     -8     -6     -4      9     17     23      0    -31    -52
   -26    -16    -14     -9     -4    -21    -30    -14     -7      5     19      7     38     65     50     42     40     30     52     63     38     11     -2     -1     -3     -7     20     31     35     -5    -24    -12
    10     38     -6      7     37      4    -29    -23     -9      4     12     24     66     81     73     69     58     58     58     52     50     27      3      2     -7    -22    -12      0    -14    -28      3      5
     0     53     32     24     30     33      3    -17    -10     -7     -6     23     38     28     28     30     30     40     31     17     30     29     11     11     -3     -9    -12    -22    -29    -10      8      3
   -12     26     37     29     20     32     18     -9    -17    -14     10     26     23     16     11     -5     -5     15     14      8     12     18     14     12      0      8     13     -1     -2      9      9      0
   -12     16     16     16     25     28     25      1    -17    -15      4      5      5      5     11     -9    -20      5      9     10     10      6      6     -5    -15      3     14     18     17     13      9      0
    -9     11      9     11     17     17     22     18     -3    -16     -3      2      2      7    -12    -34    -23     -2      0      6      7      8     14      7      0     13     21     23     17     13      6      1
    -9      9      7      6     10      7      7     25     19     -8     -9      4      7     21     14     32     38      5     -9     -4      0      0     15     23     26     26     21     18     12     11      5      0
   -11      9     14     13     11      7      6     24     31     20     -9      2     15    -13    -11     38     57     27      1     -6     -1    -12      2     16     32     34     23     17     17     22     18      2
    -9      9     11     14     12      9      9     19     28     48      7     -4      0    -17     -5      8     14     21     15     11     16     -1      0      7     23     23     27     37     46     58     66     37
    -9     11     11     11     11     10      9      8     20     49     35      6     -6      0      8     -2     -7     -2      5     22     14      0      7      8     15      7     16     39     43     38     61     49
    -6     12     11      3      0      8     13      3      6     24     28     16      4      8     15      6     -2     -3     14     22      2      1     14     11     13      1      3     14      8      3     31     24
    -7     12     19     12     -6      4     14     -2    -15     -7      8     15     11      9     20     19     13     21     32     18      4     10     13     12     13     11     28     26      7      5     25      6
   -12      8     14     19     22     17     17     21      3     -3     11     40     42     27     20     15     16     18     15     10     10     19     22     24     21      7     23     25     14     20     26     -6
    -4     14      5     10     35     26     13     37     24      8      2     17     33     30     19     17     28     19     17     16      6     11     17     28     28      9     25     27     17     25     36    -11
    -5     17     10     12     29     23     13     42     49     20     11      9     15     21     20     21     22     28     43     41     31     21     15     21     25     14     48     44     19     18     40     -5
   -12      9     11      6     20     11      2     21     56     44     28     21     18     18     22     27     20     22     28     27     38     39     26     17     14     13     55     33      9     20     27     -1
   -12      9     14     12     25      9     -2      0     27     44     27      6      9     16     18     21     17     17     15     10     16     24     19     14      1      7     39      8      0     24     19     -2
    -6     15     11     18     26      5     -6     -4    -16     10     19      8     13     22     23     15      6     13     20     18     18     15      6     14      4      2     13    -12     -2     27     24      0
   -12      6     -4     -2     -7    -20     -2     12     -7      4      3     16     11     15     19      8      6     11     12     22     34     24     10     15      5      4      8    -20     -5     21     26      2
   -10      6     10      8    -16    -20      2      7      7     11      1     16     -2      3      8      2     10     13      1      3     25     23     17     14      2      9      9    -15      3     20     21      2
   -12      5     11     14      1      0      0     -3      3      7      2      1     -8      4      4      5     12     10     -2     -1      5      2     11     11      0      8     10     -2     11     21     20      4
   -10      9      5      2      9      8      1      3      4     11      4     -9      2     12      4      8     11      2     -8     -1     -1     -8      7     15      5      5      9      9     15     20     20      7
    36     80     73     62     60     53     54     58     65     81     97    112    120     97     70     59     54     47     43     45     39     35     44     52     57     65     78    106    138    154    149    117
