   -27      0      3      3      3     -2    -10    -11     -3      0     -1      1     15      8     -1      0     -2     -8      9      0    -36    -17     -8     -5     -5     -2      7      0      8      1      1      5
   -34     11     10      6      3     -3    -12     -5      9     13      8     14     27     14      1      4      0     -2     13    -18    -35     -8     -2      0     -3     -5      2     15     14      2      4     12
   -18     25     11     -8     -6    -10    -11     -4     12     16      7     13     27     14      1      5      0     -5     -6    -26    -18     -4     -4     -2     -8    -24     -7     32     16      1      4     12
    -3     20      1    -18     -5    -12    -14     -5      5     12      8     13     25     12      2      7      1     -9    -19    -18     -8    -10     -8     -4    -19    -39     -4     40     19      2      4     12
     0     10    -14    -24     -7    -13    -13     -6     -3      0      5     15     23     14      0      0     -6    -15    -24    -13     -4    -16    -12     -6    -28    -47      2     40     18      5      4     12
    -8      7    -17    -24    -12    -17    -16    -13    -11     -5      0     12     23      1    -19    -23    -23    -25    -25     -3      3    -15    -12     -8    -31    -47     -3     33     20      8      5     10
   -22      6    -13    -22    -15     -8    -15    -14    -16    -12     -6     -3     -6    -26    -34    -25    -11     -9     -8     22     22     -7    -11    -11    -30    -43    -10     21     22     15      2    -15
   -43     18     -7    -34    -19      8    -11    -12    -15    -19    -18    -38    -42    -20    -15     -4     18     18     21     45     37      0     -6    -13    -32    -45    -17     15     23      3    -34    -18
   -70     38     -6    -52     -8     22     -5    -15    -19    -17    -33    -71    -35      7      1     10     27     21     42     47     31     11     -2    -11    -36    -50    -16     11     19    -43    -52     36
   -73     42    -11    -29      9     16      3    -12    -19    -16    -45    -63     11     30      4     10     21     37     49     35     21     12      2     -9    -38    -42     -1     11    -18    -62    -14     78
   -65     47      5      9     12     11      6     -1    -13    -21    -33     -2     40     34     13     12     28     57     45     18     15      4      0     -8    -40    -28     -1     -9    -47    -37     20     95
   -62     49     41     24      5     12     10      7     -5    -14      7     30     36     23     11     10     32     48     30     10      3     -7    -11    -15    -48    -26     -9    -25    -26      0     32     98
   -52     43     41     28     13      3      4      7      4      5     33     30     24     20     16     -3     18     42     19     12      0    -17    -21    -36    -52    -22      0      0      9     21     37     98
   -46     37     29     28     24      4     -3      0      7     19     33     22     17     21      8    -15     22     50     20     16      4    -20    -39    -55    -43     -3     14     22     21     23     36    100
   -45     31     27     27     28      9     -5     -1      3     17     32     18     13     18    -30    -16     39     55     27     14      2    -25    -48    -53    -24     12     23     21     17     21     35    103
   -47     26     25     25     28     12     -3      0     -3     13     31     28     12    -10    -21     21     46     36     27      8     -1    -24    -37    -45     -8     17     20     19     16     23     38    102
   -53     23     26     25     22     15      8      3     -7     19     24     42      4    -21     15     35     28     23     19      7      4    -18    -26    -38     -9      6     14     18     22     28     39     95
   -52     23     24     20     19     20     18     11      3     17     18     36      4     -4     33     20     -1      3     11     22      5    -14    -16    -32    -19     -8     16     31     32     34     47     85
   -51     21     20     17     18     18     24     21     20     11      5     25     15     13     33     16    -10    -14     16     27     -6    -10     -7    -28    -25    -14     30     51     34     30     47     72
   -50     17     21     11      8     26     28     28     32      4    -15     13     30     24     30     13    -10     -1     28     12    -13     -4     -4    -25    -29    -11     39     44     17     27     50     56
   -50     18     17      4     11     34     29     23     24      0    -24      1     28     28     22     10      5     20     23      2     -6      0     -6    -24    -32    -12     39     29     10     41     60     56
   -53     18     10     11     28     27     19     19     13     12    -15      4     23     23     16     13     17      8     10      0     -4      3     -8    -18    -33    -19     32     26     21     54     65     57
   -48     17     12     22     29     15     14     24     10     20      9      0     14     15      9     11      6     -2      6     -4    -10      0     -2    -12    -35    -27     34     23     18     50     66     52
   -44     17     18     28     27      2     17     26      5      6     23      0      1      3      2      6      0      7      9     -7     -6      0      0    -12    -39    -23     46      9      3     46     56     59
   -48     18     20     31     30     -8     10     20      1     -4     23     13      0      0      2     10      9     13      6     -8     -2      5      1     -9    -32     -2     38    -26    -10     45     44     72
   -49     23     21     36     31    -19     -3     23     -5     -5     10     11      7      5      7      9     10     16      4     -7     -3     -1     -1      1    -19      3      5    -57    -18     42     39     79
   -41     26     21     46     27    -25     -8     21    -14    -13    -12     14     12      9      7      2     12     21     10     -2     -3     -5      0      9    -14     -4    -21    -74    -16     38     41     80
   -44     23     24     36     10    -20     -4      4     -3    -10    -21     16      3      8      2      3     24     26      7      1      4     -5      7     11    -15     -9    -34    -73     -7     35     40     83
   -51     20     23     20      3      0     -3     -2     14      0    -18     -1     -9     13      3     11     33     26      6      7      7     -4     13      8    -15    -12    -42    -62      2     33     36     88
   -56     23     20     17     20     17     -2      0     12      0    -27    -25      0     24     11     20     34     20      6     15      2     -9     10      3    -13    -13    -39    -47      4     31     36     92
   -57     24     20     19     30     13     -3     -2     10     -1    -39    -27     24     30     20     26     27     11      3     17     -1    -12      9      3    -10     -7    -27    -35      0     29     38     96
   -15     36     34     35     28     11      2     12     25      7     -7     22     48     41     30     25     19      8     11     14     -1      0     10      7     12     18      0      0     34     54     68    118
