     8      2      1      1      3      6      5      1     -1     -2     -1     -3     -2      3      4      4      3     -2     -4      8     18     17     19     19     14      5      4      7      7      7      6      4
     3     -9     -8     -5     -1      0     -3    -11    -18    -19    -16    -17    -13     -5     -3     -5     -6    -12    -10      7     14     14     16     17     10      0     -2     -2      1      1      0     -1
     3     -9     -7     -2      0      2     -2    -12    -20    -20    -17    -17    -13     -6     -5     -8     -9    -10     -2     12     20     23     24     22     15      2     -9     -9      0      0     -1     -1
     3     -2      3      7      6      7      3     -7    -14    -15    -15    -16    -13     -6     -5     -7     -7     -5      3     15     28     34     33     26     22      7    -15    -15     -2      0     -1     -1
     6      1      7      9     12     16     14      8      0     -5    -12    -16    -12     -7     -7     -7     -5     -3      4     18     35     43     39     30     25     11    -16    -20     -5     -1     -2     -1
     8      3      8     12     17     22     23     23     18      6     -6    -14    -17    -14    -16    -17    -15    -11     -4      9     31     44     41     32     25      9    -13    -19     -9     -2     -2     -2
    10      5      7      8     16     24     29     29     26     18      2    -11    -16    -17    -21    -26    -27    -24    -22    -11     15     36     38     33     26      9    -12    -18    -11     -7    -10     -5
     6      0      4      5      8     19     31     34     32     26     13      0    -11    -22    -31    -39    -42    -37    -35    -27      0     24     31     30     25     10    -11    -19    -17    -16    -13    -22
    -6    -16      0      3     -4     10     30     39     39     31     19      2    -23    -32    -33    -42    -45    -36    -33    -26     -5     10     21     24     22     10    -12    -22    -22    -15    -24    -49
   -22    -35     -6     -7    -18     -2     21     37     40     32     22      0    -26    -27    -22    -30    -34    -32    -21    -13     -7      2     11     18     16      2    -14    -25    -16    -24    -52    -65
   -21    -46    -26    -18    -17    -13      7     26     32     29     17    -13    -25    -18    -14    -18    -24    -25    -12     -1     -3     -1      5      9      3    -17    -27    -25    -22    -42    -64    -69
   -18    -45    -42    -26    -15    -16     -7     11     20     16     -2    -17    -21    -16    -12    -14    -19    -15     -5      0      2      2      3      4     -7    -30    -36    -29    -36    -52    -65    -65
   -16    -39    -35    -28    -21    -16    -13      0      9      4     -6    -10    -14    -13    -12    -11    -11     -8      0      0      3      6      2      0    -18    -39    -46    -47    -50    -56    -63    -61
   -11    -30    -28    -28    -25    -17    -11     -5      1     -2     -7     -9    -11    -14     -8     -9    -16     -8      0      0      1      4      3    -10    -33    -52    -58    -59    -57    -56    -59    -59
    -7    -25    -24    -26    -25    -18     -8     -7     -7     -6     -7     -6     -9    -13     -5    -16    -26    -12     -1      0      1      7      5    -17    -46    -59    -65    -64    -60    -56    -58    -58
    -5    -24    -24    -25    -25    -18     -8     -6    -12    -16     -9     -6     -8      3      1    -14    -25    -15     -5     -1      0      5      3    -18    -50    -63    -66    -66    -60    -56    -58    -56
    -3    -22    -22    -24    -22    -18    -13     -7    -11    -22    -17     -9     -4     -2     -9    -10    -12    -16    -10     -5     -5     -1      1    -16    -44    -57    -62    -61    -57    -55    -58    -57
    -3    -23    -22    -21    -21    -20    -18    -10    -11    -18    -25    -14     -7    -13     -9      0      0     -9    -11    -11     -6     -3      0    -14    -38    -51    -58    -59    -56    -55    -63    -65
    -3    -22    -20    -20    -21    -21    -21    -15     -9     -8    -21    -24    -15    -17    -12     -2      0     -5    -14    -11     -4     -6     -4    -13    -35    -52    -64    -69    -68    -69    -75    -72
    -2    -20    -22    -22    -19    -21    -22    -20    -12     -2    -11    -26    -24    -21    -18     -8     -4    -11    -17     -8     -4     -8     -7    -14    -33    -58    -76    -76    -73    -79    -83    -71
    -1    -19    -20    -20    -23    -22    -24    -29    -20     -5     -8    -26    -28    -24    -19    -13    -13    -18    -15     -9    -10    -12    -10    -15    -31    -54    -70    -68    -68    -79    -80    -66
    -1    -19    -16    -18    -25    -22    -21    -30    -30    -19    -11    -20    -27    -25    -22    -21    -22    -18    -16    -14    -14    -15    -12    -15    -27    -49    -63    -62    -66    -77    -78    -62
     0    -18    -19    -19    -18    -19    -20    -29    -41    -36    -28    -22    -26    -26    -25    -24    -19    -19    -20    -19    -22    -21    -16    -13    -21    -40    -53    -54    -61    -73    -77    -63
     0    -17    -20    -17     -9     -9    -16    -18    -35    -43    -36    -28    -25    -26    -26    -25    -21    -22    -20    -19    -26    -27    -20    -10     -9    -28    -38    -38    -53    -71    -71    -66
     0    -16    -18    -16     -3      1     -5     -3    -15    -39    -41    -35    -30    -27    -26    -27    -26    -23    -20    -20    -26    -31    -23     -8     -2    -17    -18    -18    -45    -69    -67    -66
     0    -16    -15    -15      1     13      7      3      1    -27    -41    -36    -34    -31    -29    -26    -23    -20    -18    -21    -28    -30    -23     -9      0     -3      4     -4    -41    -67    -69    -65
    -1    -16    -13    -14      2     18     11      3      3    -10    -24    -31    -31    -31    -28    -22    -19    -14    -13    -19    -28    -30    -23     -6      5      5     11     -2    -41    -65    -72    -67
    -2    -17    -18    -15      0     14     13      9      0     -2    -14    -28    -28    -28    -24    -21    -19    -12     -6    -11    -22    -26    -20     -2      8      5      7    -10    -45    -65    -73    -72
    -1    -17    -16    -13     -2      7     14      6     -7     -7    -14    -24    -28    -26    -21    -21    -19     -9     -2     -3     -9    -14    -14      0      6      2      1    -19    -49    -64    -72    -74
    -3    -20    -17    -14    -10      4     11      0    -10    -10    -14    -22    -32    -27    -18    -19    -16     -3      4      4      5      0     -5     -1      0     -2     -5    -26    -51    -63    -71    -74
    -3    -23    -20    -16    -10      6     11     -1    -13    -13    -15    -28    -37    -26    -15    -14     -8      3      9     11     15     11      3     -1     -7    -10    -11    -29    -51    -62    -70    -73
     4     -8     -7     -7      4     17     20      6     -4      3      2    -14    -16    -10     -2      2      8     17     17     20     24     20     13      9      0     -3      2     -4    -22    -31    -41    -56
