    51     54     44     36     34     39     48     56     59     59     59     51     41     36     34     35     47     57     57     60     60     55     43     42     45     48     48     41     35     31     31     25
    21      8      4      3      3      5      1     -6    -15    -18    -18    -18    -12     -1      1      1      5      5      6      5    -13    -47    -53    -40    -20      1     12     12      1      2      3      3
   -16    -36    -10     15     30     28     18      1    -11    -16    -18    -19    -13     -1      3      4      8      7     -1    -21    -48    -66    -55    -43    -20      2      7      5     -1      3      4      4
   -16    -36    -20    -13     -4      3      5      1     -5     -8    -12    -16    -11      0      2      0      2      2    -18    -45    -62    -58    -42    -32    -21    -13    -16     -9      1      4      4      5
    16     11      6    -17    -37    -39    -43    -44    -36    -20    -11    -12    -11      0     10     18     25     21     -4    -37    -48    -40    -30    -23    -21    -34    -46    -28      2      8      6      6
    32     35     25      1    -22    -33    -48    -63    -68    -55    -31    -13     11     51     94    121    127    105     54      0    -28    -32    -30    -24    -23    -36    -49    -33     -2      8      8      5
    36     29     17      0    -16    -24    -36    -43    -55    -60    -39      7     66    111    125    112     92     67     29     -8    -23    -25    -28    -29    -31    -39    -42    -27     -6     11     40     34
    41     26     17     14      0    -16    -34    -36    -34    -36    -16     26     56     49      7    -31    -55    -70    -73    -63    -34    -14    -13    -18    -24    -35    -41    -27      7     58    103     76
    64     49     40     29      9    -12    -23    -32    -31    -22      0     10    -12    -54    -88   -105   -112   -127   -130   -105    -49     -7     -1      0     -3    -22    -41    -36     25     86     91     27
    66     59     50      8    -18     -9      1    -20    -29    -20    -13    -55   -120   -152   -143   -137   -139   -146   -152   -124    -72    -26     -7      2      2    -23    -49    -33     21     45      3    -55
     4    -12     -3    -38    -59    -25      2     -1    -10    -14    -50   -116   -178   -181   -167   -167   -169   -160   -139   -109    -81    -50    -21      1     14     15     16     43     47     13    -54    -78
   -32    -84    -67    -64    -69    -60    -31      0      6    -10    -42    -75    -80    -66    -73    -94   -104    -88    -56    -42    -46    -43    -28      3     29     50     72     77     38    -23    -69    -78
   -18    -69    -64    -56    -54    -60    -39     -9      6     -7    -18    -11      4      9     17     12      1      1      6      7     -6    -19    -17      6     21      9      0    -12    -39    -64    -75    -76
     2    -31    -31    -35    -41    -46    -39    -22     -3      2      5     20     24     27     41     46     29     16     13     13     12     10     17     23      8    -35    -67    -76    -78    -75    -77    -77
    10    -18    -16    -21    -25    -34    -47    -39    -13     12     22     27     25     47     59     55     22     14     22     18     23     19      8     -7    -31    -60    -75    -76    -73    -73    -79    -80
    10    -15    -11    -12    -10    -15    -35    -43    -27      2     12     13     15     14    -14    -53    -46      0     38     35     31      5    -30    -65    -78    -75    -66    -63    -66    -72    -78    -78
    11    -18    -22    -18    -13    -11    -29    -46    -51    -25     -6     13     17     -7    -57   -105    -78    -21     22     34     28      6    -28    -65    -82    -77    -65    -67    -80    -90    -89    -82
     4    -27    -29    -25    -22    -21    -29    -47    -64    -54    -14     23     35      8    -11    -19    -22    -23    -19     -3      2      2    -15    -39    -58    -71    -91   -116   -138   -154   -145   -116
     3    -26    -23    -22    -22    -21    -19    -34    -56    -65    -32      5     29     11      7     25     20     -4    -26    -20     -5     -4    -18    -25    -35    -60    -98   -122   -125   -130   -129   -110
     5    -23    -14     -5     -7    -13    -16    -18    -27    -40    -38    -28     -9     -8     -2     22     23     -3    -18     -6      6     -9    -24    -23    -28    -40    -46    -28    -10    -19    -38    -52
     4    -24    -16     -4     -7    -14     -5     14     25     11    -19    -41    -34    -18    -15    -14    -27    -41    -31     -7     -5    -20    -25    -24    -30    -41    -34     -6     10     -2    -14    -22
    10    -16    -27    -41    -44    -31     -7     10     16      9    -36    -72    -72    -44    -35    -40    -39    -32    -17    -13    -24    -32    -40    -41    -46    -60    -67    -58    -50    -45    -24    -16
     4    -23    -34    -55    -61    -45    -39    -36    -29    -18    -23    -55    -62    -48    -32    -26    -19    -14    -13    -11    -15    -27    -46    -58    -62    -82    -93    -86    -75    -66    -33    -25
    -1    -32    -35    -49    -54    -57    -66    -68    -45    -23      6     -2    -14    -19    -17    -13    -21    -34    -42    -35    -29    -32    -35    -48    -69   -117   -135   -109    -82    -70    -53    -47
     8    -21    -29    -39    -40    -44    -51    -60    -53    -45    -17      0     -7    -11    -20    -21    -21    -22    -24    -31    -43    -45    -37    -42    -80   -133   -138    -94    -74    -70    -65    -62
    10    -20    -29    -35    -28    -20    -27    -29    -40    -42    -29      0     -4    -15    -16     -8      1      9     12      5     -9    -20    -30    -37    -63    -87    -77    -49    -64    -70    -64    -62
     0    -29    -33    -31    -17     -5    -11      9     20     11    -19    -19    -25    -25     -5     12     17      9      6      7      6      1    -15    -25    -29    -28    -15    -19    -58    -75    -65    -62
    10     -9      0     18     34     24      1     11     32     12    -30    -44    -32    -12      1      8      3      0     -4    -13    -17    -17    -18    -17    -10     -4      7     -7    -52    -73    -67    -66
    20      0     12     35     43     20     -9    -14     -6    -15    -23    -22     -5      2      0     -6    -11     -3      0    -13    -26    -31    -23     -9      1      2      3    -17    -58    -69    -66    -69
    15     -9     -7     -7    -11    -16    -14     -5      0      5      6     -2     -4    -14    -12    -19    -20     -8     -4     -5     -6    -12    -12      2     13      6     -9    -38    -71    -73    -71    -74
    10    -15    -14    -25    -31    -27     -6      4     10     15      8    -17    -34    -41    -31    -33    -28    -12     -8     -4      2     -2     -9      4     15      7    -18    -51    -76    -76    -77    -78
   -72   -132   -121   -110    -99    -86    -85    -91   -101   -125   -168   -212   -209   -165   -124   -101    -86    -78    -72    -64    -55    -58    -66    -69    -81   -108   -153   -219   -277   -295   -279   -198
