    50      9     18     25     24     33     48     57     46     43     45     37      9     15     29     25     34     59     27     11     63     63     44     40     41     29      0     12     15     27     26     21
    81     12      5      5      2     12     26     29     16     14     20     17    -12     -1     18     12     14     46     21      3     41     26     13      8     19     18    -19     -8      0     16     14     14
    95     37     31     12    -16    -15      5     16      4      3     16     16    -11     -3     16      9      8     39     31     25     29     13     17      7     21     43     -5    -38    -11     15     13     12
    48      7     39     68     45     34     27     23      3     -9      8     14    -10     -3     18     16     19     46     44     29      4      0     11      9     20     68     32    -51    -20     13     13     13
    25     -4     13     39     14     32     43     54     46      9     -1      5     -9      0     13     -5    -13     11     22     -1    -18      1     11     12     20     66     47    -38    -29      3     12     11
    31      3     21     35      4     16     18     17     42     44     23      7    -19    -33    -38    -65    -82    -62    -30    -44    -46      1     15     16     30     57     26    -27    -22     -3     10     13
    45      0     30     35     -3      4     24     12     13     26     31      9    -34    -29      6     23     18     17     18    -36    -64    -15      8     13     36     69     30    -23    -21     -8     -5    -16
    59    -23     20     32    -19    -34     19     22     14     10     25     46     28     39     70     64     38     36     47    -12    -61    -28     -6      2     19     57     37    -11    -27    -28    -25    -17
    85    -78    -10     51     -4    -66     -5     20     25     17     24     78     62     18     35     41     15     10     35     21    -29    -25    -13     -4     10     43     37      4    -16     11     25     30
   171    -76    -42     63     32    -70    -53     -2     22     19     36    113    101     68     79     70     43     26     16     46     31      4     -1      2     19     35     23     17      3     71     56     -4
   222     21      0     30     53      3    -53    -38      1     12     39     98     53     37     73     80     63     31      1     31     57     40     11      0     19      0    -59    -47    -18     48     25    -26
   170     40     35     -2     29     48     -4    -46    -15     12      4      4    -19    -24      0     17      5    -25    -25     -5     23     54     36      7     37     16    -31    -18     21     40     17    -29
   134      7     21      8     15     27     19    -32    -33      4     -8      1     19     14     10     10    -24    -33      1      4      8     44     48     13     53     53     37     38     33     22     15    -35
   119     -1     11     14      5     23     46     12    -34    -19    -28     -8      7      8     11     41     -4    -40      8     10      7     26     43     24     38     31     21     20     17     14     17    -31
   120      6     10     13      2     13     37     43     -8    -37    -39      0     17     15     13     27    -19    -71     -9      6      5     31     73     88     62     24     16     13     17     12     15    -31
   117     10      6      8     -3      3     14     35     36    -11    -48     -8     20     25     98    121     72    -26    -34     -5      0     28     65    100     73     28     10      5     15     10     12    -37
   114     15     16     23      8     11     16     20     60     35    -35    -52     16     19     19     14     46     33    -13      0      2     12     15     69     66     44     25     16     26     25     28    -26
   124     18      7     15     14     12     11      0     47     58     23    -77    -12     23    -37    -30     25     53     18     14     20     32      8     49     52     49     37     40     54     59     72     31
   115     11      5     12     16      7      3    -11     12     49     92    -21    -25     31    -16    -19      5     23      8     -8     15     34      5     35     47     49      8     -3      5    -10     -4     22
   115     18      8      0     -5      0     11     -8    -24     10     93     37    -19     19      2     -7     13     29      7    -13     22     32     11     38     52     52    -28    -72    -46    -47    -62     -4
   111     19     15     27     15    -12      3     -6    -57    -41     58     62    -12     -5     12     25     43     39     14     16     39     30     13     32     51     69     15     -4     20     -1    -57    -14
   105     11     15     44     48      2      9     41      7    -28     39     82     49     19     19     19     10      0     -2     19     30     29     32     48     72     79     19     15     32      3    -54    -33
   120     23     15     10     27     35     19     46     53    -38    -27      8     15      9      7      3      6     28     16     20     19      4     18     35     76     93     22     30     34      4    -29    -18
   107     21     21      0     12     62     28     17     86      4    -46     -6      1      7     13      6      6     30     26     46     56     21      7     14     71    116     41     65     55      3    -25     11
    93      8     20     -6    -17     50     19    -23     75     90    -19      0     10      6     16     12      5     -5     -6     16     37     35     19     12     57     96     14     71     67      6    -29     11
   108      6     22      6    -25     51     34    -33     14    100     12    -28     -3      1      1     -7     -5    -11     -4      6      3      9     11      3     28     38     -8     90     77      7    -20    -13
   115      5     14      2    -27     43     41    -34    -41     32     56      5      9      7      1     -2      1     -2     13     28     16     10      9     -8     25     21     -4     90     67      8      0    -22
    94    -11     -9    -40    -56      6     33      3     12     30     81      8    -17    -20      0     14      7     -5      1     27     39     35     13    -16     28     27     13     91     51      0      2    -18
   108      2     12      2     -6      8     26     24     25     15     56     -4    -14    -34      0     18      0     -2      4      2     15     40     17    -15     20     27     33     98     44      3      3    -16
   117      0      7     23     24      3      9      9     -6      2     46     10      2    -37     -3     19      3      5     16     -2     -2     30     11     -5     15     17     45    101     42      8      9    -18
   127      3      1      5      7      1     13     22     11     17     60     33     -2    -30     -5     17      8      9     18     -4      2     30     13     16     26     11     38     91     49     10     10    -22
   171    118    112     98     74     75     86    108    110    119    198    212    147    105     82     73     69     75     84     57     60     80     60     74    113    116    138    213    241    225    220    154
