   -24    -33    -29    -24    -24    -27    -36    -42    -46    -46    -47    -41    -31    -24    -21    -22    -27    -25    -29    -52    -68    -73    -74    -64    -57    -44    -37    -25    -19    -16    -17     -7
    -6    -20    -19    -19    -21    -20    -17    -11    -10     -9    -12    -12    -18    -16    -11    -11     -6      8    -18    -60    -48    -46    -48    -44    -40    -40    -44    -19    -14     -8     -8      0
    22      2    -12    -33    -42    -41    -30    -20    -13    -10    -11    -11    -17    -15    -11    -11     -6      0    -30    -58    -49    -48    -40    -40    -42    -51    -51    -28    -18    -10     -8      0
    35     15     -4    -28    -46    -51    -46    -37    -35    -30    -18    -12    -17    -17    -12    -11     -8     -5    -30    -48    -55    -53    -40    -37    -47    -50    -46    -44    -24    -11     -9      0
    14      3     -6    -11    -31    -37    -40    -40    -46    -50    -33    -17    -18    -16    -14    -20    -20    -17    -32    -53    -65    -57    -42    -38    -50    -44    -34    -47    -32    -14     -9      0
     0    -10    -21    -25    -40    -35    -33    -36    -39    -46    -42    -27    -25    -37    -53    -72    -76    -67    -63    -69    -70    -54    -41    -38    -48    -43    -37    -44    -35    -19    -10     -1
    -5    -18    -22    -33    -48    -39    -37    -41    -38    -37    -38    -46    -69    -89    -98   -104   -102    -93    -80    -76    -71    -51    -38    -38    -43    -44    -46    -46    -33    -21    -22    -24
    -8    -19    -24    -48    -59    -43    -32    -39    -45    -45    -48    -73    -98    -83    -67    -57    -50    -52    -46    -58    -68    -53    -41    -40    -45    -44    -48    -48    -38    -45    -75    -44
   -13    -32    -41    -61    -64    -61    -35    -37    -45    -48    -61    -69    -57    -46    -36    -27    -28    -26    -10    -30    -58    -51    -46    -48    -57    -53    -44    -45    -55    -91    -92    -19
     3    -59    -63    -39    -53    -82    -55    -40    -37    -42    -55    -24      3    -11    -14    -13    -19      0      8      0    -27    -41    -44    -53    -63    -51    -36    -37    -76    -74    -43     -1
    39    -39    -43    -14    -37    -75    -77    -51    -34    -36    -17     50     55     40     35     23     24     32     19     21     10    -20    -39    -55    -63    -53    -56    -64    -81    -37    -25     -5
    61     17      8    -12    -18    -40    -72    -67    -43    -22     21     56     47     41     43     42     42     27     15     18     16     -4    -35    -62    -70    -76    -96    -97    -66    -34    -26     -5
    54     32     23     -1     -6    -24    -51    -73    -52    -12     11     19     24     20     18     10      3      2      2      5      2     -2    -30    -70    -65    -65    -71    -58    -38    -30    -24     -7
    40     13     14     10     -2    -17    -36    -63    -62    -23     -6      8     16     17     -2    -14    -12     -5      6      4     -2    -14    -43    -75    -53    -34    -29    -23    -28    -30    -23     -5
    31      4      6      7      0     -5    -21    -42    -64    -48    -26     -7      3      0    -33    -19    -13    -19      4      0    -10    -27    -47    -57    -41    -30    -25    -27    -30    -32    -22     -2
    27      0     -1      0     -3     -7    -15    -27    -51    -56    -40     -8      0    -24     -9     12     -1    -31    -17    -13    -19    -22    -25    -24    -19    -27    -32    -34    -32    -33    -21     -4
    20     -2     -4     -2     -9     -9    -10    -18    -23    -35    -44    -19    -11     -8     41     44     18    -16    -36    -25    -22    -22    -26    -12    -10    -25    -34    -34    -26    -25    -16     -5
    21      0     -3     -4     -6     -4     -2     -8      6     -8    -30    -47    -19      1      3      3      7     -1    -27    -17    -23    -27    -39    -22    -17    -21    -19     -9      0      4     12     14
    23     -5    -10     -8     -5     -7     -2      0     18     10     -5    -50    -30     -1    -19    -18    -13    -11     -7    -12    -21    -21    -41    -35    -28    -18     -4      9     12     13     21     32
    19     -8    -11    -17    -18     -7     -2      1     10     10     10    -24    -27      0    -11    -27    -29    -12     -6    -26    -20    -18    -41    -39    -34    -20    -24    -34    -37    -30    -17     17
    19     -4    -15    -25    -20    -10     -4    -11    -24    -20      2     -4    -24     -9    -10    -19     -8      4    -10    -20    -10    -17    -38    -39    -37    -27    -46    -69    -61    -45    -42      2
    16     -6    -14     -3      0    -18    -17    -20    -45    -39     -6      9     -9    -13     -7      0      3     -8    -13    -10     -9    -15    -30    -33    -32    -21    -34    -43    -34    -31    -45     -9
    19     -7     -3     10      8    -10    -12     -5    -21    -42    -12      4      3     -9    -12    -12    -22    -22    -20    -20    -19    -20    -17    -20    -21    -15    -25    -28    -26    -30    -43    -18
    25     -1      1      2      4      4      0     -1     -4    -47    -42    -25    -20    -21    -24    -26    -24     -6    -14    -19    -17    -24    -19    -21    -15      7     -5    -20    -26    -27    -42     -5
    16      0      2      1      0      5     -1    -10      6    -19    -50    -31    -32    -30    -26    -21    -14     -7    -11     -7     -4    -11    -21    -22     -3     35      0    -19    -21    -28    -42      9
    15     -4      2      5    -10     -5    -15    -17      2     15    -38    -45    -35    -33    -24    -21    -18    -21    -23    -18    -13    -13    -17    -16      0     20    -25    -23    -19    -32    -38      4
    24     -2      5     13    -12    -10    -15    -33    -25      0    -31    -52    -41    -35    -31    -30    -19    -20    -23    -25    -30    -29    -19    -20    -13    -13    -44    -27    -20    -32    -32     -5
    19     -8      0     -8    -28    -17    -20    -48    -31    -20    -14    -43    -55    -44    -34    -19     -7    -13    -20    -18    -21    -26    -20    -28    -19    -25    -53    -33    -24    -32    -29     -4
     8    -17    -17    -34    -39    -23    -26    -25     -4    -14    -16    -64    -72    -56    -30     -6     -2    -13    -21    -14    -12    -12    -16    -31    -20    -26    -50    -29    -28    -35    -30      0
    11    -14    -14    -16    -12    -22    -27    -14     -8    -21    -40    -80    -65    -58    -27     -2     -2    -13    -18    -20    -22    -11    -17    -30    -22    -26    -37    -19    -29    -35    -28      1
    15    -14    -12     -2      0    -25    -31    -23    -17    -29    -52    -67    -53    -52    -24     -2     -6    -16    -17    -25    -31    -20    -20    -22    -19    -21    -22    -12    -26    -33    -25      2
    60     31     30     32     19      7      4     20     28     15     28     35     17      9     14     19     14      9     12     -1     -3      8      4     10     28     29     33     57     65     57     62     63
