     0      0      0      0      0      0      0      0      0      0      0      0      0      0      0      0      0      0      0      0      0      0      0      0      0      0      0      0      0      0      0      0
     0      4     13     13     13      0      0      0     11     16      9     18     45     26      4     11      1      0      0      0      0     22     35     33      7      0      7     25     29      9     10     22
     0     33      4      0      0      0      0      0     17     24     11     19     45     27      4     11      3      0      0      0     21     49     38     35      0      0      0     58     37      9     10     22
    16     53      0      0      0      0      0      0      5     21     13     19     41     23      3     11      1      0      0      9     55     50     33     28      0      0      0     74     42      9      9     21
     0     21      0      0     23      4      0      0      0      9     16     22     38     23      0      3      0      0      0     24     58     34     24     18      0      0      5     72     43     15      9     21
     0      0      0      0     18     16     26     35     20     12     10     18     27      0      0      0      0      0      0     22     64     33     23     16      0      0     17     61     39     19      8     18
     0      0      0      0     13     24     14     28     35     31      8      0      0      0      0      0      0      0      0     31     80     42     28     21      0      0      3     47     41     21      0      0
     0     17      0      0      0     55     22     19     20     21      0      0      0      0      0      0      0      0      3     63     84     41     29     21      0      0      0     35     33      0      0      0
     0     38      0      0      0     75     37     18      9      8      0      0      0      4      8     22     55     69     82     75     61     33     20      8      0      0      0     27      0      0      0      0
     0      5      0      0      0     52     49     29     15      4      0      0     22     67     36     39     61    107    133     77     37     23     14      0      0      0     24     17      0      0      0     93
     0      0      0      9      0      2     38     44     19      0      0     49    139    133     87     74    103    148    143     84     38     12      9      0      0      0     16      0      0      0      0    124
     0     42     39     49     18      4     20     43     16      6     66    104    111     97     79     81    113    129     94     65     39      0      0      0      0      0      0      0      0      0     17    129
     0     68     46     37     34     18      3     25     27     28     63     44     16     12      6      0     35     63     25     23     20      0      0      0      0      0      0      0      0      0     24    129
     0     41     27     29     34     11      0      0     30     41     52     22      4      3      0      0      3     63     17     15      8      0      0      0      0      0      0     11     11     11     23    129
     0     20     18     21     31     17      0      0      6     29     40      4      0      0      0      0     22     78     27     10      0      0      0      0      0      0     16     13      4     10     28    134
     0     13     14     15     24     11      9      0      0      5     46     30      0      0      0      0     15     36     24      0      0      0      0      0      0      5      8      4      0     11     30    135
     0     10     15      9     10      4     14     19      0      0     38     65      0      0     75    109     40      0      3      0      0      0      0      0      0      0      0      0      8     20     30    125
     0     19     28     16     13     17     27     42     23      2      0     51      0      0     71     61      9      0      6     19      0      0      0      0      0      0     10     41     54     63     61    114
     0     18     20     16     15     17     27     52     62     22      0      7      3      0     28     15      0      0     34     48      0      0      3      0      0      0     57    104     90    103    112    114
     0      9     13      2      5     23     21     42     73     35      0      0     33     13     19      0      0      0     40     20      0      0      1      0      0      0     43     58      7     33     83     81
     0     11      1      0      0     39     15      2     34     24      0      0     42     36     15      0      4     33     31      0      0      0      0      0      0      0      0      0      0      0     57     64
     0     11      5      2     17     28      0      0      0     24      4      9     33     37     28     36     48     34     25      5      0      7      0      0      0      0      8      0      0     22     56     67
     0      7     21     54     44     10     20      5      0     47     58     48     51     42     31     33     17      0     13      0      0     20     24     10      0      0     36     14      0     29     42     53
     0     17     23     60     56      7     48     58      0      0     40     13     17     15     10     16     20     26     30      0      0     12     29     20      0      0     81      4      0     33     44     56
     0     21     23     61     75      8     45     83      0      0     28      9      0      7     12     24     31     45     39     20     15     18     21     23      6     48    106      0      0     30     48     81
     0     27     24     57     71      0      9     80     32      0      1     14      8     18     26     25     14     20      7      0     14     14     20     40     33     59     53      0      0     25     40    101
     0     36     36     69     59      0      0     43     11      0      0      8     22     24     11      0      0     15      1      0      0      0     17     45     10     13      0      0      0     24     29    101
     0     28     29     43     18      0      0      0      0      0      0     31     31     29      0      0     12     29     15      2      0      0     21     42      0      0      0      0      0     28     26    101
     0      6      0      0      0      0      0      0      5      0      0      0      0     26      1      1     32     25     11     30     26      0     24     29      0      0      0      0      0     19     23    106
     0     15      6      0      7     28     12      8     11      0      0      0      0     42     18     17     38     20      5     32     22      0     17      8      0      0      0      0      0     16     25    114
     0     15     18     29     42     29      1      0      0      0      0      0     27     56     41     37     37     15      7     29      5      0     14      0      0      0      0      0      0     17     31    121
     0     56     53     59     58     40     28     24     33     22      0     46     97     90     76     63     49     33     31     40     21     20     39     23     11     28     32     32     71    101    107    140
