     8      2      1      1      3      6      5      1      0      0      0      0      0      3      4      4      3      0      0      8     18     17     19     19     14      5      4      7      7      7      6      4
     3      0      0      0      0      0      0      0      0      0      0      0      0      0      0      0      0      0      0      7     14     14     16     17     10      0      0      0      1      1      0      0
     3      0      0      0      0      2      0      0      0      0      0      0      0      0      0      0      0      0      0     12     20     23     24     22     15      2      0      0      0      0      0      0
     3      0      3      7      6      7      3      0      0      0      0      0      0      0      0      0      0      0      3     15     28     34     33     26     22      7      0      0      0      0      0      0
     6      1      7      9     12     16     14      8      0      0      0      0      0      0      0      0      0      0      4     18     35     43     39     30     25     11      0      0      0      0      0      0
     8      3      8     12     17     22     23     23     18      6      0      0      0      0      0      0      0      0      0      9     31     44     41     32     25      9      0      0      0      0      0      0
    10      5      7      8     16     24     29     29     26     18      2      0      0      0      0      0      0      0      0      0     15     36     38     33     26      9      0      0      0      0      0      0
     6      0      4      5      8     19     31     34     32     26     13      0      0      0      0      0      0      0      0      0      0     24     31     30     25     10      0      0      0      0      0      0
     0      0      0      3      0     10     30     39     39     31     19      2      0      0      0      0      0      0      0      0      0     10     21     24     22     10      0      0      0      0      0      0
     0      0      0      0      0      0     21     37     40     32     22      0      0      0      0      0      0      0      0      0      0      2     11     18     16      2      0      0      0      0      0      0
     0      0      0      0      0      0      7     26     32     29     17      0      0      0      0      0      0      0      0      0      0      0      5      9      3      0      0      0      0      0      0      0
     0      0      0      0      0      0      0     11     20     16      0      0      0      0      0      0      0      0      0      0      2      2      3      4      0      0      0      0      0      0      0      0
     0      0      0      0      0      0      0      0      9      4      0      0      0      0      0      0      0      0      0      0      3      6      2      0      0      0      0      0      0      0      0      0
     0      0      0      0      0      0      0      0      1      0      0      0      0      0      0      0      0      0      0      0      1      4      3      0      0      0      0      0      0      0      0      0
     0      0      0      0      0      0      0      0      0      0      0      0      0      0      0      0      0      0      0      0      1      7      5      0      0      0      0      0      0      0      0      0
     0      0      0      0      0      0      0      0      0      0      0      0      0      3      1      0      0      0      0      0      0      5      3      0      0      0      0      0      0      0      0      0
     0      0      0      0      0      0      0      0      0      0      0      0      0      0      0      0      0      0      0      0      0      0      1      0      0      0      0      0      0      0      0      0
     0      0      0      0      0      0      0      0      0      0      0      0      0      0      0      0      0      0      0      0      0      0      0      0      0      0      0      0      0      0      0      0
     0      0      0      0      0      0      0      0      0      0      0      0      0      0      0      0      0      0      0      0      0      0      0      0      0      0      0      0      0      0      0      0
     0      0      0      0      0      0      0      0      0      0      0      0      0      0      0      0      0      0      0      0      0      0      0      0      0      0      0      0      0      0      0      0
     0      0      0      0      0      0      0      0      0      0      0      0      0      0      0      0      0      0      0      0      0      0      0      0      0      0      0      0      0      0      0      0
     0      0      0      0      0      0      0      0      0      0      0      0      0      0      0      0      0      0      0      0      0      0      0      0      0      0      0      0      0      0      0      0
     0      0      0      0      0      0      0      0      0      0      0      0      0      0      0      0      0      0      0      0      0      0      0      0      0      0      0      0      0      0      0      0
     0      0      0      0      0      0      0      0      0      0      0      0      0      0      0      0      0      0      0      0      0      0      0      0      0      0      0      0      0      0      0      0
     0      0      0      0      0      1      0      0      0      0      0      0      0      0      0      0      0      0      0      0      0      0      0      0      0      0      0      0      0      0      0      0
     0      0      0      0      1     13      7      3      1      0      0      0      0      0      0      0      0      0      0      0      0      0      0      0      0      0      4      0      0      0      0      0
     0      0      0      0      2     18     11      3      3      0      0      0      0      0      0      0      0      0      0      0      0      0      0      0      5      5     11      0      0      0      0      0
     0      0      0      0      0     14     13      9      0      0      0      0      0      0      0      0      0      0      0      0      0      0      0      0      8      5      7      0      0      0      0      0
     0      0      0      0      0      7     14      6      0      0      0      0      0      0      0      0      0      0      0      0      0      0      0      0      6      2      1      0      0      0      0      0
     0      0      0      0      0      4     11      0      0      0      0      0      0      0      0      0      0      0      4      4      5      0      0      0      0      0      0      0      0      0      0      0
     0      0      0      0      0      6     11      0      0      0      0      0      0      0      0      0      0      3      9     11     15     11      3      0      0      0      0      0      0      0      0      0
     4      0      0      0      4     17     20      6      0      3      2      0      0      0      0      2      8     17     17     20     24     20     13      9      0      0      2      0      0      0      0      0
