     0     13     15     14     18     15      9      3     17     22     20     13     33     26      9     15     20      0     21     45      0     15     39     37     29     16     32     12     22     13     13      6
     0     17     19     13     13     11      0      0      5     13     10      5     29     23      4      9     11      0     16     25      0     35     40     44     33     12     18     20     28      8      8      4
     0     26     24     10     15     13      2      0      4     12      5      4     27     23      3      7      9      0     10     15     31     49     40     42     39      2      0     43     30      7      8      4
     0     18     12      0     27     26     17      7      9     14      6      5     27     21      3      8     10      0      4     24     57     54     40     40     40      0      0     59     35      8      8      4
     0     14      7      0     28     21     21     24     21     22     14      8     24     23      6      9      9      0      0     34     69     55     44     43     35      0      0     53     38     12      8      3
     0     17      5      0     34     30     28     31     25     26     21     14     29     24      0      0      6      6      0     40     83     60     46     44     30      0      3     40     34     20     11      1
     0     23     11      6     30     43     36     39     34     28     22     18     24      4      0      1     24     36     22     59     95     64     46     42     29      0      4     33     31     26     21      0
     0     37     28      0     13     62     41     42     38     32     34      6      0      9     11     10     32     41     28     63     93     60     47     40     29      0      0     27     42     31      0      0
     0     56     41      0     11     82     49     43     39     40     43      0      0     39     22     11     32     28     40     56     70     57     48     42     27      0      0     23     56      0      0      0
     0     65     36      0     30     70     60     48     39     45     26      0     10     56     30     22     25     30     62     43     40     49     43     45     19      0     18     28     37      0      0      5
     0     41     29     34     30     40     66     61     43     31      2      0     31     34     15     12     13     43     54     27     20     24     32     44      8      0     29     20      0      0      0     10
     0     15     21     44     18     26     47     68     46     13     12     15      9     10      2      0      7     35     25     11     12      3     15     43      0      0     25     15      0      3      4     17
     0     15     12     16     24     26     24     49     48     12     29     16      1      4     14      0      1     34     16     11     13      3      6     24      0      0     17     20     24     22      9     21
     0     19     11      8     22     19     19     30     49     29     33     10      0      1     16      0      2     57     14     13     15      9      0      0      0      0     12     21     23     24     11     24
     0     19     14     10     19     16     16     22     38     36     39     14      1     24      0      0     14     62     22     12     15      6      0      0      0      9     13     18     14     23     11     27
     0     15     17     10     21     15     13     26     18     28     46     31     12     11      0     14     38     48     37     11     12      2      4      0      0      9     10     12     11     24     13     29
     0     12     20     15     20     15     15     32      6     24     33     59     13      0      6     31     10      7     37     15     20      3     15      0      0      0      5     14     17     27     19     25
     0     16     21     15     12     17     16     28      8     26      5     65     18      0     38     30      2      0     11     29     26      0     25      0      0      0      0     18     22     22     21     13
     0     16     19     16     14     15     14     21     22     26      0     35     35      0     37     37     11      0      5     44     11      0     30      0      0      0      0     27      9      0      5      0
     0     14     23     16      7     17     19     16     33     27      0      0     39     14     27     31      5      0     30     36      0      4     29      4      0      0     10     30      0      0      8      0
     0     14     24      8      6     37     22      6     25     25      0      0     28     23     16     12      6     17     29     14      1     11     22      7      0      0     16     28      0      0     32      0
     0     16     14      7     20     34     19      2      5     35      0      0     14     25     11      6     14      5      7      5      0      9     13     12      0      0     19     22      1     12     38      0
     0     20      9     18     27      7     11     17      0     27     15      0      0      6      2      4     10      0     12      5      0      7      7     17      0      0     29     25      1     11     41      0
     0     15      8     22     37      0      4     34      0      0     31      0      0      0      0      3      1      0     12      0      0      5     12     19      0      0     57     24      0     11     43      0
     0     16      9     18     52      0      1     36      0      0     28     11      0      1      0      5      2      6      3      0      0      0      7     18      0      0     75      0      0     17     33      0
     0     25     11     17     64      5      0     42     18      0      0     10      0      1      4      8      0      9      5      0      0      0      0     22      3      4     64      0      0     22     20      0
     0     27     10     26     58      5      4     51     15      0      0     11     14      9     10      3      2     18     12      0      0      0      0     35      9     16     52      0      0     23     14      2
     0     21     13     33     32      3     16     36     11     22      0     25     15     14      8      0     15     29     15      0      0      0      2     43     11     18     38      0      0     23      9      0
     0     22     23     27     21     29     30     16     20     27      0     21      0     31     12      0     25     32     14     12     12      0      9     38     10     19     20      0      0     23      7      0
     0     23     22     16     22     49     32     13     18     20      0      0      2     48     21      7     29     32     15     30     28      0     14     27      8     17      8      0      2     21      6      1
     0     24     20     16     32     41     30     11     14     29      0      0     30     49     31     21     30     29     17     42     34      3     22     23      2     14     10      0      0     21      5      6
     0     27     26     27     39     34     32     15     17     20      0     11     58     52     44     34     30     30     29     46     33     21     33     19      0     13     11      0      5     31     27     47
