     0      0      0      0      0      0      0      0      0      0      0      0      0      0      0      0      0      0      0      0      0      0      0      0      0      0      0      0      0      0      0      0
     0      0      0      0      0      0      0      0      0      0      0      0      0      0      0      0      0      8      0      0      0      0      0      0      0      0      0      0      0      0      0      0
    22      2      0      0      0      0      0      0      0      0      0      0      0      0      0      0      0      0      0      0      0      0      0      0      0      0      0      0      0      0      0      0
    35     15      0      0      0      0      0      0      0      0      0      0      0      0      0      0      0      0      0      0      0      0      0      0      0      0      0      0      0      0      0      0
    14      3      0      0      0      0      0      0      0      0      0      0      0      0      0      0      0      0      0      0      0      0      0      0      0      0      0      0      0      0      0      0
     0      0      0      0      0      0      0      0      0      0      0      0      0      0      0      0      0      0      0      0      0      0      0      0      0      0      0      0      0      0      0      0
     0      0      0      0      0      0      0      0      0      0      0      0      0      0      0      0      0      0      0      0      0      0      0      0      0      0      0      0      0      0      0      0
     0      0      0      0      0      0      0      0      0      0      0      0      0      0      0      0      0      0      0      0      0      0      0      0      0      0      0      0      0      0      0      0
     0      0      0      0      0      0      0      0      0      0      0      0      0      0      0      0      0      0      0      0      0      0      0      0      0      0      0      0      0      0      0      0
     3      0      0      0      0      0      0      0      0      0      0      0      3      0      0      0      0      0      8      0      0      0      0      0      0      0      0      0      0      0      0      0
    39      0      0      0      0      0      0      0      0      0      0     50     55     40     35     23     24     32     19     21     10      0      0      0      0      0      0      0      0      0      0      0
    61     17      8      0      0      0      0      0      0      0     21     56     47     41     43     42     42     27     15     18     16      0      0      0      0      0      0      0      0      0      0      0
    54     32     23      0      0      0      0      0      0      0     11     19     24     20     18     10      3      2      2      5      2      0      0      0      0      0      0      0      0      0      0      0
    40     13     14     10      0      0      0      0      0      0      0      8     16     17      0      0      0      0      6      4      0      0      0      0      0      0      0      0      0      0      0      0
    31      4      6      7      0      0      0      0      0      0      0      0      3      0      0      0      0      0      4      0      0      0      0      0      0      0      0      0      0      0      0      0
    27      0      0      0      0      0      0      0      0      0      0      0      0      0      0     12      0      0      0      0      0      0      0      0      0      0      0      0      0      0      0      0
    20      0      0      0      0      0      0      0      0      0      0      0      0      0     41     44     18      0      0      0      0      0      0      0      0      0      0      0      0      0      0      0
    21      0      0      0      0      0      0      0      6      0      0      0      0      1      3      3      7      0      0      0      0      0      0      0      0      0      0      0      0      4     12     14
    23      0      0      0      0      0      0      0     18     10      0      0      0      0      0      0      0      0      0      0      0      0      0      0      0      0      0      9     12     13     21     32
    19      0      0      0      0      0      0      1     10     10     10      0      0      0      0      0      0      0      0      0      0      0      0      0      0      0      0      0      0      0      0     17
    19      0      0      0      0      0      0      0      0      0      2      0      0      0      0      0      0      4      0      0      0      0      0      0      0      0      0      0      0      0      0      2
    16      0      0      0      0      0      0      0      0      0      0      9      0      0      0      0      3      0      0      0      0      0      0      0      0      0      0      0      0      0      0      0
    19      0      0     10      8      0      0      0      0      0      0      4      3      0      0      0      0      0      0      0      0      0      0      0      0      0      0      0      0      0      0      0
    25      0      1      2      4      4      0      0      0      0      0      0      0      0      0      0      0      0      0      0      0      0      0      0      0      7      0      0      0      0      0      0
    16      0      2      1      0      5      0      0      6      0      0      0      0      0      0      0      0      0      0      0      0      0      0      0      0     35      0      0      0      0      0      9
    15      0      2      5      0      0      0      0      2     15      0      0      0      0      0      0      0      0      0      0      0      0      0      0      0     20      0      0      0      0      0      4
    24      0      5     13      0      0      0      0      0      0      0      0      0      0      0      0      0      0      0      0      0      0      0      0      0      0      0      0      0      0      0      0
    19      0      0      0      0      0      0      0      0      0      0      0      0      0      0      0      0      0      0      0      0      0      0      0      0      0      0      0      0      0      0      0
     8      0      0      0      0      0      0      0      0      0      0      0      0      0      0      0      0      0      0      0      0      0      0      0      0      0      0      0      0      0      0      0
    11      0      0      0      0      0      0      0      0      0      0      0      0      0      0      0      0      0      0      0      0      0      0      0      0      0      0      0      0      0      0      1
    15      0      0      0      0      0      0      0      0      0      0      0      0      0      0      0      0      0      0      0      0      0      0      0      0      0      0      0      0      0      0      2
    60     31     30     32     19      7      4     20     28     15     28     35     17      9     14     19     14      9     12      0      0      8      4     10     28     29     33     57     65     57     62     63
