     0     23     34     41     45     39     35     42     62     67     67     61     70     51     32     37     40     30     65     63      8     59     90     80     70     55     53     23     39     34     34     29
     0     37     34     23     17      8      0      0     11     24     21     28     55     35     13     18      5      0     40     12      0     29     42     42     35     27     18     22     38     15     16     23
     0     68     62     22      3      0      0      0      8     19     11     22     52     35     11     15      3      0     13      0     14     43     35     33     28      9      7     49     38     12     15     22
     0     19     14     14     59     48     19     12     19     17      8     23     51     32     10     22     15      0      0     10     43     32     20     25     12      0     26     89     42     14     16     24
     0      5      0      0      9     10     19     41     57     44     16     20     44     37     16      7      0      0      0      1     41     27     19     25      0      0     29    106     48     13     15     21
     0     15      0      0     10      0      0      0     16     50     48     37     51     18      0      0      0      0      0      0     44     27     24     26      0      0     10     78     57     24     17     21
     0     13      0      0      6     12     16     13      0      6     33     40     18      0      0      5     43     49     32     71     81     29     18     19      0      0     18     57     50     40     27      0
     0     16     12      0      0     23     15     25     17      0     13      3      0      1     27     35     59     65     73    125    114     37     18     12      0      0      4     55     66     35      0      0
     0     26      0      0      9     62     13     17     18     20      4      0      0     28      6     11     41     20     65    128    110     54     30     18      0      0      0     55     88      0      0     29
     0     87      0      0     77     80     13      5     10     20      0      0     30    106     53     44     48     55     85     86     91     72     45     34      0      0     14     63     33      0      0     99
     0    129     34      9     64     96     66     19      6      0      0      0     49     33     11     23     43     93     79     23     42     56     41     32      0      0      0      0      0      0      0    114
     0     51     71     44      0     65     97     61     14      0      0      0      0      0      0      0      0     39     17      0      0      4     28     32      0      0     18      0      0      0     25    120
     0     16     26     28     13     19     51     63     25      0     34     26     18     15     10      0      0     32     24     12      0      0      4      0      0      0     39     35     23     20     32    120
     0     22     10     13     21      9     33     60     48     25     42     14      0      9     11      0     16     70     26     25     12      0      0      0      0      0      8     20     21     18     30    125
     0     29     18     18     24      3      1     42     62     38     43     23     14     44      0      0     36     73     21     21     10      0      0      0      0      9     16     19     10     16     28    127
     0     23     22     17     26      5      0     14     44     59     53     37     30      0      0     81    155    107     34      5      0      0      0      0      0     27     14      7      5     17     31    124
     0     17     32     37     35     16      6     11      8     77     64     52     11      0      0     14     32     66     65     17     19      0      0      0      0      7     13     15     18     34     53    129
     0     28     27     20     22     24     18      5      0     59     70     68      0      0     26      0      0      5     40     56     43      0      0      0      0      0      0     37     51     54     87    157
     0     21     22     17     22     20     20     11      0     19     43     84     18      8     68     34      0      0      8     58      2      0     13      0      0      0      0     38     17      0      6     80
     0     22     33     15      0     15     39     29     21      0      0     41     56     31     62     39      0      0     55     40      0      0     19      0      0      0     22     21      0      0      9     36
     0     19     31     15     16     43     36     30     18      0      0      7     55     32     36     30     22     51     63     22      0     16     12      0      0      0     63     72     25     53     80     53
     0     12      4      8     63     65     24     45     56     32      0     14     78     67     34     21     27      9      5      3      0     13     13      0      0      0     41     43     27     73     95     55
     0     30      6      7     37     35     20     43     49     51      0      0      0     28     17     16     20     10     34     13      0      0      0      0      0      0     45     41     16     54    105     66
     0     17     17     27     34     10     24     37     31     49     40      0      0      7     15     23      9     16     42     19     21     30     11      0      0      0     90     47      0     45     81     69
     0      6     18     33     41      0     10     11      0     34     78     34     19     12     14     33     25     17      1      0      0     25     29      0      0      0     83      0      0     50     54     71
     0     26     22     50     65      0      8     34      0      0     53     18      2     20     21     21     10     24     13      0      0      0      0     13      0      0     24      0      0     49     45     81
     0     40     16     61     64      0      7     61      0      0      0     49     49     42     35     13     13     37     32     17     12      0      3     31      0      1      0      0      0     42     51     96
     0     18     17     41      0      0      5     48      9      0      0     61     30     18     16      6     35     48     16      3     31     23     30     44      0      9      0      0      0     32     37     97
     0     30     46     60     24     10     19     14     30     10      0     27      1     32     13      9     45     50     17      4     10      1     40     42      0      0      0      0      0     36     31     98
     0     30     27     32     49     58     17      0      4      0      0      0     15     65     21     21     54     45     22     35     14      0     26     28      0      0      0      0      0     31     33    108
     0     36     23     12     43     46     16      5     16     14      0      0     53     77     37     40     54     33     16     46     21      0     26     28      0      0      0      0      0     27     32    114
     0    120    115    111    102     74     60     64     89     65     46    141    210    174    127     92     76     64     74     88     50     46     65     42     48     75     39     36    130    194    214    316
