    85     34     24     18     17     36     61     69     53     49     51     32      0      9     25     23     46     69     29     45    105     71     39     37     44     35     14     21     10     19     19      3
    83      0      0      0      0      3     18      7      0      0      0      0      0      0      0      0      0     22      0     13     29      0      0      0      0      8      0      0      0      0      0      0
    40      0      0     16     14     19     25      7      0      0      0      0      0      0      0      0      0     26     15      3      0      0      0      0      0     45      0      0      0      0      0      0
     5      0      0     27      5     15     21     10      0      0      0      0      0      0      0      0      0     28     16      0      0      0      0      0      8     60      0      0      0      0      0      0
    18      0     20     22      0      0      0      0      0      0      0      0      0      0      2      3     15     41     27      0      0      0      0      0     15     47      0      0      0      0      0      0
    42     16     41     33      0      0      0      0      0      0      0      0      0     26     89    104     99     95     60      0      0      0      0      0     20     38      0      0      0      0      0      0
    66      9     34     30      0      0      0      0      0      0      0     12     53    118    152    129     87     63     28      0      0      0      0      0     15     38      0      0      0      0     25     20
   100      0     28     60      0      0      0      0      0      0     21     92    103     74     49      2      0      0      0      0      0      0      0      0     15     41      0      0      0     33    122     51
   163      0     40    102      0      0      0      0      0      0     51    126     47      0      0      0      0      0      0      0      0      0      0      0     31     46      0      0      0    131    140      0
   217      0     33     65      0      0      0      0      0      3     53     64      0      0      0      0      0      0      0      0      0      0      0      1     41     27      0      0     44    139     32      0
   192      0      0      0      0      0      0      0      0      8      0      0      0      0      0      0      0      0      0      0      0      0      0      3     59     36      0     38     89     79      0      0
   131      0      0      0      0      0      0      0      0      0      0      0      0      0      0      0      0      0      0      0      0      0      0     19     95     81     55     83     67      5      0      0
   108      0      0      0      0      0      0      0      0      0      0      0      0      0      0     19      0      0      0      0      0     18     28     49    101     57     13      0      0      0      0      0
   112      0      0      0      0      0      0      0      0      0      0      0      1      0     36     75      0      0      0      0      0     38     82     92     73      0      0      0      0      0      0      0
   117      0      0      0      0      0      0      0      0      0      0      0      5     28     92     79      0      0      0      0     11     52     93     89     23      0      0      0      0      0      0      0
   118      0      0      0      0      0      0      0      0      0      0      0      1     33     42      0      0      0      0     11     18     32     41     41      0      0      0      0      0      0      0      0
   123      0      0      0      0      0      0      0      0      0      0      0     15      6      0      0      0      0      0      8      9     18      9     22      0      0      0      0      0      0      0      0
   119      0      0      0      0      0      0      0      0      0      0      0     16     10      0      0      0      2      0      0      0     21      0     24      3      0      0      0      0      0      0      0
   114      0      0      0      0      0      0      0      0      0     13      0      0      5      0      0     27     19      0      0      4     16      0     25     26      0      0      0      0      0      0      0
   115      0      0      0      0      0      0      0      0      0     38      0      0      0      0      0     28      0      0      0     23      4      0     22     36      8      0      0      0      0      0      0
   111      0      0      3      0      0      0      0      0      0     39      0      0      0      0      0      0      0      0      0     10      0      0     18     39     20      0      0      4      0      0      0
   116      0      0      0      0      0      0      7      0      0      0      0      0      0      0      0      0      0      0      0      0      0      0      1     33     12      0      0      0      0      0      0
   111      0      0      0      0      0      0      0      0      0      0      0      0      0      0      0      0      0      0      0      0      0      0      0     27      7      0      0      0      0      0      0
    97      0      0      0      0      0      0      0      0      0      0      0      0      0      0      0      0      0      0      0      0      0      0      0     19      0      0      0      0      0      0      0
   103      0      0      0      0      0      0      0      0      0      0      0      0      0      0      0      0      0      0      0      0      0      0      0      0      0      0      1      0      0      0      0
   108      0      0      0      0     21      0      0      0     25      0      0      0      0      0      0      0      0      0      2      0      0      0      0      0      0      0     78     14      0      0      0
    96      0      0      0      0     37      9      0      7     53     22      0      0      0      0      0      0      0      0      9      2      0      0      0      0      0     11    117     11      0      0      0
   103      0      0      0      0     40     18      0     22     30     29      0      0      0      0      0      0      0      0      0      0      0      0      0     11     14     52    124      0      0      0      0
   122      0      0      2     13      7      2      0      0      0     28      0      0      0      0      0      0      0      0      0      0      0      0      0     19     25     67    105      0      0      0      0
   129      0      0      0      0      0      0      0      0      8     62     25      0      0      0      0      0      0      0      0      0      8      0      0     24     25     58     73      0      0      0      0
   131      0      0      0      0      0      0     14      0     24     83     20      0      0      0      0      0      0      0      0      0     17      0      1     30     15     34     49      0      0      0      0
    23      0      0      0      0      0      0      0      0      0      0      0      0      0      0      0      0      0      0      0      0      0      0      0      0      0      0      0      0      0      0      0
