    48      1      0      0      0     18     38     30     13     10      9      0      0      0      5      5     38     35      0     18     52      4      0      0      1      0      0      0      0      4      5      0
    55      0      0      0      0     16     33     25      9      7     10      0      0      0      3      4     34     34      5     25     17      0      0      2     19     11      0      0      0      5      3      0
    38      0     10     12      2     15     27     17      0      0     10      0      0      0      4      2     29     40     28     11      0      0      6      9     37     45      0      0      0      5      3      0
    15     11     45     37      8     14     20     10      0      0      4      0      0      0      2      0     26     47     32      0      0      8     15     13     51     68      0      0      0      3      3      0
    17     14     41     30     16     29     24     16      2      0      0      0      0      0      5      6     31     54     33      0      0     15     17     18     54     64      0      0      0      0      4      0
    29     17     38     20     10     20     17     20     23     12      1      0      0     24     50     45     43     51     22      0      0     10     15     21     54     51      0      0      0      0      3      0
    43     14     33     20      4     11     19     12     14     24     27     21     42     79     84     60     32     26      0      0      0      0     11     19     52     55      1      0      0      0     20      0
    62      0     38     47      0      0     18     18     13     21     59    100     87     56     52     35     13     19      0      0      0      0      1     13     47     61     16      0      0     28     88      0
    87      0     57     78      0      0      2     23     23     25     92    142     59     14     41     28      6      4      0      0      0      0      0     11     46     55     14      0     21    112     88      0
   118      0     50     56      0      0      0     12     25     41    115    108     14     13     40     30      9      0      0     11      5      0      0     14     49     32      0      7     97    131     18      0
   147      4      2     12     24      0      0      0     22     52     74     20      0     27     49     41      0      0      0     24     33     19      1     25     60     22      8     62    119     83      2      0
   130     24      0      7     33      7      0      0     13     28      0      0     12     21     40     33      0      0      0     12     37     45     21     48     89     57     45     72     68     43      0      0
   102     11     22     17     11     27      5      0      0      0      0      9     17     15     29     34      0      0      1      0     20     48     48     85    108     74     52     40     34     38      0      0
    96     13     22     12     12     33     30      0      0      0      0      6     16     15     57     57      0      0      0      0     13     51     86    108     87     49     37     36     40     42      1      0
    98     15     17     10      8     24     40     23      0      0      0      4      9     31     92     46      0      0      0      2     21     63    102    106     60     29     28     38     43     41      0      0
   100     18     15     10      7     21     30     41     30      0      0      0     13     71     70      7      0      0      0      7     21     45     80    102     64     35     33     41     42     39      0      0
   104     17     13     11     13     18     11     35     51      1      0      0     39     33      0     12     48     11      0      0     11     23     56     91     77     61     44     37     34     34      0      0
    99      9     10     19     17     10      2     19     37     44      0      0     33      7      0     12     49     35      0      0     22     24     31     72     87     72     34     14     12     15      0      0
    96     14     12     15     14     14      1      0      7     65     47      0      4      5      0      1     37     35      0      0     45     24     24     68     92     59      0      0      1      0      0      0
    97     18     14     22     20      6      1      0      0     54     84     13      0      0      0     14     35      4      0     22     46     17     26     66     95     54      0      0     21      0      0      0
    96     19     31     42      3      0     14      0      0     25     72     25      0      0      6     13      2      0      2     30     28     15     29     65    102     71     11     22     21      0      0      0
    96     21     33     29      2      3     26     19      0      0     25     23      0      0      0      0      0      5      9     18     21     16     29     61    105     74     23     36     24      0      0      0
    93     21     11      0     21     27      7     21      0      0      0      8      5      0      0      0      6      3      0     16     14      4     12     53    116     80     18     43     38      0      0      0
    88     26      5      0     12     32      0     15     37      0      0      0      0      0      0      0      0      0      0     23     12      0      0     43    111     58     11     77     61      0      0      0
    87     19      5      0      0     37      0      0     65     22      0      0      0      0      0      0      0      0      0     15     14      2      0     25     70     16     37    133     79      0      0      0
    83      5      4      0      0     48      2      0     52     59      0      0      0      0      0      0      0      0      0      2      0      5      0      4     33     11     83    157     80      5      0      0
    75      2      0      0      2     58     11      0     39     73     40      0      0      0      0     14      0      0      0      5      0      0      0      0     32     25     99    157     75     15      0      0
    79      9      0      0     18     40     21     30     26     50     30      0      0      0     19     17      0      0      0      6      6      3      0      0     38     39    112    143     59     17      0      0
    90      8      8     11      5      0     21     31     15     43     35     14      0      0     16      8      0      0      0      0     12     18      0      5     39     53    122    126     50     20      0      0
    96      6     15     18      0      0     23     28     25     52     62     40      0      0      5      0      0      5      2      0     14     24      2     20     38     58    117    112     53     26      0      0
   100      7      8      1      0      8     33     40     26     56     88     31      0      0      0      0      0     14      5      0     21     21      9     34     45     51     97    109     61     26      0      0
    55      2      0      0      0     13     27     25     11     45     58      0      0      0      0      0      7     17      4      3     22     11      8     32     30     22     52     65     30      5      0      0
