    64     36     33     29     26     34     47     50     39     39     40     30     11     21     34     28     33     53     33     37     78     48     20     19     22     19     11     28     23     28     30     19
    57     14     13     19     19     17     17     16     11     11     15     15      7     14     23     16      6     23     38     44     26      0      7      5     11     20     18     11      8     19     19     16
    36      5     19     30     23     19     19     13      4      5     14     15      8     12     22     15      6     27     52     43      1      0      4      8     18     35     19      0      9     19     19     17
     6     10     44     57     26     15     10      9      4      0      6     12      9     15     24     16      6     26     48     30      0      0      8     13     23     43     16      0      6     17     18     17
    18     18     32     38     17     23     19     13     10      0      0      9     11     12     18     15     11     29     47     31      9      7      8     15     26     32     10      0      2     15     18     17
    34     26     40     37     16     11      8     11     24     11      0      0      0     12     42     48     37     40     53     34     10     12     10     17     28     22      4      3      6     10     19     19
    45     25     37     34     20     13     18     11      9     11      8      5     24     62     74     63     38     21     22      4      0     11     16     18     28     28      7      0      5      6     13     39
    59     18     29     47     29      0     19     19     15     10     15     48     62     35      7      0      0      0      0      0      0     12     18     20     24     31     19      2      0     12     61     64
    75      6     38     71     27      0     14     22     24     13     17     59     26      0      0      0      0      0      0      0      4     14     21     27     30     33     16      2      4     63     78      8
    88      0     40     52     13      2     10     19     20     15     28     38      0      0      0      0      0      0      0      1     16     15     25     26     35     26      0      0     30     71      1      0
    73     20      3      0     34     33      0      4     14     21     14      0      0      0      0      0      0      0      0      0     21     26     25     22     30     13      0     28     49     15      0      0
    29      3      0      0     28     36     18      0     10     12      0      0      0      0      0      0      0      0      7      7     19     43     34     20     39     37     34     39     14      0      0      0
    17      0      1     14      2     20     38     15      0      0      0      3     16     13      6     16     18     12     20     16     16     36     40     29     43     33     20      0      0      0      0      0
    27      0      0      3      7     24     36     27      0      0      0      5     13     14     23     52     16      0     18     20     20     32     49     39     17      0      0      0      0      0      0      0
    37      0      0      1      1     12     29     31     10      0      0     11     15      8     39     39      2      0     15     20     26     48     55     27      0      0      0      0      0      0      0      0
    38      3      0      2      0     11     19     23     32      8      0      0      7     40     54      0      0      0      6     27     28     37     23      6      0      0      0      0      0      0      0      0
    43      7      3      1      2     12     11      6     28     13      0      0     25     18      0      0     28     38     12     21     15     23     11      2      0      0      0      0      0      0      0      0
    44      0      0      4      6      0      3      0      5     13     22      0     20     14      0      4     21     34     26      2     11     37     10      0      0      7      0      0      0      0      0      0
    40      4      5      4      0      1      4      0      0      8     42     11      0     20     11      9     15     28     12      0     25     37     13      2      1      3      0      0      0      0      0     10
    43      7      1      2     11      4      0      0      0      0     36     27      0      0     13     21     33     16      0     11     32     26     18      8      0      0      0      0     10      3      0      8
    42      5      8     23      6      0      2     16     11     11     25     18      0      0     18     27      9      0      6     24     16     18     17      9      3     11      1      4     10      0      0      0
    43      6     12     10      0      0     12     35     35      0      1     12      3      0      4      1      0     11     22     14     15     20     20      7      0      0      0      0      0      0      0      1
    45      3      0      0      0     18      0      5     27      0      0      0     13     10      9     10     22     31      6     12     18     12     12      0      2      8      0      0      0      0      0      6
    36      7      3      0      0     14      0      0     30     23      0     15     13     21     20     16     16     12     12     24     21      7      4      1      9      7      0      0      0      0      0     12
    39      4      6      0      0     16      1      0     20     44      2     13     20     18     17      8      3      3     15     19     19     20     13      4      0      0      0      6      6      0      0      0
    47      0      7      5      0     29     22      0      0     37     21     11     23     10      2      3     21     22     20     19     12     20     25      0      0      0      0     27      2      0      0      0
    41      0      4      0      5     42     29      0      0     30     65     16      0      0      3     17     23     18     23     25     20     21     16      0     10     13     10     28      2      0      0      0
    38      6      1      2     29     44     30     24     19     12     40      1      3      3     10     16      9      9     18     25     18     17     11      3     22     23     19     29      0      0      0      0
    53      9     16     30     31     16     15     10      0     12     33     27     29      0      0      3      4     16     19      4      6     22     12      9     22     26     27     24      0      0      0      0
    52      2     10     21     13      4      8      0      5     30     47     44     16      0      0      0      1     14     21      5      4     19     15     16     21     24     25     13      0      0      0      0
    51      2      1      0      6     20     12      9     15     24     50     32      0      0      0      0      1     14     19     11     17     20      9     12     19     18     14      9      0      0      0      0
    31      0      0      0      0     17      8      0      0     12     22      0      0      0      0      0      8     13     10      9     19     12      0     10     12      0      0      0      0      0      0      0
