    19     28     20     19     12      1      0      9     20     20     22     43     37     15     13     12      0     15     47      8      0     19     28     19     18     41     33     26     13     11     10     34
     0     29     28     28     18      0      0      0     13     11     13     44     46     18     12     11      0      0     35      5      0     12     29     18      9     44     52     35     17     10     11     40
     0      4     16     41     43     19      0     11     21     12     10     40     46     19     14     14      0      0     11      9     10     13     22     16      0     21     76     55     22     10     12     42
     0      0      0      0      9     11      4     18     37     22     10     38     45     20     12      8      0      0      0     24     31     20     17     14      0      0     79     81     27     11     12     42
     8      7      0      0      1      0      0      0     19     33     22     39     42     17     21     30      6      0     18     53     42     22     16      9      0      0     56     91     42     14     13     44
    14      6      0      8     11      0      3      0      0      8     23     42     53     50     68     94     82     48     67     93     55     21     15      0      0      0     48     77     52     22     12     48
    15      5      0     19     32      6     10     11      0      0      5     51     67     47     35     50     55     41     82    125     82     32     18      0      0      0     45     71     52     31     27     96
    28     21      0     30     71     23      6     12     14      0      0      6     25      0      0      7     21     12     59    127    101     52     29      8      0      0     31     68     60     51     39    158
    60     68      0     18    103     65     12      4     10      3      0      0      3      0      0      5     25     14     19     84     94     63     44     19      0      0     13     57     36     24     12    184
    31    120      0      0     99    122     48      7      5      0      0      0      0      0      0      0     10     24      1     10     48     53     44     16      0      0      4     36      0      0     23    221
     0     72     31      0     37    112     97     34     11      0      0      0      0      0      0      0      0     24      9      0      0     24     40     10      1     51     68     44      0      0     52    235
     0      1     37     18      0     44    104     71     17      1      0      0     19      0      0      0     24     45     28      0      0      0     23      0      0     56     79     31      0      0     68    235
     0      2     16     22      2     10     73     93     35     25     22      9      7      8      0     26     60     40     25     13      0      0      0      0      0      6     20     12      8     16     75    239
     0     18      9     20     12      0     20     79     66     55     40     16      8     12      0     22     80     43     21     18      0      0      0      0      0      0      8     13     21     19     72    238
     0     22     14     23     17      0      0     36     83     87     49     16      8      1      0     26    108     74     23     21      0      0      0      0      0      8     14     13     20     20     72    235
     0     24     21     30     26     12      0      0     48    101     69     13     11      0      0      0     62     97     44     28      3      0      0      0      0     17     24     17     22     23     77    237
     0     18     12     22     25     14     11      0      0     68    112     33      0      0      0      0      0     58     54     31     10      0      0      0      0      0     18     14     13     11     64    237
     0     20     17     14     18     16     26      0      0      0    115     78      0     38     55      5      0      3     36     20      1     13      0      0      0      0      0      0      0      0      3    204
     0     24     22     12     17     24     36     21      0      0     37     92     13     37     68     27      0      2     35     20      0     12      0      0      0      0     21      9     14     18      0    163
     0     20     24     32     33     22     34     54     20      0      0     59     34     24     50     32      1     12     41     20      0     11      0      0      0     17     86     74     65     87     42    145
     0     16      9     15     45     33     29     78     79      0      0     22     52     28     20      2      0     11     24      0      0     10      0      0      0      2     63     51     50    105     78    150
     0     16      0      0     24     42      6     29     81     13      0      0     21     20      9      6     12     27     11      0      0      0      0      0      0      0     29     17     34    100     99    176
     0     10     13      0      0     17      1      0     58     67      6      0      6     18     20     23      6     12      6      0     11      6      0      0      0      0      8      0     28     81     80    206
     0      4     25     27      0      0     15      0      0     91     49     22     16     13     22     25      6      0      0      0      0     18     10      0      0      0      0      0     16     75     50    211
     0      6     28     54      0      0     40      0      0     40     61     25     26     16     17     20     27     26      5      0      0      4     18      0      0      0      0      0      1     69     50    204
     0     12     21     63      0      0     46     24      0      0     69     46     29     26     29     32     42     39     18      8      3      5     21      0      0      2      0      0      0     56     66    212
     0     20     27     59      7      0     41     63      0      0     26     43     27     28     32     36     43     34      8      7     13     14     34      3      0     15      0      0      0     39     67    225
     0     34     57     85     37      0     21     34     11      0      0     48     57     35     19     26     41     40     13      0      0     11     46     13      0      5      0      0      4     38     60    230
     0     31     41     59     42      8      3      5      6      0      5     49     76     44     12     25     42     37     30     12      0      1     42     20      0      0      0      0     11     37     58    230
     0     33     22     18     36     28     10     18     21      0      3     37     76     59     17     25     36     24     33     34      0      1     30     18      4      0      0      0     13     31     59    230
     0     34     27     24     33     30      6     12     17      0      0     36     74     68     25     21     28     17     34     36      4      6     12      0      8      0      0      0      9     27     62    229
     0      0      0      0      0      0      0      0      0      0      0      0      0      0      0      0      0      0      0      0      0      0      0      0      0      0      0      0      0      0      0    102
