     4      0      0      0      0      0      0      0      0      0      0      0      0      0      0      0      0      0      0      0      0      0      0      0      0      0      0      0      0      0      0     10
     5      0      0      0      3      3      6      4      1      0      0      0      0      0      0      2      7      3      0      0      0      1     12      9      4      5      9      1      3      7      5     10
     6      0      0      1      3      6      4      5      4      0      0      0      0      0      1      3      7      0      0      0      1     16     20     18      0      0     12      0      4      6      5     11
    22     16      0      0      0      0      0      0      4      3      1      0      0      0      0      0      4      0      0      0     10     28     26     20      1      0      2      0      0      5      5     10
    20     17     10      9      6      7      4      0      0      7      6      1      0      0      1      6     12      6      3      2     10     28     29     18      7      0      0      0      1      3      5     12
    18      5      3      1      8     15     22     16      1      0      6      3      1      2      0      0      2      0      0      0      2     20     28     16      6      6      0      0      1      2      2     12
    19      2      0      0     11      8     17     22     18      8      4      5      0      0      0      0      0      0      0      0      0     15     23     18      3      0      0      0      0      0      0     30
    25      0      0      0     15      5     16     19     21     17      0      0      0      0      0      0      0      0      0      0      0     11     15     16      7      0      0      0      0      0      0     19
    35      0      0      0      0      3     13     19     20     16      0      0      0      0      0      1      1      9      0      0      4      4      7      5      3      0      0      0      0      0      0      0
     8      0      0      0      0      9      7     15     22     15      7      5      0      0      0      0      5     13      6      1      6      1      0      0      0      0      0      0      0      0      0      0
     0      0      0      0      0      0      2      9     19     24     28     20     26     28     20     17     21     17     30     21      4      5      1      0      0      2      0      0      0      0      0      0
    21      0      2      4      0      0      0      4      9     29     41     36     46     44     36     38     37     31     33     30     11      1      0      0      0      0      0      0      0      0      0      0
    33     20      8     12      0      0      0      3      8     24     22     20     14     16     10     24     24      9     14     13     11      0      0      0      0      0      0      0      0      0      0      4
    28     17     14     12      2      0      0      0      8     14     19     19     16     12      1      7     11      2     12      9      8      0      0      0      0      0      0      0      0      0      0      5
    21     13     11     11      8      1      0      0      3      8      7      8      8      0     14      4      6     12      9     11      5      0      0      0      0      0      0      0      0      0      0      6
    20     11      8     10      8      6      4      0      0      2      5      1      6      0      0      0      0     16      3      7      3      0      0      0      0      0      0      0      0      0      0      9
    20      7      3      3      6      4      6      0      0      0     18      0      0     32     28     29      9      6      0      0      0      7      1      7      0      0      0      0      0      0      0      9
    17      8      8      5      8      7      9     12      4      0     11      6      0     19     20     26     14      0      4      0      0      0      0      3      0      0      0      0      0      0      0      0
    18      8      7      4      5     10     10     20     14      0      0      8      0      0      5      7     10      8      7      0      8      0      0      0      0      1      0      0      4     12      0      0
    15      5      2      7     11      3      5     17     17     13      0      6      2      0      0      0      0      0      0      5      5      0      0      0      0      0      0      0      0      0      0      0
    17      7      0      0      7      3      2      7     10      8      0      0      8      0      0      0      0      0      0      3      0      0      0      0      0      0      0      0      0      0      0      0
    21      6      6      0      0     10      0      0      0      0      0      0      0      0      0      3      2      8      2      0      1      0      0      0      0      0      0      0      0      0      0      0
    14      4     16     14      0     10      8      0      0      0      0      5      0      0      0      0      0      0      0      0      0      0      0      0      0      7      0      0      0      0      0      0
    18      9     12     15      2     10     21      0      0      0      0      0      0      0      0      0      0      0      0      0      0      0      0      0      2     12      0      3      5      0      0      0
    24      9      9     19      6     16     28     23      0      0      0      0      0      0      0      0      0      0      0      0      0      0      0      1     16     22     12     23     10      0      0      0
    20      7      7     13      5      8     21     31     13      0      0      0      0      0      0      0      0      0      0      0      0      0      0      1     27     24     18     21      7      0      0      0
    16     11     15      9     11      6     13     22     38      0      0      0      0      0      0      0      0      0      0      0      0      0      0      0     16     13     11     17      4      0      0      0
    21     12     16     13     19      7      0      8     11      0      0      0      0      0      0      1      0      0      1      0      0      0      0      0      8      4      2     10      0      0      0      0
    15      1      0      0      2      0      2     18      8      4      0      0      0      0      0      7      3      1     10      8      0      0      0      4      7      0      0      2      0      0      0      0
    16      4      0      0      1      2     15     24     15      0      0      0      0      0      1      8      6      5     12     11     11     11      3      7      7      0      0      0      0      0      0      0
    14      3      8     12      3     11     13     13      5      0      0      0      0      0      4      8     10     12     17     11     13     14      7      5      7      2      0      0      0      0      0      0
     0      0      1      5      5      7      8      6      1      0      0      0      0      0      6      9      9      9      7     10     10      7     12      9      1      1      2      0      0      0      0      0
