    51     54     44     36     34     39     48     56     59     59     59     51     41     36     34     35     47     57     57     60     60     55     43     42     45     48     48     41     35     31     31     25
    21      8      4      3      3      5      1      0      0      0      0      0      0      0      1      1      5      5      6      5      0      0      0      0      0      1     12     12      1      2      3      3
     0      0      0     15     30     28     18      1      0      0      0      0      0      0      3      4      8      7      0      0      0      0      0      0      0      2      7      5      0      3      4      4
     0      0      0      0      0      3      5      1      0      0      0      0      0      0      2      0      2      2      0      0      0      0      0      0      0      0      0      0      1      4      4      5
    16     11      6      0      0      0      0      0      0      0      0      0      0      0     10     18     25     21      0      0      0      0      0      0      0      0      0      0      2      8      6      6
    32     35     25      1      0      0      0      0      0      0      0      0     11     51     94    121    127    105     54      0      0      0      0      0      0      0      0      0      0      8      8      5
    36     29     17      0      0      0      0      0      0      0      0      7     66    111    125    112     92     67     29      0      0      0      0      0      0      0      0      0      0     11     40     34
    41     26     17     14      0      0      0      0      0      0      0     26     56     49      7      0      0      0      0      0      0      0      0      0      0      0      0      0      7     58    103     76
    64     49     40     29      9      0      0      0      0      0      0     10      0      0      0      0      0      0      0      0      0      0      0      0      0      0      0      0     25     86     91     27
    66     59     50      8      0      0      1      0      0      0      0      0      0      0      0      0      0      0      0      0      0      0      0      2      2      0      0      0     21     45      3      0
     4      0      0      0      0      0      2      0      0      0      0      0      0      0      0      0      0      0      0      0      0      0      0      1     14     15     16     43     47     13      0      0
     0      0      0      0      0      0      0      0      6      0      0      0      0      0      0      0      0      0      0      0      0      0      0      3     29     50     72     77     38      0      0      0
     0      0      0      0      0      0      0      0      6      0      0      0      4      9     17     12      1      1      6      7      0      0      0      6     21      9      0      0      0      0      0      0
     2      0      0      0      0      0      0      0      0      2      5     20     24     27     41     46     29     16     13     13     12     10     17     23      8      0      0      0      0      0      0      0
    10      0      0      0      0      0      0      0      0     12     22     27     25     47     59     55     22     14     22     18     23     19      8      0      0      0      0      0      0      0      0      0
    10      0      0      0      0      0      0      0      0      2     12     13     15     14      0      0      0      0     38     35     31      5      0      0      0      0      0      0      0      0      0      0
    11      0      0      0      0      0      0      0      0      0      0     13     17      0      0      0      0      0     22     34     28      6      0      0      0      0      0      0      0      0      0      0
     4      0      0      0      0      0      0      0      0      0      0     23     35      8      0      0      0      0      0      0      2      2      0      0      0      0      0      0      0      0      0      0
     3      0      0      0      0      0      0      0      0      0      0      5     29     11      7     25     20      0      0      0      0      0      0      0      0      0      0      0      0      0      0      0
     5      0      0      0      0      0      0      0      0      0      0      0      0      0      0     22     23      0      0      0      6      0      0      0      0      0      0      0      0      0      0      0
     4      0      0      0      0      0      0     14     25     11      0      0      0      0      0      0      0      0      0      0      0      0      0      0      0      0      0      0     10      0      0      0
    10      0      0      0      0      0      0     10     16      9      0      0      0      0      0      0      0      0      0      0      0      0      0      0      0      0      0      0      0      0      0      0
     4      0      0      0      0      0      0      0      0      0      0      0      0      0      0      0      0      0      0      0      0      0      0      0      0      0      0      0      0      0      0      0
     0      0      0      0      0      0      0      0      0      0      6      0      0      0      0      0      0      0      0      0      0      0      0      0      0      0      0      0      0      0      0      0
     8      0      0      0      0      0      0      0      0      0      0      0      0      0      0      0      0      0      0      0      0      0      0      0      0      0      0      0      0      0      0      0
    10      0      0      0      0      0      0      0      0      0      0      0      0      0      0      0      1      9     12      5      0      0      0      0      0      0      0      0      0      0      0      0
     0      0      0      0      0      0      0      9     20     11      0      0      0      0      0     12     17      9      6      7      6      1      0      0      0      0      0      0      0      0      0      0
    10      0      0     18     34     24      1     11     32     12      0      0      0      0      1      8      3      0      0      0      0      0      0      0      0      0      7      0      0      0      0      0
    20      0     12     35     43     20      0      0      0      0      0      0      0      2      0      0      0      0      0      0      0      0      0      0      1      2      3      0      0      0      0      0
    15      0      0      0      0      0      0      0      0      5      6      0      0      0      0      0      0      0      0      0      0      0      0      2     13      6      0      0      0      0      0      0
    10      0      0      0      0      0      0      4     10     15      8      0      0      0      0      0      0      0      0      0      2      0      0      4     15      7      0      0      0      0      0      0
     0      0      0      0      0      0      0      0      0      0      0      0      0      0      0      0      0      0      0      0      0      0      0      0      0      0      0      0      0      0      0      0
