    80     20     14     13     17     37     55     48     24     19     22      3      0      6     24     21     45     52      4     37     90     39      7     12     25     15      2     14      8     20     20      0
    82      0      0     10     16     33     50     40     15     10     16      0      0      0     18     15     38     53     29     43     41      1      0      0     27     38      6      0      0     18     15      0
    50      0     21     39     31     39     51     41     16     13     22      2      0      0     20     18     38     59     45     26      0      0      0      1     41     76      9      0      0     19     15      0
    26      5     46     52     20     30     40     41     23     13     20      2      0      3     18     15     35     59     41      0      0      0      8      8     48     92     11      0      0     18     16      0
    32     21     48     49     20     33     27     26     27     16     13      1      0      2     26     30     49     69     46      0      0      4      8     13     51     81     12      0      0     11     17      0
    49     29     51     39     10     20     16     12     22     24     19      6      5     52     96     94     83     80     44      0      0      0      6     15     53     71     15      0      0      0     16      0
    67     17     45     41      6      3     13      3      7     25     46     58     79    115    117     82     42     30      0      0      0      0      3     12     51     75     25      0      0      2     48     23
    90      0     46     76      6      0     10     12     11     20     67    128    108     63     56     34      0      0      0      0      0      0      0     11     49     82     42      0      0     61    126      7
   141      0     56    105      0      0      0     16     18     20     86    153     68      0     30     23      0      0      0      0      0      0      0     13     53     72     33      0     40    143    111      0
   192      0     29     61      0      0      0      2     15     28     89     91      0      0      5      6      0      0      0      0      0      0      0     16     56     42      1     21     98    150     33      0
   193      0      0      0     20      0      0      0     14     32     33      0      0      0      3      0      0      0      0      0     21     21      7     31     77     51     24     81    125     96      4      0
   160      0      0      0     15     10      0      0      7     18      0      0      0      1     18     16      0      0      0      5     29     54     34     53    113     87     60     73     66     36      0      0
   134      0      9      0      0     17     17      0      0      0      0      5     21     16     32     49      0      0      1      3     18     55     68     90    123     80     43     27     18     22      0      0
   130      3     14      4      0     17     32      7      0      0      0     19     32     32     67     82      0      0      2      4     20     63    111    127    100     48     26     23     26     25      0      0
   131      7     12      8      0     13     30     29      1      0      0     16     24     55    113     74      0      0      0     14     31     71    113    121     69     23     21     28     33     25      0      0
   133     16     14     12      5     15     17     31     38      0      0      0     30     64     59      0      0      0      0     24     32     47     78    109     70     33     30     34     32     21      0      0
   136     13      7     13     11     12      0     12     43      9      0      0     48     34      0      0     46     28      0     13     23     35     53     99     82     60     39     23     15      9      0      0
   131      6      6     19     17      6      0      0     17     35      8      0     34     26      0      3     50     52      7      0     27     39     30     82     94     72     19      0      0      0      0      0
   128     13      9     13     16     12      0      0      0     43     69      0      0     18      0      0     46     47      0      0     50     38     24     78    101     68      0      0      0      0      0      0
   126     15     14     28     21      2      0      0      0     40    103     29      0      1      0     18     41     11      0     16     52     26     26     75    104     77      0      4     48      0      0      0
   123     16     26     44      7      0     19     19      0     25     87     50      0      0     12     14      3      0      4     33     36     23     32     73    110     87     16     23     34      0      0      0
   126     18     21     18      2      0     24     41      0      0     25     30      0      0      4      2      8     25     26     35     35     24     29     60    108     88     17     27     25      0      0      0
   121     14      6      0     12     31      3     24     29      0      0     22     23     16     14      9     23     28     11     39     41     15     18     48    116     91      3     31     36      0      0      0
   112     18      4      0      0     40      0      0     70      9      0     17     18     25     21      9      4      0      5     36     36     10      5     39    102     60      0     62     62      0      0      0
   114     13      6      0      0     50      3      0     67     58      0      1     18     14     11      2      0      0     13     32     32     23     10     21     55     16      3    126     85      0      0      0
   114      0      0      0      0     57     18      0     33     90     27      6     17      6      5     11     12      1     17     31     29     33     18      6     31     15     53    159     87      0      0      0
   105      0      0      0      0     59     29      0     37     86     74      0      0      4     19     26      5      0     12     34     33     29      3      0     37     29     78    164     79      3      0      0
   113      9      2      0     18     45     32     28     27     39     55      0      1     10     33     25      0      0      6     20     27     27      0      0     43     45     99    156     61      6      0      0
   125      6     13     19      8      0     17     25     11     34     61     36     20      0     24     16      0      0      5      0     19     37      0      2     42     55    112    138     47     10      0      0
   133      2     10     13      0      0     20     32     25     52     88     59      0      0      6      5      0      3      8      0     16     40     13     21     41     52    104    121     47     14      0      0
   137      3      4      0      0      1     30     42     26     52    104     45      0      0      0      0      0     16     11      0     21     33     11     32     47     39     80    112     58     14      0      0
    47      0      0      0      0      0      0      0      0      0      0      0      0      0      0      0      0      0      0      0      0      0      0      0      2      0      0      0      0      0      0      0
