     0      0      1      2      0      0      0      0      0      0      0      0      8      0      0      0      0      0      0      0      0      0      0      0      0      0      0      1      4      0      0     16
    17     18     15     10      5      3      8     21     23     23     19     22     10      8     16     11      6     23      0      0     44     36     13     11      0      0      0     29     13     12     14     20
    74     28      0      0      0      0      3     14     19     17     16     24     10      7     14      9      4     17      0     20     55     22     14     10      0      0      0     30      7     12     13     19
    74     24      5      3      0      0      0      1      0      4     16     23      8      5     18     13      5     15     24     49     31      6     11      8      0      0      8      6      8     12     12     20
    23      5     18     42     20     12     20     17      0      0      7     20     10      6      3      0      0      4     26     43     16      2     11      6      0     29     27      0      1     15     11     19
     0      0      5     34     20     28     33     37     28      0      0      4      0      0      0      0      0      0     14     41     28     16     12      7      3     31     27      0      0     14     12     19
     0      6     11     15     15     31     23     27     40     25      0      0      0      0      0      0      0      0     18     37     23     23     18     13     14     21     10      0      1      0      0      1
     0     26      2      0     12     40     27     13     13     17      0      0      0      0     16     26     33     28     35     14      0     13     20     13     13     20      8      0      0      0      0     34
     0     19      0      0     20     23     33     16      9      2      0      0     33     54     44     46     41     65     76      3      0      3      9      2      0     28     29      0      0      0      0    115
     0      0      1     56      6      0     29     28     19      0      0     89    132     66     60     61     58     97     87     27      0      0      4      0      0     46     51      0      0      0     65    101
    70      0     32     95      6      0      0     27     15      5     73    173    128     87     93     87    100     93     50     55     28      0      0      0      0      4      0      0      0     60     63     64
   118     36     35     39     51      9      0      0      7     28     89     92     37     52     75     80     77     34     14     44     47     14      0      0      0      0      0      0     26     62     47     65
    98     52     31     19     58     33      0      0      5     38     32     11     11     16     12      9     28     17     10     24     34     35      0      0      0      0      0     17     44     32     37     59
    65     21     27     34     34     35     14      0      0     21      0      0      7      2      0      0     28     22     14     14     12      9      0      0     24     45     36     33     20     20     37     59
    50     12     22     26     24     38     38      0      0      0      0      0      9      0      0     15     22      0     18      3      0      1      0      0     35     43     32     23     21     23     42     61
    46      9     13     16     12     22     46     27      0      0      7     19      0      0     58     85      0      0      0      0      0     33     46     37     33     15     14     16     25     24     41     58
    42     21     20     14      3     20     45     41     26      0      0     19      0     37    134     71      0      0      0      2      1     27     44     51     32      6     12     28     42     36     39     52
    52     26     20     15     11     24     35     46     70      4      0      0      8     38     37     18     29     11      0     19      0     13     24     39     21     27     57     74     81     81     68     49
    54     16     14     21     18     13     24     45     78     30      0      0     17     33      0      0     10     31     41      6      0     26      9     13     10     44     85     79     54     71     75     56
    49     17      7      0     13     26     16     27     49     34     18      0      9     34      0      0      5     50     31      0     11     36      5      7      4     26     19      0      0     29     47     67
    50     20      0      0     21     27      0      0      0     22     51     18      0     22      6     12     50     49      0      0     30     25      5      7      2     21      0      0      0     24     12     63
    43     18     21     49     29      0      1      0      0     31     81     65     12     15     26     39     29      3      3     16     29     27     20     21      9     33     14      0     20     13      0     50
    51     17     37     66     30      0     32     29      0      6     56     59     31      7     16     20      4     14     19      6     17     34     44     33     15     47     36     11     17     17      0     39
    59     21     33     49     42     30     46     42      1      0     13     22     26     14     12     13     30     55     24     19     25     21     38     31     44    103     54      0      8     26      0     58
    44     29     30     41     36     32     30     38     40      0      0     20     10     22     26     20     27     34     21     38     44     23     20     35     83    132     15      0     22     21      7     86
    44     31     34     40     16     23     18     22     53     31      0      0     18     19     20      4      7      6      5     20     30     25     28     36     65     78      0      0     39     14     12     83
    60     19     41     39      0     26     17      0      0     41      0      9     27      8      0      0     17     17      8      5      3     16     40     24     24     20      0     21     49     18     17     65
    42      4     12      0      0     38     19      0      0     37     54      8      0      0      0      8     29     13     15     29     14     13     32      8     14      0      0     28     50     19     21     62
    28      7      0      0      0     47     20      2     24     13     35      0      0      7      5     26     24      2     11     39     26     20     17      0     15      0      0     41     40     13     25     71
    37     12     10     10     27     20      3      5      3      0      0      0     21      5     17     31     15      1     12     17      8     25      6      0      9      8      6     49     29     16     30     72
    45      9     16     39     34      0      0      0      1      0      0     20     41      1     28     31      5      0     15      3      0     23     10      0      0     17     33     47     24     22     35     68
   158     77     74     72     57     54     64     77     77     93    157    160     98     62     63     58     47     55     61     34     46     67     48     55     81     92    135    193    186    161    148     60
