     0      0      0      0      0      0      0      0      0      0      0      0      0      0      0      0      0      0      0      0      0      0      0      0      0      0      0      0      0      0      0      0
    12      0      0      0      0     13     20     18     11     14     13      0      0      3     10     11     28     28      0      0      9     24     12     15     15      0      0      0      5     12     11      3
    67     39     16      0      0      0      0      3      2     11     14      1      0      3      9      9     23     26      0      0     26     33     26     19     28      0      0      0      0     12     11      1
    73     51     45     12      0      0      0      0      0      0      7      1      0      0      8     12     26     31      6      8     24     26     24     17     30     20      0      0      0     11     10      1
    27     14     30     36     30     28     26     30      5      0      0      0      0      3      4      0      0      9      0      0      4     14     16     16     27     44      5      0      0      7      9      0
     0      0      1      9     11     30     35     46     49     26      3      0      0      0      0      0      0      0      0      0      0     13     17     19     32     42     13      0      0      0      8      0
     0      0      7      0      0     19     24     24     42     53     32      0      0      0      0      0      0      0      0      0      0      3     16     23     45     47      3      0      0      0      0      0
     0      0     14      0      0      0     29     22     17     28     39      0      0      0      0      0      0      0      0      0      0      0      2     13     40     50      8      0      0      0      0      0
     0      0      0      0      0      0     17     26     17     17     32      4      0      7     37     37     26     33     60      5      0      0      0      0     12     30     22      0      0      0      0      0
     0      0      0      4      0      0      0     16     26     26     39     69     95     88     91     81     52     61     95     76      9      0      0      0      0     14     36     14      0      0      0      0
    91      0      0     41     13      0      0      0     17     19     65    153    159    149    156    137    112    105     91    103     81     20      0      0      0      0      0      0      0      0      0      0
   136     41     17     20     41      7      0      0      0     11     65    111     79     77    104    106     92     63     41     57     81     56      6      0      0      0      0      0      0      0      0      0
   107     55     44     10     35     39      0      0      0      6     26     28     22     13     29     10      0      0      3     13     38     61     27      0      0      0      0      0      0      4      0      0
    76     15     22     17     19     32     18      0      0      0      0      1      8      5      2      0      0      0      3      5     16     36     18      0      0      6     10     15      6      3      0      0
    64      0      8      8      8     27     38      5      0      0      0      0      0      4      0      0      0      0      0      0      3     17     31     20     10     10     13     12      4      2      0      0
    63      0      0      0      0      5     23     38      0      0      0      0      9      2     30     67      6      0      0      0      0     20     75     88     54     15      1      0      1      0      0      0
    56      0      5      5      0      0     11     43     39      0      0      0      8      5     91    120     73      0      0      0      0      2     56     97     77     27      0      0     12     17      0      0
    63      9     11     13      3      7      9     32     75     52      0      0      0      0      1     25     56     31      0      0      4      0     19     72     66     33     26     45     66     78     73      0
    67      6      1      9     12      3      0     11     67     94     19      0      0      0      0      0      9     14      7     18     10      2      8     43     48     25     29     63     67     61     85      4
    63      5      1      0      0      0      0      0     21     80     75      0      0      8      0      0      0      3     12      0      5      9      8     35     44     11      0      0      0      0      0      0
    64     11      5      0      0      0      0      0      0      4     73     26      0      1      0      0     23     40     16      2     20     14     10     34     44     13      0      0      0      0      0      0
    53      7      9     33     26      0      0      0      0      0     63     83     28     14     19     30     42     19      8     22     26     25     25     52     65     33      0      0      0      0      0      0
    62     11     13     45     58     13     11     45      0      0     25     65     54     26     16     15     14      5     13     20     10     16     37     73     93     51     24     27      5      0      0      0
    72     22     14     17     59     56     32     73     54      0      0      0     13     13      4      0     10     39     40     42     32     11     24     59    105     93     85     69     15      0      0      0
    50     18     14      0     44     65     24     44    107     10      0      0      0      1      9     12     13     23     30     48     58     37     19     44    107    133    114     84     26      0      0      0
    43     10     17      0     23     54      7      6     92     88      0      0      0      0      8      5      0      0      0     10     24     28     16     39     81     94     75     79     33      0      0      0
    62     11     15     10     10     43     10      0      0     61      0      0      0      2      0      0      0      0      0      2      0      0      4     27     43     31     37     65     30      0      0      0
    50      0      0      0      0      6     14      0      0     24     29      0      0      0      0      0      0      0      1     21     26     11      0     10     29     15     21     44     20      0      0      0
    33      0      0      0      0      0     16      7     16     24     29      0      0      0      0      1      0      0      0     16     45     34      8      0     19     18     25     44     13      0      0      0
    42      0      0      0      0      0     11     13      1      5      0      0      0      0      0      9      0      0      0      0     19     29      9      0      3     14     43     60     15      0      0      0
    53      0      0      7     15      0      6      0      0      1      0      0      0      0      2     21      8      3      0      0      0     12     10      7      0      3     51     72     20      0      0      0
   156    112    105     96     82     74     88    102    100    120    178    185    143    106     95     89     76     75     73     51     58     74     68     82    101    111    164    237    247    231    214    107
