     0      0      3      5      7      5      0      0      0      0      0      0      7      9      6      8      4      0      0      0      0      1      6      8      5      1      4      1      9      7      7      7
     8     14     15     14     12     15     13     13     11     14     14     14     12     14     17     15      8      7      5      0     31     47     35     34     29     14      0     15     18     15     15     13
    28     26     20      7      7      6      9      6      5     10     12     14     12     14     16     13      7      8      8     17     51     47     40     32     34     16      0     20     16     16     15     12
    33     18     17     13     22     16     13     10      1      5     13     15     12     12     14     13      9     12     17     41     55     43     37     31     32     25     12     13     17     17     14     11
    14      7     15     27     31     26     25     30     22     12     13     14     10     16     17     10      2      7     18     41     50     41     36     34     30     35     33     10     12     17     14     10
     0      2      8     27     31     38     39     42     44     32     17     13     14      5      0      0      0      0      2     29     47     45     36     34     36     42     35     13     10     15     15      9
     0      4     17     27     23     39     39     40     48     45     32     14      0      0      0      0      0      0      7     26     39     42     38     35     42     45     31     14     12     15     16      0
     0     10     28     17      8     36     39     38     39     41     43      8      0      0      3      2      7     13     23     24     25     31     37     35     41     44     30     16     19      7      0      0
     0      1     19      7     12     26     39     40     39     41     38      6      4     23     21     19     19     17     45     33     13     24     28     33     35     39     40     24     22      0      0      5
     0      0      0     30     33      2     29     42     44     42     23     22     55     46     41     41     25     35     53     42     20     19     22     33     31     37     50     36      0      0      4     16
    18      0      0     47     34      7     16     38     42     26     20     65     63     47     53     47     42     53     37     38     36     20     21     31     26     29     22      5      0      6     10      0
    24      0     10     17     30     37     16     23     29     16     32     46     17     17     30     31     36     28     13     20     32     28     24     29     17      8      0      0      0     14      2      0
    15      5      6      0     32     41     25      6     14     16     17      1      0      0      9      1      0      8      4     11     20     35     33     16     10      2      0      0      8      5      0      0
     8      0      0      3     15     25     34     14     10     16      2      0      0      0      0      0      0      6      3      7     13     27     27      0      5     10      5      8      1      1      0      0
     6      0      0      0      4     17     31     33     10      3      0      0      0      5      0      0      0      0      4      5      8     14     24     14     11     10      7      5      0      1      0      0
     7      0      0      0      0      6     21     40     17      0      0      9      7      0      0     37     19      0      1      0      3     14     39     33     20      7      1      0      0      0      0      0
     4      0      0      2      0      2     16     32     29     18      0     15      6      0     42     39     15      0      0      1      9     13     33     36     25      4      0      0      4      6      8      0
     9      3      4      3      0      6     12     17     35     33      0      0      6      6     15      7     15     14      0     17     12     10     25     35     20      1      4     14     22     23     34     12
    15      3      1      5      7      2      6      6     28     31     13      0      0     11      0      3     11     11     17     24      4     16     24     25     15      2     12     29     24     16     32     17
    14      4      8      2      0      4      5      0     11     21     22      0      0     13      0      0      0     17     30      5      3     23     22     22     15      5      3      0      0      0      8      8
    13      6      6      0      0      8      3      0      0      3     27     14      0      7      2      0     16     31     14      0     15     23     21     23     13      2      0      0      0      0      0      0
     9      5      0     11     19      0      0      1      0      7     32     39     15     12     12     18     28     10      4     12     15     23     22     29     20      5      0      0      0      0      0      0
    14      6      4     19     23      0      0     26      7      3     29     33     25     14     15     20     17     12     22     19     13     21     27     34     26      6     11      7      0      0      0      0
    18      6      7      8     23     16     10     31     33      0     15     17     22     18     17     19     17     34     29     24     27     21     28     28     27     23     38     17      0      0      0      0
     7      7      9      5     24     25     15     16     47     11      2     21     15     20     23     24     22     27     22     25     31     26     21     24     32     52     44      9      0      1      0      6
     5      8     10     11     22     29     16     15     35     38      0      1     12     20     27     19      9     10     13     17     23     23     16     27     34     49     23     12      9      3      0      6
    16      6      7     20     13     24     26     14      0     29      0      4     26     26     21      2      2      7     13     16     14     15     19     28     27     30     16     15     12      3      0      0
    13      0      5      2      0     13     32      0      0     17     26     32     20     22      9      0      6     10     11     20     24     17     22     23     24     23     11     11     13      1      0      0
     4      0      3      0      0     20     30      9     13     10     35     22      7     17      7      1      5      7      7     21     28     19     22     15     20     22      8     14     12      0      0      0
     7      0      1      0      6     21     22     15      2      7     24      6     18     13      7      5      4      6      9     18     18     20     19     10     14     15     12     23      8      0      0      0
    11      1      1      5     18     13     18      7      0     12     14      8     30      7      9     13      6      6     12     17     12     17     19     14      7      6     17     25      4      2      0      0
    50     32     31     34     36     39     39     32     28     29     60     83     72     50     43     38     32     35     45     37     35     46     36     22     24     27     38     63     68     63     64     65
