     0      0      3      3      3      0      0      0      0      0      0      1     15      8      0      0      0      0      9      0      0      0      0      0      0      0      7      0      8      1      1      5
     0     11     10      6      3      0      0      0      9     13      8     14     27     14      1      4      0      0     13      0      0      0      0      0      0      0      2     15     14      2      4     12
     0     25     11      0      0      0      0      0     12     16      7     13     27     14      1      5      0      0      0      0      0      0      0      0      0      0      0     32     16      1      4     12
     0     20      1      0      0      0      0      0      5     12      8     13     25     12      2      7      1      0      0      0      0      0      0      0      0      0      0     40     19      2      4     12
     0     10      0      0      0      0      0      0      0      0      5     15     23     14      0      0      0      0      0      0      0      0      0      0      0      0      2     40     18      5      4     12
     0      7      0      0      0      0      0      0      0      0      0     12     23      1      0      0      0      0      0      0      3      0      0      0      0      0      0     33     20      8      5     10
     0      6      0      0      0      0      0      0      0      0      0      0      0      0      0      0      0      0      0     22     22      0      0      0      0      0      0     21     22     15      2      0
     0     18      0      0      0      8      0      0      0      0      0      0      0      0      0      0     18     18     21     45     37      0      0      0      0      0      0     15     23      3      0      0
     0     38      0      0      0     22      0      0      0      0      0      0      0      7      1     10     27     21     42     47     31     11      0      0      0      0      0     11     19      0      0     36
     0     42      0      0      9     16      3      0      0      0      0      0     11     30      4     10     21     37     49     35     21     12      2      0      0      0      0     11      0      0      0     78
     0     47      5      9     12     11      6      0      0      0      0      0     40     34     13     12     28     57     45     18     15      4      0      0      0      0      0      0      0      0     20     95
     0     49     41     24      5     12     10      7      0      0      7     30     36     23     11     10     32     48     30     10      3      0      0      0      0      0      0      0      0      0     32     98
     0     43     41     28     13      3      4      7      4      5     33     30     24     20     16      0     18     42     19     12      0      0      0      0      0      0      0      0      9     21     37     98
     0     37     29     28     24      4      0      0      7     19     33     22     17     21      8      0     22     50     20     16      4      0      0      0      0      0     14     22     21     23     36    100
     0     31     27     27     28      9      0      0      3     17     32     18     13     18      0      0     39     55     27     14      2      0      0      0      0     12     23     21     17     21     35    103
     0     26     25     25     28     12      0      0      0     13     31     28     12      0      0     21     46     36     27      8      0      0      0      0      0     17     20     19     16     23     38    102
     0     23     26     25     22     15      8      3      0     19     24     42      4      0     15     35     28     23     19      7      4      0      0      0      0      6     14     18     22     28     39     95
     0     23     24     20     19     20     18     11      3     17     18     36      4      0     33     20      0      3     11     22      5      0      0      0      0      0     16     31     32     34     47     85
     0     21     20     17     18     18     24     21     20     11      5     25     15     13     33     16      0      0     16     27      0      0      0      0      0      0     30     51     34     30     47     72
     0     17     21     11      8     26     28     28     32      4      0     13     30     24     30     13      0      0     28     12      0      0      0      0      0      0     39     44     17     27     50     56
     0     18     17      4     11     34     29     23     24      0      0      1     28     28     22     10      5     20     23      2      0      0      0      0      0      0     39     29     10     41     60     56
     0     18     10     11     28     27     19     19     13     12      0      4     23     23     16     13     17      8     10      0      0      3      0      0      0      0     32     26     21     54     65     57
     0     17     12     22     29     15     14     24     10     20      9      0     14     15      9     11      6      0      6      0      0      0      0      0      0      0     34     23     18     50     66     52
     0     17     18     28     27      2     17     26      5      6     23      0      1      3      2      6      0      7      9      0      0      0      0      0      0      0     46      9      3     46     56     59
     0     18     20     31     30      0     10     20      1      0     23     13      0      0      2     10      9     13      6      0      0      5      1      0      0      0     38      0      0     45     44     72
     0     23     21     36     31      0      0     23      0      0     10     11      7      5      7      9     10     16      4      0      0      0      0      1      0      3      5      0      0     42     39     79
     0     26     21     46     27      0      0     21      0      0      0     14     12      9      7      2     12     21     10      0      0      0      0      9      0      0      0      0      0     38     41     80
     0     23     24     36     10      0      0      4      0      0      0     16      3      8      2      3     24     26      7      1      4      0      7     11      0      0      0      0      0     35     40     83
     0     20     23     20      3      0      0      0     14      0      0      0      0     13      3     11     33     26      6      7      7      0     13      8      0      0      0      0      2     33     36     88
     0     23     20     17     20     17      0      0     12      0      0      0      0     24     11     20     34     20      6     15      2      0     10      3      0      0      0      0      4     31     36     92
     0     24     20     19     30     13      0      0     10      0      0      0     24     30     20     26     27     11      3     17      0      0      9      3      0      0      0      0      0     29     38     96
     0     36     34     35     28     11      2     12     25      7      0     22     48     41     30     25     19      8     11     14      0      0     10      7     12     18      0      0     34     54     68    118
