    27     25     23     20     20     24     28     30     32     32     31     24     23     23     20     23     35     38     33     27     12      8      6     10     15     16     23     21     24     23     23     20
    22     15     12      7      5      8     11     14     15     15     13      8      7     10      9     11     23     31     21      0      0      0      0      0      0      0      1      9     11     12     12     15
    20     15     14      7      4      6      9     11     12     14     12      8      7     10     10     13     24     29     12      0      0      0      0      0      0      0      0      4      7     10     13     15
    24     17     16      1      0      0      1      2      1      5      8      8      8     10      9     11     21     26      2      0      0      0      0      0      0      0      0      0      5      9     13     16
    30     27     19      0      0      0      0      0      0      0      0      7      8     12     12     14     22     26      2      0      0      0      0      0      0      0      0      0      1     10     13     16
    31     32     19      0      0      0      0      0      0      0      0      2     14     26     33     35     38     37     12      0      0      0      0      0      0      0      0      0      0      9     14     15
    30     29     17      0      0      0      0      0      0      0      0      3     24     37     44     42     38     32     10      0      0      0      0      0      0      0      0      0      0     12     25     11
    30     28     20      0      0      0      0      0      0      0      0      7     15     26     25     16     12      6      0      0      0      0      0      0      0      0      0      0      5     26     36     11
    36     38     30      4      0      0      0      0      0      0      0      5      4      6      0      0      0      0      0      0      0      0      0      0      0      0      0      0     16     32     29     14
    51     47     33     11      0      0      0      0      0      0      1      0      0      0      0      0      0      0      0      0      0      0      0      0      0      0      0      0     19     25     20      6
    55     44     26     17      0      0      0      0      0      0      0      2      0      0      0      0      0      0      0      0      1      0      0      0      0      0      0     19     22     30     17      0
    46     39     30     17      0      0      0      0      0      1     11     23     21     22     19      9      4      6      8     10     10      1      0      0      2     15     25     34     33     33     17      2
    44     42     40     24     12      0      0      0      0      6     23     36     45     46     49     38     28     30     28     25     18      8      0      0     10     20     26     28     30     28     18      4
    46     45     43     35     24      8      0      0      0      6     24     40     47     51     57     46     34     38     34     29     23     15      7      2     13     19     18     21     21     24     19      4
    46     44     43     38     32     20      4      0      0      2     21     35     40     54     49     45     34     32     35     30     26     17      8      3     11     17     16     19     19     22     18      6
    44     41     40     37     37     28     10      2      0      0     13     28     34     36     27     30     28     23     33     29     25     11      1      0      6     14     19     22     22     23     19      6
    40     36     34     34     34     31     17      9      3      7      4     26     31     17     18     15     18     17     23     24     24      9      0      0      7     15     19     21     21     20     18      2
    36     31     28     28     28     29     22     13     11     18     11     23     34     24     24     21     22     18      8     17     20      9      0      0     10     14     11      8      4      0      2      0
    35     28     25     25     26     27     27     19     18     22     22     18     34     33     28     30     26     15      6     15     16      9      0      0     13     13      6      5      0      0      0      0
    35     28     28     28     25     29     32     24     22     22     23     13     22     30     28     29     23     14     15     17     19     11      0      0     15     19     19     23     20      9     11      5
    34     29     30     29     24     30     36     32     23     18     17     10     10     20     21     16     10     10     12     15     18      9      0      1     13     21     27     31     31     24     20     13
    34     31     25     23     24     23     31     32     13      6      1      0      0      5      7      3      4      2      6     10      8      3      0      0     10     15     22     24     25     24     21     13
    34     29     21     18     21     15     15     23      4      0      0      0      0      0      0      0      0      0      0      3      0      0      0      0      7      6     13     18     20     20     24      7
    34     27     22     14     16     10      1      9      9      0      0      0      0      0      0      0      0      0      0      0      0      0      0      0      1      0      5     12     16     17     22      3
    33     29     24     13     14      6      0      0     13      0      0      2      0      0      0      0      0      0      0      0      0      0      0      0      0      0      0      9     15     18     14      5
    32     29     24     15     15      9      0      0     13     15      0      0      0      0      0      4     10     11      7      1      0      0      0      0      0      0      4     13     17     20     12      4
    31     26     21     21     18     12      1     10     18     32      3      0      0      0      2     15     22     19     12      5      1      0      0      0      0      3     12     17     17     19     15      2
    33     28     28     33     28     18      9     12     26     31      2      0      0      0      9     23     28     22     11      3      2      0      0      0      4     10     18     19     19     18     17      2
    34     31     35     37     29     20      9      9     27     24      4      0      0      0     13     26     30     25     12      4      4      0      1      4     10     16     20     19     19     19     17      4
    33     29     31     29     22     13      6     15     30     28     12      0      0      0     12     23     27     24     14      9      8      6      8     12     18     22     21     19     16     19     16      4
    34     29     28     24     21      8     10     21     32     34     15      0      0      0      5     16     19     18     11     10      9      7     11     21     28     29     26     21     15     18     14      4
    23      9     11     11      8      0      0      8     15      7      0      0      0      0      0      3      6      5      4      3      2      2      4     11     17     14      3      0      0      0      0      1
