     0     19     19     19     12      0      0      0     18     20     19     46     56     21      7      8      0      0     39      0      0     10     38     26     15     34     35     23     18      8      8     36
     0     28     21     10      3      0      0      0      5      4      0     20     33     12      2      4      0      0      0      0      2     18     16     12      0      0     27     40     20      1      4     25
     0      9      0      0      3      0      0      0     10      2      0     17     31     11      1      3      0      0      0      2     29     14      8      8      0      0     42     67     18      2      3     25
     0      0      0      0      0      1      0      0     10     10      1     18     27     10      3      3      0      0      0     21     30      9      3      3      0      0     36     81     28      3      4     26
     0      0      0      0      0      0      0      0      0     13     14     20     27      9      0      0      0      0      0     32     28     10     11      0      0      0     16     60     38      9      3     27
     0      0      0      0      8      0      1      0      0      0      5     19     13      0      0      0      0      0     16     71     59     20     13      0      0      0     11     35     37     21      3     28
     0      4      0      0     21     12      3     12      5      0      0      0      0      0      0      0     31     36     67    118     92     34     14      0      0      0      5     38     34     15      0     39
     0     33      0      0     41     45      2      0      5      0      0      0      0      0      0     14     27     15     37     90     83     45     24      5      0      0      0     34     24      0      0     98
     0     70      0      0     66     85     19      0      0      0      0      0      0     30      0      0     12     25     22     28     47     45     31      5      0      0      0     21      0      0      0    182
     0     78      3      0     41     81     56     12      1      0      0      0     27      9      0      0     13     59     39      0      0     28     26      1      0      2     12      0      0      0     43    184
     0     17     67     32      0     33     88     49      6      0      0     27     28      0      0      0     19     47     21      0      0      0      9      0      0      5     11      0      0      0     33    161
     0      0     24     27      0      0     48     68     18     17     50     20      0      0      0      0     10     10      0      0      0      0      0      0      0      0      0      0      5     15     37    165
     0      5      0      0     14      0      0     46     41     39     35      0      0      4      0      0     27     25     12     15      0      0      0      0      0      0      0     20     24      1     30    166
     0      5      0      7      7      0      0     17     56     50     28      2      0      0      0      0     68     64     14     12      0      0      0      0      0      0      0      0      0      0     28    167
     0      8      5      9     10      0      0      0     28     59     38      8      3      0      0      0     75     72     19      5      0      0      0      0      0      5      0      0      0      0     33    166
     0      2      5      9     10      1      0      0      0     52     72     26      0      0      0     23     29     56     35      3      0      0      0      0      0      0      0      0      0      0     35    165
     0      5      6      5      7      6     19      0      0      7     81     50      0     11     54      0      0      0     30     20      5      1      0      0      0      0      0      0      1      1     26    161
     0     12      8      0      0     11     21     13      0      0     23     66      0     23     53      0      0      0     10     27      0      0      0      0      0      0      0     14     14      7      3    123
     0      2      5      3      1      6     20     38     18      0      0     41     36     14     38     21      0      0     26     10      0      0      0      0      0      0     38     25      0     10      0     60
     0      2      2      0      7     14     18     44     40      0      0      0     46     20     11      2      0     25     34      0      0      0      0      0      0      0     35      6      0     37     39     72
     0      0      0      0     31     38      0     12     42      0      0      0     30     20      0      0     20     25      0      0      0      0      0      0      0      0      0      0     11     73     73    104
     0      0      0      0      9     16      0      0     38     56      1      0      2     19      9     13      3      0      0      0      0      0      0      0      0      0      0      0      4     46     55    123
     0      2     18     25      0      0     15      0      0     59     31      0      0      0      0      4      0      0      8      0      0      3      0      0      0      0      0      0      0     28     26    137
     0      0     14     39      0      0     24      0      0     20     44      9      2      0      0      8     13     13      0      0      0     11     12      0      0      0      0      0      0     32     14    132
     0      2     10     49     10      0     15     14      0      0     45     17      7      7      7     12     23     19      0      0      0      0      3      0      0      0      0      0      0     23     27    136
     0     19     14     52     18      0      9     48      0      0      0     18      6     15     15      5      7     13      2      0      0      0      0      3      0      0      0      0      0     10     34    148
     0     17     26     46      7      0      0     25      0      0      0     30     31     12      0      0     22     27      1      0      0      0     24     10      0      0      0      0      0      6     26    154
     0      6     23     26      0      0      0      0     14      0      0     17     18      6      0      7     34     29      8      0      0      0     30     12      0      0      0      0      0      7     16    152
     0     15      6      4     33     38      2      0     12      0      0      0     17     36      3     16     29     13     17     24      0      0     14      6      0      0      0      0      0      4     21    155
     0     18      6      4     33     32      0      0      0      0      0      0     43     56     18     18     22      4     14     29      0      0      0      0      0      0      0      0      0      0     26    158
     0     15     17     25     17      2      0      0      1      0      0      6     60     51     33     18      7      0     13     21      0      0      4      0      0      0      0      0      0      0     28    156
     0     11     15     24     15      6      5      3      9      0      0     26     45     33     32     14      2      4     16     19      8     14     15      0      0      7      0      0      0     10     23     78
