    51     10      7      7      8     22     43     49     37     33     35     19      0      1     13     12     31     45      8     19     73     56     39     36     37     21      0      6      1     11     10      0
    34      2      0      1      2      3      6      5      4      2      8     12      4      0      2      2      0      2     24     30      4     16     41     31     35     42     20      0      0      3      0      1
     1     11     26     27      9      2      2      2      0      0      5     10      5      0      2      0      0      2     33     26      2     30     40     33     37     64     27      0      0      2      1      1
     0      0     32     56     40     33     18     15      9      0      0      7      5      2      2      1      0      8     25     15     20     40     39     33     33     62     43      0      0      1      1      1
     0      0      0      3     18     39     37     37     47     26      2      4      6      1      3      1      0      1     16     15     32     45     35     32     30     33     42     26      0      0      1      1
    14      1      2      4     11     14     16     21     46     58     32     12      8     15     29     29      6      0      5      5     12     34     35     31     30     24     30     38     11      0      0      3
    26      0      6     18     17     10     31     22     14     33     50     49     55     68     70     71     53     32     25      7      1     18     29     25     26     39     40     24     10      1      7     11
    38      0      5     45     20      0     23     37     31     22     46    105     98     41     31     35     30     39     51     45     26     17     17     18     15     34     47     29      9     27     60     12
    61      0     10     67     26      0      3     33     45     37     49     89     42      0     18     30     23     17     23     72     62     24     17     20     22     24     30     34     45    100     61      0
    91      3      0     22     49     29      0     12     33     43     53     32      2     35     41     38     40      1      0     62     76     38     26     26     35     14      6     42     80     85      0      0
    62     81      0      0     75     87      5      0     17     35      1      0      0     11     22     33     19      0      6     13     44     54     32     31     40     12      0     41     54      0      5     23
     0     35     21      0     25     72     66      7      9     10      0      0      0      0      0      0      0      0      8      0      0     40     47     43     64     63     64     47      8      0     21     20
     0      0     16     28      0     27     75     46      1      0      0      0      1      0      0      0      0      0      4      0      0      2     47     59     59     62     63     29      1     19     33     26
     0      0      0      2      2     17     51     68     15      0      0      0      0      0     10     39      0      0      0      0      0      0     46     62     16      7     14     18     31     31     36     29
    13      6      0      1      0      0     23     65     55     12      0      0      0      2     37      8      0      0      0      0      0     14     46     58     18      4     16     21     32     30     31     27
    13     11      3      4      0      0      0     33     81     44      0      0      1     32     35      5     50     31      0      2      0      0      0     34     35     30     25     25     28     29     30     27
    17     10      8     12     13      6      0      4     52     64     22      0     20      0      0      0     65     80     18      1      0      0      0      9     30     49     39     23     22     28     35     34
    17      3      2     12     16      1      0      0      0     56     76      0      0      0      0      0      0     37     40      0     16     19      0      0     21     36     20      7      8     14     28     50
    10     12     12      6      7      9      4      0      0     20     92     56      0      4     19      0      0      3      1      0     28     16      9     12     22     18      0      0      0      0      0     35
    16     16     12     12     10      4      8      0      0      0     46     69      0      0     24     18     12      0      0     24     16      5     20     21     24     25      0      0     16      0      0      0
    13     12     23     40     12      0     13     18      0      0      0     39     15      0     17     21      0      0     23     27      0      8     20     19     30     46     58     60     40      9      0      0
    14      8     15     11     20     25     18     44     37      0      0     13     40      8      0      0      0      7     10      0      0     10     21     19     32     39     37     45     33     31     14      0
    19     13      0      0     13     50      3      7     49      0      0      0      7     15      0      0     11     18      0      0      0      0      0      2     31     46     24     36     41     41     34     14
     4     14      7      0      0     27      3      0     57     52      0      0      0      4      7      3      0      0      5     17     16      1      0      0     14     26     16     63     62     29     28     30
     8      0      8      0      0     12     13      0     20     85     12      0      3      0      1      2      0      0      0      0      0     14      7      0      0      0     19     81     61     33     20      9
    20      0      6      3      0     17     33      0      0     43     55      0      0      0      0      1      8      2      0      0      0      0      3      0      0      0     41     65     44     38     22      0
    11      3      0      0      2     13     33     18      0      0     72     17      0      4     14     21      5      0      5      9      2      0      0      0      6     16     29     37     34     37     30     12
     8      8      0      0      7      0     25     67     20      0     20     18     18      7     22     16      0      0      1      7     16     13      0      0     16     29     35     32     20     27     29     22
    31     12     25     48     15      0     15     37      2      0     14     52     44      0      6      1      0     13      9      0      0     22     14     13     10     26     38     29     26     33     25     15
    29      8     15     28     10      0     19     13      6     10     39     62     26      2      0      1      4     16     19      2      0      9     19     24     10     14     23     25     37     35     26     14
    27     14      4      0      0     30     31     33     17     11     52     44     10     22      0      0     13     18     20     17     18     12     16     27     22      4      0     24     46     30     25     16
     0     33     27     17     21     36     32     27     20     24     37     46     57     58     26     21     30     28     28     34     26     17     19     22     21     11      0     15     50     59     58     72
