    76     54     45     41     34     37     51     71     69     65     66     70     40     31     41     39     39     76     61     30     74     70     49     42     46     59     38     44     29     34     35     43
    76     32     24     23     19     20     30     35     24     17     20     27      7     11     26     22     21     41     24     23     38      0      0      0      0     32     33     23      6     20     21     27
    44      0     10     39     40     35     37     39     25     14     21     26      7     11     27     25     24     37     26     26      0      0      0      0      0     42     59      7      3     22     22     28
    21      0      0     33     22     29     32     35     30     18     22     26      9     13     27     21     20     32     28      9      0      0      0      0      0     38     59      0      3     22     22     28
    30     13     17     28      0      0      0      0     11     19     21     24     11     13     32     34     34     39     41      6      0      0      0      0      0     30     31      0      8     21     23     29
    46     26     36     38      1      0      0      0      0      0     13     22     21     44     88    112    112     96     84     31      0      0      0      0      0     32     20      0     13     20     22     33
    65     24     30     37     13      0      0      0      0      0      0     35     60    102    133    137    119     95     89     33      0      0      0      0      0     25     29      9     12     19     36     82
    99     19     19     54     45      0      0      0      0      0      0     56    100     89     75     60     28      9     22      0      0      0      0      0      0     22     30     18     16     45     95    160
   163     26     21     84     67      0      0      0      0      0      1     77     87     17      2      4      0      0      0      0      0      3      4      2     12     35     27     17     15     98    147    134
   193     54     46     68     44     11      0      0      0      0      7     61      0      0      0      0      0      0      0      0      0      0      8      5     29     46      7     12     28    124    111     54
   137     36     54      8      1     32     17      0      0      1      5      0      0      0      0      0      0      0      0      0      0      0      9      6     49     72     41     50     89    105     53     32
    96      0     10      0      0      5     20      3      2     21      2      0      0      0      0      0      0      0      0      0      0      0     16     11     74     98     95    104    104     65     41     26
    94      0      0      4      1      0     19     19      9     21      0      0     20     26     22     45     29      0     14     18      6      8     24     31     85     85     71     70     46     26     33     24
    95      6     11     15      2      4     15     30     18     18      2     21     32     33     29     82     63      0     19     19     17     22     42     74     90     56     30     18     17     17     29     22
    94     17     19     20     11      9      5     17     29     30     13     28     37     30     72     97     54      0     15     22     22     30     45     75     73     35     22     18     25     19     28     16
    90     22     21     26     17     20     14      0     31     47     17     10     27     21     52     12      6     20     21     36     33     31     15     35     35     26     29     29     32     20     28     15
    94     22     14     21     21     24     19      0     16     30     37      0     23     51      0      0      0     24     29     43     34     39      5     22     19     27     36     30     21      7     18     22
    92     17      9     13     20     18     16      0      0      0     55     11     32     63      0      0      1     21     24     15     17     45     14     26     28     40     22      0      0      0      0     14
    87     16     15     17     19     19     20      7      0      0     40     41     31     49     20     20     33     39     21      0     21     41     11     29     41     60     15      0      0      0      0     13
    86     20     19     30     33     19     19     21      0      0     25     42     16     23     18     27     46     46      9      4     41     33     10     30     45     75     41     20     60     70     19     46
    83     18     14     39     49      9     17     48     34     10     28     37     12     10     13     21     23      6      0     21     35     22     14     27     43     71     44     54     94     88     35     63
    89     19     15     15     11      7     17     45     65     27     15      2      0      2     10      9      1      7     12     21     23     12     13     14     34     63     20     26     51     46     28     66
    85     16     21      0      0     11     13      0     54     26     13      1      0      3     16     16     11     37     22     26     41     18      9      0     15     55      0      4     33     30     19     84
    72      9     19      0      0      6      2      0     26     59     25     40     28     24     31     29     25     18      1     18     36     28     15      0      5     32      0      0     38     30      4     83
    83     12     17      7      0      5      7      0      0     62     29     36     42     34     31     24     28     15     10     20     16     18     19      2      0      0      0      0     49     25     11     60
    93      9     13      9      0     13     24      0      0     32     43     36     41     33     30     27     37     30     33     44     35     28     28      0      0      0      0     38     57     19     28     46
    82      4     12      0      0     19     30      4     28     27     59     35     24     25     32     47     48     26     25     43     47     48     40      0     10      6      0     67     57     14     31     49
    84     15     29     18     19     35     21     17     52     24     53     12     23     24     35     51     33     16     17     22     25     41     33      0     18     19     13     88     54     16     29     52
    98     27     30     42     56     29      7     19     19      7     41     23     60     29     34     40     14      8     25     14      0     26     20      2     26     22     29     88     44     20     34     49
   103     23     20     25     26      0      5     23     18     19     55     61     66     17     22     24      3      5     23      8      1     27     14     16     39     27     32     69     35     19     35     41
   102     21     22     16      0      0      9     32     36     26     68     77     29      3      5      2      0      4     18      0      6     28      8     18     49     36     26     49     37     18     31     33
    18      0      0      0      0      0      0      0      0      0      0      0      0      0      0      0      0      0      0      0      0      0      0      0      0      0      0      0      0      0      0      0
