    29      0      0      0      0      0      0      0      0      0      0      0      0      0      0      0      0      0      0      0      0      0      0      0      0      0      0      0      0      0      0      0
    37      0      0     10      9     11     17     22     18     16     20     20      4      7     17     16     14     31     25      0      0      0     13     10     23     30      0      0      0     16     14     18
    29     14     29     26     10      5     11     12      7     11     21     22      7      9     19     17     15     32     23      0      0      7     24     18     30     44      0      0      3     17     16     18
    36     48     52     26      0      0      0      0      0      0      7     18     10      9     13      9      8     23     13      0      2     20     27     20     22     41      4      0      0     14     15     17
    33     27     27     37     24     21      0      0      0      0      0     14      7      8     22     25     23     32     27     12     12     17     15     18     13     28     32      0      0     10     16     17
    27      7      5     14      6     14     19     22     33     20      0      5     18     45     68     51     17      7      8      0      0     11     12     13     15     28     40     16      0      0     14     16
    32      0      4     18      2      6     19     12     21     40     44     44     48     33      0      0      0      0      0      0      0      5     16     10     17     39     34      8      0      7     38     26
    47      0     21     46      0      0     19     20     15     19     54     76      5      0      0      0      0      0      0      0      0      0     12     13     19     47     42      7      9     48     61      0
    72      0     28     48      0      0      4     22     20     16     43     58      0      0      5     21     15      7     28     46     13      0      5     12     16     29     32     20     40     56      0      0
    97      0      0     10     16      0      0      9     23     32     29      9      0      3     22     35     24      0     21     76     47     10      3      7     15      9     19     50     54     18      0      0
   109      0      0      0     65     14      0      0     26     31      0      4     53     85     86     73     45     41     50     68     76     46     17     17     33     36     46     83     32      0     10     14
    88     43     16     10     47     54      2      0      5      5      0     64    106     84     89     92     86     88     71     47     60     69     37     26     49     46     15      0      0      0     11      9
    65     33     65     33     18     62     63      0      0      0     10     35     35     18     27     52     41     26     22     12     14     47     63     41     41     18      0      0      0      8     23      9
    68     22     28     28     28     37     53     20      0      0      6     15     20     20     31     34      0      0     11     11     11     35     72     42     13      9     11     23     27     23     26      7
    65     11     11     19     15     21     41     51     12      0      0      0      0     23     29     11      0      0      3     15     16     21     31     16      0      4     22     31     31     22     22      9
    65     16     12     16     13     17     21     51     52      0      0      0     13     14      0      0      7      0      0     13      4      0     11     43     43     31     31     28     25     19     23      9
    63     11      5     12      9      6      4     21     54     38      0      0     34      0      0     64    114     52      0      0      0      0     11     54     66     56     28     10     11     12     26     12
    56      8     12     24     16      7     14      8     35     72     44      0      8     14      8     31     46     57      5      0      6     11      0     31     60     50     15      0      4     10     37     41
    64     24     16     13     18     19     19      0     14     60     92      0      0     21      1      0     14     32     14     18     35     23      3     28     46     34      4     24     61     58     74    103
    62     19     18     25     20     10     15      5      0     30     92     34      0      6     20      8      1      0     13     31     22     15     11     23     36     45     29     49     68     29     10     62
    60     22     26     25      0      0     32     34      0      0     42     51      0      5     19      0      0      3     33     16      4     19     18     27     39     48     23      0      0      0      0      8
    60     21     11      5     17      9     13     28      0      0      0     38     20      0      3      4     27     50     31     14     18     23     15     17     34     41     18      6      5     10      0      0
    54     12      2      5     49     38      0     16     35      0      0     45     66     42     25     24     30     17      0     19     23     15     18     25     54     51      8     21     33     24      4      0
    59     26     19      1     14     39      0      7     84     25      0     13     22     30     22     15      1     11     19     23     23      7     11     21     39     36      8     53     50     17      8     10
    56     18     26      4      0     49     32      0     67     71      0      0     10      7     13     12     11     26     37     36     44     40     20      3      5     41     57    100     63     24      0     22
    50      0     18      9      0     44     34      0     18    105     43      1      9      2     16     31     34     19     13     18     27     43     30      4     14     65     69     82     51     28      2     17
    54      8     13     21     11     40     42     16      5     65     61      0      0      6     28     27      8      0      2     11     11     10      7      5     32     48     34     60     47     25     17     10
    68     25     26     40     21     13     39     25      0      0     25     10     16     21     28     11      0      0      5     12     14     11      8      4     31     37     23     42     31     22     27     15
    61      3     18     12      0      0     11     13      3      3     51     52     20      0      4      8      6     13      3      0     24     38     26     12     26     37     23     36     25     19     17     14
    64      5     11      6      0      0     17     30     32     28     56     28      0      0      0      7      6     10      7      0      8     32     33     21     22     25     20     43     34     21     15     13
    67      9      5      4     19     20     21     27      9      9     42      4      0      0      0      4     12     11     12      5      3     11     13     22     26     11     13     55     45     20     19     16
    13      0      0      0      4      9      0      0      0      0      0      0      0      0      0      9     12      1      8      4      0      3      4      2      0      0      0      0      0      0      0     36
