-32 22 12 1 -10 3 -13 -32 33 25 -16 -10 7 30 -24 32 10 -33 -41 40 -11 -12 18 -6 21 -67 -16 -56 36 31 -10 48 -21 -28 -23 33 4 -39 -14 -20 37 -41 16 -21 -42 78 5 -5 20 45 44 16 -41 23 -19 9
5 -52 -47 -4 -47 2 -52 22 -1 -10 18 -23 -58 -39 0 2 8 38 16 -13 6 11 -22 1 -60 -23 -47 8 64 37 -57 -9 16 -45 30 35 -45 -3 -6 -61 -36 -31 20 -28 -10 19 11 -6 11 -14 8 -48 -67 -7 14 17
41 2 -25 16 6 20 37 3 6 36 3 32 47 -29 -31 42 7 -14 20 18 52 -14 44 5 39 4 -17 65 -57 33 -85 -54 -56 2 33 44 17 -16 -11 -27 21 29 38 -17 -72 -42 -18 28 -33 2 12 66 -66 -30 -18 -20
-16 -57 42 -46 6 -10 -36 -24 16 36 1 7 -82 -33 51 54 -17 -10 6 -14 -58 24 59 -10 2 -29 48 57 35 -11 21 -24 23 -127 31 24 29 19 4 8 -58 41 -11 33 9 19 48 -15 16 -14 38 0 30 52 47 0
-103 14 33 0 -47 -41 12 -5 52 3 16 -33 27 -14 -5 29 29 4 -49 1 -2 21 -113 10 -63 27 -27 -67 45 -31 -56 28 12 -39 -73 28 -13 -41 0 -31 5 -23 32 -30 22 31 0 -64 -27 -4 -30 -47 -54 -18 15 27
11 26 17 -11 -128 -74 -4 39 -54 49 29 22 -44 -5 5 35 36 -6 -128 20 -20 28 -9 2 -14 39 -35 -23 -7 2 -128 3 -30 14 21 -98 1 15 -17 36 -43 41 64 -22 -51 -1 0 11 -54 -19 -19 -39 22 -14 4 10
4 -63 23 -28 -16 -116 29 24 1 50 -10 -45 -13 20 33 -55 -68 -20 14 29 -33 -5 -7 2 -15 -11 -4 -10 7 -20 -15 4 32 -34 57 -32 57 9 -3 -7 -58 -48 -44 -53 -99 44 -25 6 5 -26 -75 -25 -3 22 -20 -56
8 -52 -21 -51 21 23 -56 7 41 -91 5 32 33 9 8 2 -1 -23 -10 17 34 5 2 -11 -90 40 65 5 -33 -31 -17 29 -48 -81 -124 -52 36 -63 -14 -6 -51 -37 -19 14 2 10 23 -54 28 45 -13 -15 15 -53 35 34
-51 -6 -19 6 -30 18 -117 -9 5 27 4 -1 -26 11 -41 26 -33 19 -42 6 -17 -6 35 -8 45 33 -20 -68 16 17 8 58 29 -128 -18 -20 21 -11 -13 52 -22 -54 -6 30 49 83 -40 -35 38 5 -11 32 -10 -31 -27 -22
-2 23 -69 35 -24 23 -26 23 -35 21 41 -10 -46 -30 34 48 19 -4 35 -41 -26 41 13 -2 39 -39 -14 -6 -16 -2 34 31 43 -21 13 54 -19 1 -2 9 59 21 -10 20 -12 -95 7 11 15 22 7 -18 19 -2 15 -41
-3 -60 -23 38 30 33 36 -5 7 -5 -39 4 21 23 -23 4 -74 4 -9 15 38 3 13 -7 14 34 9 -39 20 -16 14 34 8 -128 26 -11 14 26 -11 7 -4 -41 35 52 -14 15 -20 56 -10 -8 14 -26 -51 10 -12 -33
-3 37 -41 -59 46 10 21 19 -33 24 51 -26 11 73 -36 -81 40 30 45 31 -65 58 10 6 -42 8 -9 9 -32 19 -40 -107 -13 -27 20 -16 63 -45 -5 7 25 17 0 -76 17 -61 -15 -16 -13 10 -31 4 71 64 9 -128
-43 -43 -5 -39 -17 -55 32 14 -33 -4 -33 -82 -7 -90 -26 -21 -24 -30 -91 -38 -33 -15 -33 -10 -33 13 -11 21 -15 -62 -44 26 -13 41 -28 34 -43 -27 0 -128 -38 -8 -75 -98 -70 -33 -6 -7 -45 -45 -9 -128 -10 -42 -29 34
5 -72 -23 -45 0 -77 17 17 30 -61 -27 4 25 -44 -24 -31 -46 -13 -10 17 -21 -35 70 -2 -8 -55 -19 -22 -11 -82 -14 -18 -16 -48 -15 10 -31 41 -4 -92 -57 -87 -80 -32 16 26 12 -37 68 -42 0 8 34 -14 -10 6
23 35 15 13 -128 14 32 25 -5 -27 -36 10 17 -74 28 -24 39 19 0 -33 18 24 -74 3 -34 -6 -44 -42 14 -19 -51 -3 25 -3 5 9 -9 -17 -8 -6 -39 -45 14 -32 12 -18 -8 -19 -10 -52 1 17 13 -26 -10 9
22 32 7 -5 16 30 18 10 19 -65 -2 -28 -42 -45 17 14 -42 -37 -21 -31 -23 47 -9 -1 -60 10 11 25 -18 -47 -21 2 -46 85 0 46 34 35 2 79 1 9 -24 36 -22 -46 26 12 -38 -32 -23 -52 -9 24 53 11
-13 -18 -13 2 30 20 3 4 -65 20 -17 10 -4 -28 41 -17 17 -15 -5 24 -45 15 45 -8 -59 14 -57 -9 21 26 39 24 25 -116 -12 -19 42 52 -2 42 57 35 -2 17 18 -52 -48 -11 -7 -18 66 12 21 31 -7 -11
6 29 -5 12 -37 -51 -17 20 -42 8 26 11 -7 6 -11 -75 20 41 -66 -50 1 -32 -44 -13 -2 -6 4 -59 4 -14 14 19 6 56 -29 -8 11 -10 -14 -13 -12 41 24 4 -27 17 -1 3 -7 -8 -43 -4 7 -38 -29 37
-9 8 -6 20 -34 -19 1 -47 13 7 -4 -10 -53 -80 48 14 -42 -5 -24 12 -25 -51 24 8 -40 -38 11 -67 45 -47 27 -49 -48 -83 -48 3 -46 10 -4 -42 -4 35 10 -46 47 2 1 -10 23 1 9 10 46 -23 8 -52
87 -17 -7 -33 4 15 81 17 44 -43 -2 0 56 1 -64 -9 -31 2 9 5 -17 15 -26 -6 -64 28 35 -13 -51 38 32 -34 12 4 -128 26 66 -3 8 9 69 -99 -15 1 -19 31 -80 1 -43 23 44 81 1 -16 -18 72
30 -27 -63 -61 48 -7 63 -26 27 -23 -32 -70 -13 25 -1 -97 -3 10 14 -7 19 18 -12 6 -48 18 -74 48 8 -5 6 -7 49 -74 -16 -22 16 25 -5 24 40 83 -10 25 -116 -15 -46 -21 -13 -11 -13 -9 10 26 -33 -20
-19 -2 -46 -8 39 -9 -35 -14 64 -21 30 -85 -15 9 -15 27 14 8 5 -1 50 19 -27 -7 3 9 -8 -19 -13 26 7 22 6 35 1 15 -18 -3 -17 -58 -72 61 28 -33 -43 -5 -38 -25 24 -3 33 13 9 -56 -17 10
-32 7 21 -97 36 33 21 -27 -27 46 -11 -45 -16 -9 -3 -80 -15 9 -7 16 -124 0 2 -6 -24 43 -27 -12 50 17 -26 -12 16 -128 -58 -71 39 32 9 -66 9 2 13 -68 5 -14 -53 -17 26 11 -11 -8 31 35 -68 -60
-52 22 -53 0 -5 53 44 21 66 42 17 1 36 -1 -14 25 21 19 13 1 -6 -7 -55 3 80 30 2 -43 32 42 -25 12 57 -52 -14 22 -20 -10 -7 14 -20 27 47 -7 54 1 73 28 11 32 32 -10 3 -20 32 -5
11 -15 60 38 -41 7 -128 2 42 -59 -20 30 53 15 37 -8 -26 11 7 -60 16 -23 -62 -7 91 39 -2 54 -8 31 8 -39 -3 -70 -17 39 -41 -30 -22 -66 -50 10 -3 -25 19 5 28 -9 1 -3 -30 -47 -80 -37 11 -3
6 -75 -5 -32 18 -17 -114 -40 28 -2 -51 28 24 49 21 -12 -4 -24 -22 -42 -36 -67 -8 -8 -66 -29 -12 -9 -96 -16 -66 1 -37 -35 -33 12 -15 -64 -11 -32 -79 -41 -4 -24 68 48 2 -88 1 8 5 -14 17 -46 -6 -21
45 -12 -13 -128 33 -50 17 -67 44 -41 45 -30 -39 -65 39 -18 35 -15 -10 68 -37 -21 -9 -1 -51 34 -64 15 9 23 -48 -96 30 -35 -17 -31 6 -7 3 -9 -1 -58 3 14 -59 -21 -90 71 17 0 -42 -18 19 -39 -107 -13
-35 -19 39 -75 38 -33 -34 25 -25 -2 17 -43 23 25 2 2 -9 34 -6 -51 -22 17 -20 -1 -61 19 -3 9 -29 6 40 -13 48 -28 -48 61 39 -92 -8 65 -29 8 -128 -25 45 -9 -45 7 15 27 -42 -22 14 57 -1 21
22 29 -39 28 39 50 61 26 50 -2 -17 15 39 61 -35 -23 3 -26 10 -8 9 56 -17 -4 -16 -14 -31 -19 -56 -17 -6 -5 2 -11 -103 7 -1 47 -10 22 42 -2 -14 25 -29 -5 20 33 -71 -21 53 10 22 4 27 -25
27 -6 -32 42 -14 13 5 -27 -17 -2 -20 -21 24 -27 -5 -65 32 -16 -20 15 -2 -2 33 -13 -34 -16 -74 -38 -15 8 24 -21 -5 55 -27 26 -68 -53 -2 30 -14 -35 16 19 -71 -18 29 84 -49 -12 -37 -42 13 26 18 4
-21 -22 2 -25 -66 15 8 -117 -42 22 -15 51 -2 -54 25 18 -16 7 -6 -7 -51 42 -27 -13 0 -5 3 2 -2 10 28 20 -87 -45 -38 -6 26 27 -2 -59 -38 -15 35 -61 39 20 -4 42 -25 -52 27 -58 4 17 -5 32
14 10 -38 -61 -26 -57 -27 -30 -26 8 -8 50 -3 -80 44 -14 -30 -32 -17 84 -71 22 5 -1 -43 -2 -79 -18 -24 29 -31 11 -94 -89 -35 18 -24 22 -11 -25 18 28 98 -100 -128 -9 51 -15 -36 -17 -40 -14 -4 -10 -101 -17
25 28 -33 -7 -16 31 -8 41 25 14 7 11 2 24 -30 -35 44 -7 18 -24 -32 18 18 -1 -26 24 -54 38 -32 -27 -63 29 -70 41 -20 -2 0 -40 -6 19 -2 10 26 -89 -35 -49 -10 52 -11 -22 -69 -28 -55 -79 -28 -22
0 -26 8 35 -70 -30 12 7 11 53 35 8 23 -82 -66 48 -9 7 -120 16 -108 29 -39 -9 14 -24 -39 -29 11 -28 1 -28 -64 -7 18 -76 -65 46 3 -20 -5 42 45 -84 -128 4 -25 42 -23 -74 29 -128 59 32 19 9
-72 -5 2 -76 24 -10 33 -49 -18 12 84 18 19 -5 3 51 -33 -128 -10 7 12 10 -68 5 -40 18 13 20 14 19 -15 -75 -22 47 91 -39 -31 4 -4 3 -88 11 -18 -72 -2 -73 7 13 -102 -35 -36 -45 14 -35 12 12
-15 -34 19 -30 39 48 -32 1 -26 23 8 -8 -12 16 -8 12 -1 14 -84 -10 -40 -74 33 -9 38 10 -22 1 -47 16 -76 23 -78 49 37 58 -12 11 -18 40 -39 -12 -34 -22 -24 45 35 16 27 -11 3 3 -32 -80 -42 7
-5 -59 -45 -9 11 28 -71 65 7 -26 15 -19 -11 47 -13 6 11 15 -73 -61 34 -48 -18 -15 23 51 46 -17 11 -37 55 6 33 -29 -30 15 -23 -52 -2 -16 4 -14 -25 -9 -43 -3 12 9 27 28 24 -32 -55 13 -14 22
26 7 -22 -4 21 -27 7 -17 -31 -7 -20 0 -43 -90 10 22 43 70 -14 13 1 -1 13 4 -35 -2 -14 -15 -47 31 -3 -19 -14 -37 -25 -29 5 -1 -5 43 -28 9 24 35 -51 12 -22 -18 -21 -26 11 38 29 24 -37 15
-4 16 -28 -36 -32 -34 -22 -16 -42 6 -11 -29 -65 -18 -29 -54 4 -31 14 1 -47 -85 15 -5 10 -71 18 12 -20 -10 11 -42 19 33 16 -22 -13 13 -16 -52 -23 22 -33 -10 3 -27 22 27 -80 -9 -24 -5 -17 13 -16 -13
-17 4 19 30 39 16 -111 41 58 -63 -43 61 79 1 -7 -58 -26 19 -33 -33 4 40 22 1 40 28 -42 -18 51 -61 29 20 -5 -38 18 -21 -12 -30 -13 -34 -47 -69 -54 -10 27 33 53 -37 -29 -56 -23 -70 37 -48 22 -57
45 -78 -6 21 -83 -8 17 -46 -36 -15 21 22 -33 -51 43 -51 -33 -22 25 58 -48 -52 -6 -6 -85 6 -128 -8 71 13 -23 -3 10 -40 -10 10 49 34 -2 -29 -7 -50 4 -22 -80 58 -7 -6 -24 -23 -60 -15 -22 -30 50 3
-43 41 -2 -71 -47 -33 6 -6 -9 -18 -35 -1 7 -24 2 -15 43 -8 -20 16 -19 -57 10 5 -23 -88 -22 -32 -6 -12 -17 -47 -25 34 -18 -2 -42 14 -16 -51 7 16 -12 -69 -52 -53 22 70 -43 15 -15 -27 -20 4 28 -32
-3 -31 52 -27 -31 -13 21 15 16 -15 -62 37 -16 -65 -66 -33 -74 42 23 43 -58 4 40 4 -22 18 17 41 -24 -17 -105 34 -7 17 52 -23 6 79 -11 4 29 -15 20 -7 -36 -29 17 -23 12 21 -39 -2 32 -43 -27 44
8 -30 -21 8 -53 50 -53 39 25 37 -9 31 -18 29 20 41 -51 6 4 -47 -22 14 4 -5 -7 -32 46 -9 -40 15 10 30 -10 -70 20 -65 -17 36 3 26 30 22 7 26 -7 49 -42 -8 -33 -28 -3 -11 26 19 -18 -15
8 43 55 5 -13 41 -63 -7 0 -48 -32 17 -70 6 -64 46 -54 9 26 32 70 62 -67 7 18 22 -22 20 25 -28 28 -1 2 -22 59 -14 23 46 -2 58 19 46 21 -9 1 8 25 -12 -22 26 -14 58 7 17 25 -17
15 -7 -16 6 -3 -45 19 5 -53 -37 5 -60 -28 6 -26 -39 -25 -14 -37 37 -128 5 17 -10 -72 -61 -115 -10 -33 3 -32 -35 -7 -26 -27 -39 -42 20 5 -11 -37 23 -2 -21 -67 -72 -12 -55 -32 -1 -128 -21 41 -71 -56 1
19 22 -18 -64 -23 -16 41 -64 11 -3 -18 -62 -10 40 33 -48 -22 -77 3 10 -82 9 38 -1 18 -23 36 56 -33 29 43 -34 -6 -56 -32 -42 -41 23 -3 -15 10 -30 30 -39 -29 -98 -14 19 3 10 -15 -22 8 18 0 -46
56 29 43 6 27 -27 -17 -25 36 -57 -126 88 29 -36 3 -13 -64 10 -29 -12 0 4 0 -15 16 -1 -34 10 -15 -31 8 -80 -29 -87 77 -45 46 20 5 26 -53 -51 -13 71 6 9 -12 -47 -58 -32 -76 16 -7 64 6 -25
8 80 -77 -73 16 18 19 -12 50 69 -18 12 19 40 51 -16 40 -28 60 47 -8 -3 8 2 -54 58 14 22 35 0 26 -19 30 -26 16 9 -12 32 2 -51 -45 -63 24 6 69 -43 46 62 22 -3 -40 42 3 11 -61 -15
2 -24 -18 -12 -35 24 33 19 16 5 -28 -1 25 12 -7 -128 -2 63 24 28 -8 33 8 10 -27 20 -24 -22 11 33 3 11 0 -128 -9 -11 10 38 -1 -13 23 -128 -23 21 -8 13 -78 -21 6 32 -29 -7 -54 48 17 52
18 -19 -31 28 3 41 1 -6 -7 14 -3 11 11 40 -33 -14 -3 2 15 -14 -11 11 -22 5 -45 42 -52 -24 53 14 -28 17 36 8 39 -1 21 22 -17 11 26 -126 21 18 -31 0 -22 50 -34 16 9 -2 -55 9 33 -13
-36 -30 -59 15 -41 26 -79 -1 39 28 30 -35 -77 -35 20 -52 45 68 -19 14 100 2 -76 -7 11 12 -70 -18 29 25 3 3 2 -128 59 -39 33 9 -9 17 -76 -55 -6 -29 3 57 -24 -41 16 10 -18 8 -40 -7 11 28
-7 -29 -49 -29 -47 -48 -26 18 -21 9 -14 9 -7 -59 -55 16 18 -14 -18 8 -26 9 -7 -3 -10 -12 -36 -26 -3 10 -14 26 -12 -115 15 -16 -21 -52 -1 -40 -33 -102 -16 -74 3 -22 6 22 21 -7 -16 -17 -46 6 -16 1
3 -9 -32 14 38 51 4 33 -10 44 -48 -32 4 26 15 -1 14 -69 25 23 -43 10 6 1 33 7 -1 26 -2 5 -48 -8 10 12 -2 4 18 6 -1 37 18 30 20 39 5 16 -30 -22 -28 -33 -19 13 -74 -6 23 -28
31 27 -55 27 27 49 5 23 52 -15 -12 -18 31 9 -48 2 -6 9 -26 25 6 -31 29 6 -67 -29 -36 30 7 6 -25 -38 -2 -23 1 -33 15 -35 0 -69 -3 -128 1 6 -50 0 -2 -21 24 33 24 36 -58 -1 -10 -5
14 29 -32 28 -3 4 -101 19 -2 18 36 15 6 79 -17 23 -59 6 -52 -18 16 -50 -1 1 14 1 62 -24 -7 12 -13 46 -13 -8 11 -11 -20 34 -19 15 43 -7 6 16 -24 37 -11 6 -101 -11 -2 -2 -8 -11 30 -9

-8 11 -22 -3 11 8 -16 -5 20 52 -22 7 -34 38 -17 3 2 -10 -19 7 -33 7 36 -9 37 -26 -13 -22 31 41 -17 27 -17 26 11 6 -6 -9 -9 -24 40 -48 34 -19 2 49 -13 -32 66 24 -4 -5 -62 -1 8 -16
6 -48 -35 5 44 6 -1 11 0 -19 17 -56 -60 -71 6 15 7 27 -16 -23 -8 -3 6 -20 -57 -26 -52 51 -3 35 -47 -50 -4 -55 18 16 -15 6 4 -17 -50 28 28 -19 12 -14 -70 -39 -2 -15 0 -70 -3 -19 0 -65
22 5 -37 -51 -9 26 51 -36 -18 23 41 42 -9 -57 4 17 -8 10 24 -30 8 -7 6 -15 28 -104 13 61 20 9 -39 -58 5 34 30 19 23 -26 -8 -74 14 -91 5 -49 -8 4 4 -1 -47 1 5 13 -73 -62 32 -25
-7 -79 29 -48 -9 40 -100 -4 6 14 -78 -29 -85 -28 -56 55 -82 -14 -6 -27 -65 50 -15 -9 12 44 -7 6 31 -22 14 -31 17 -95 56 15 36 38 -7 -19 -13 39 -30 48 60 15 31 -48 9 -51 -47 15 39 15 -11 -3
-128 14 18 -27 -20 -40 -62 41 33 -18 4 -73 -36 -19 22 -10 1 -29 -37 30 14 21 37 -12 -37 -5 -5 16 41 -34 -34 -27 -33 -70 -70 14 -43 25 -1 -36 6 -25 1 -3 51 18 -5 -52 -11 15 -31 32 -35 -25 -26 -2
9 -23 27 -33 -118 -120 -6 18 -12 47 46 2 -35 -17 -11 26 23 -12 -60 15 38 56 15 -13 -4 10 -4 -20 -2 18 -128 -2 -49 21 24 -80 16 3 -1 43 -16 33 29 -9 -52 18 11 -3 -1 11 -31 -37 44 -21 -18 15
-6 -18 28 -17 52 -116 42 10 -27 -10 -30 -45 -2 -3 18 -62 -60 28 -4 -42 -57 -44 21 -12 -12 -32 -39 -27 19 -1 -79 49 36 -82 62 -51 -15 20 -2 -22 -40 16 -56 -37 -61 31 -9 -20 -9 -9 -54 0 -10 46 -13 4
-18 -18 18 -13 2 14 -33 45 56 -71 32 16 0 34 -8 17 19 -12 -13 -50 -29 -53 4 -6 -128 31 -45 48 -69 -3 -60 -1 -54 -57 -128 -42 3 -52 -7 -9 -34 -111 -42 -3 43 6 11 2 0 -17 -15 -42 -13 -70 31 -21
-27 -25 32 -15 -14 46 -115 -15 1 15 34 39 21 35 -16 30 -28 7 6 -25 -32 -47 14 -7 29 -22 -57 -45 20 -22 16 37 -2 -128 -48 40 -20 -29 -11 18 -9 -35 -4 3 21 40 22 -98 -1 15 33 47 -14 -50 32 -13
-46 -4 -22 28 6 27 3 -6 -51 22 -11 -18 -5 -30 52 24 15 20 25 -12 0 30 -14 -7 63 -4 -3 -28 -17 -4 37 -13 28 -26 -7 59 -20 4 2 1 26 31 -12 -11 6 -42 -63 28 35 32 -29 14 10 18 24 -57
-3 -53 -23 10 29 6 25 8 -26 4 -32 16 13 36 14 11 -24 -41 5 -24 68 9 -15 -7 -34 9 24 -72 29 -40 11 5 41 -73 13 4 8 23 -5 4 47 -67 54 38 28 -30 -50 24 27 1 21 9 -76 -10 13 -15
-65 37 21 39 43 71 3 15 -18 11 7 -15 38 19 -92 19 -44 34 23 16 -1 26 20 8 -13 40 14 14 -4 13 -93 -93 -11 -25 -2 -16 -24 -41 6 13 59 -27 10 -84 25 -112 -13 21 -13 19 -74 -15 28 25 31 -45
-46 -53 -13 -30 8 -85 30 10 -31 -12 -53 -59 -43 -116 -36 -28 -29 -45 -95 -63 -22 -9 -24 -12 -10 18 -8 18 17 -51 -55 0 2 38 -28 16 -1 -26 1 -128 -30 5 -82 -17 38 -8 6 -32 -7 -37 -21 -117 27 -72 -46 14
23 -13 -33 -53 1 -59 -14 24 24 -25 -14 -17 -12 -20 -14 -80 -17 17 -13 -11 -40 -54 49 -13 -78 6 4 11 8 -12 -23 -78 -52 -128 -14 13 -85 -22 0 -103 -72 -84 -37 33 46 0 5 -9 10 -7 -50 31 -20 -32 44 2
29 -3 10 45 -104 -9 38 8 2 -18 -33 -7 32 -56 6 -19 14 -9 19 -25 -20 33 -49 -2 -37 -52 -51 -51 -15 -18 -65 -13 -30 -67 12 38 30 4 0 12 -26 -62 -11 -27 -6 -24 -1 26 7 -45 -33 25 15 7 18 6
-4 21 29 -23 39 20 38 6 30 -50 -41 -58 -42 -106 10 -15 -5 -56 14 7 26 37 -36 -3 -21 -9 -53 7 -24 -7 -66 -6 -60 55 -10 41 26 36 -11 64 -12 28 -55 19 -6 -13 10 -1 -3 23 -37 -1 -23 46 33 -11
-1 -38 19 3 9 49 -4 38 -58 1 -22 6 25 -8 31 -25 -11 -103 -17 -22 2 28 48 9 -31 -20 7 -41 28 22 56 22 30 -105 -30 -9 27 58 -6 32 52 26 27 12 18 -39 -22 3 14 -2 50 9 6 8 -22 29
10 -28 5 -30 26 -51 2 -17 -35 1 28 6 -39 29 -3 -112 9 0 -45 -4 0 -59 -26 -17 4 -26 4 -59 -20 -1 -15 -3 -18 69 -43 -2 13 -12 -21 3 -16 6 10 6 -16 -12 33 -13 3 46 -11 -8 24 -25 -64 35
-11 -28 14 12 -7 -36 6 -29 34 -48 12 15 -38 -111 78 -46 -23 -7 -20 21 -61 -72 24 -3 -55 -108 12 -15 -20 1 -27 -45 -84 -25 -43 -16 -34 -2 -6 -35 -7 -54 13 -18 21 -6 11 -1 39 3 40 -10 22 23 7 -18
60 -41 9 -29 -18 9 74 36 8 -45 20 -21 2 5 -26 -10 23 50 -5 5 -28 8 -6 13 -44 10 23 -18 -9 1 51 -43 10 43 -91 14 59 -5 -12 -3 61 -128 -1 16 -45 33 -81 -51 29 39 22 66 15 -34 -3 21
39 -16 35 -37 24 5 37 -1 1 -24 -22 -97 5 4 -48 -48 -23 -48 -12 -9 -8 13 -17 -7 -18 4 -44 27 15 -26 0 19 11 -61 -24 -21 25 15 -8 37 6 92 -34 28 -123 19 39 -15 1 -22 15 8 -8 -8 -31 3
-8 1 -38 14 41 32 -41 -19 10 -16 11 -32 8 -32 -25 22 -80 9 -8 -24 38 4 -16 3 22 -66 -4 3 -3 22 0 89 -23 40 10 -39 -90 13 3 -100 -65 61 4 -77 -3 -14 14 -76 50 -6 22 9 26 -61 -14 31
-16 29 28 -68 35 14 16 -35 -30 33 -15 -20 10 24 -7 -37 -7 1 -25 -39 -102 -25 18 -5 -10 23 -12 20 100 -14 -39 -49 -10 -121 -125 -78 1 10 7 -39 -15 9 -3 -44 -28 -43 -43 -10 -4 0 5 6 -14 -5 -58 -93
-68 -47 23 1 5 66 -15 15 41 43 1 6 -28 30 -11 14 34 2 27 18 26 40 -33 4 46 13 -21 -44 -43 13 4 37 39 -11 -55 -4 7 -11 -2 -11 -83 41 -9 38 39 -10 34 45 27 32 -9 -3 35 -39 19 20
-39 2 31 14 -41 15 -118 21 36 -43 -16 -1 9 -67 20 2 -3 -4 -13 -32 24 -34 -84 -10 93 32 4 37 -29 42 -28 -3 -8 -93 25 2 -19 21 -13 -39 -28 -43 -2 5 46 -37 31 18 -10 -37 -11 -64 -6 -47 7 -28
-14 -4 15 2 28 -10 -42 -16 44 -35 22 33 29 33 37 16 42 5 -35 -37 -41 -118 39 9 -82 -7 -128 24 9 -42 -23 -54 -71 -128 -117 8 -28 -42 2 -30 9 -128 -29 -10 -16 31 -61 -26 11 -20 37 -8 -7 -18 12 -17
43 -25 23 -35 -2 -53 -18 -44 26 -37 -12 -56 -13 -72 -81 -6 -81 -66 20 -26 5 -99 27 -13 13 -9 2 -59 57 9 -50 -35 36 -18 -8 -10 44 0 0 -11 -5 -52 -49 7 -61 18 -43 -1 43 1 -29 4 -8 -31 -107 20
-12 -54 29 -58 45 -28 -52 32 -10 15 15 -57 -12 -21 21 28 55 48 -43 5 -24 52 -5 0 35 0 -27 51 -9 11 18 -26 7 -83 -32 -28 16 -93 -13 -5 5 8 -35 25 42 -19 -21 -5 22 11 -23 -26 84 34 14 19
17 -12 -6 -30 58 -7 48 34 -1 -19 -23 4 7 53 26 -14 33 1 4 27 25 37 -56 6 23 -10 -37 -33 -16 -3 44 8 -23 24 -59 25 34 3 -7 -53 25 -8 25 9 -77 -20 -7 28 -10 4 5 1 10 -15 4 -28
-4 -18 -12 26 -69 -10 10 -19 -41 -7 -22 -10 19 -18 12 1 -120 -24 -66 13 -6 -8 28 -2 22 6 -1 -52 13 36 15 -6 -4 -5 -21 32 -84 -66 7 28 -14 -16 -2 3 -11 -2 22 6 -36 -33 -19 -51 9 15 7 -17
-10 3 -9 -14 -63 18 -17 44 -58 32 -11 40 0 -70 -10 -7 -23 21 22 -7 -38 21 -8 2 34 -21 12 9 9 33 22 -35 -29 6 -58 40 27 22 1 -39 -40 -33 11 -12 26 27 5 -6 -4 7 21 24 38 17 7 32
23 6 -4 -31 48 -108 3 6 -81 2 33 35 12 16 35 12 -27 -14 -80 43 -5 -53 38 -5 -26 -19 -32 -42 10 44 8 45 -113 -34 -28 21 -24 33 -10 8 27 -5 64 -33 -120 -3 53 -54 -5 8 37 -22 30 -21 -128 -13
17 -12 7 -82 52 -6 16 -1 0 9 8 26 -6 23 -57 -4 17 -10 -58 1 -5 16 9 0 -30 7 -15 41 -6 -11 -5 -17 -68 41 -4 26 -7 -21 -3 27 4 10 3 -73 -122 -23 -70 -12 -34 -29 1 -22 7 -108 -74 -14
-26 2 39 -24 -24 -40 -23 27 -16 -128 -5 -61 17 -128 -24 12 2 2 -46 18 27 -1 -16 -5 32 25 -39 -15 -5 -16 -24 -114 5 4 -101 0 -70 -29 1 0 -15 44 12 -124 15 15 -17 10 -31 4 54 -128 32 8 21 7
-54 8 -16 -43 -94 13 15 10 -21 12 66 1 69 -44 -78 23 -66 -16 -28 11 -24 -6 -42 -3 4 -4 -13 -23 34 8 -6 -61 10 61 75 -54 -10 37 -8 -54 -28 0 -21 -41 -25 -60 -1 -11 -55 31 -48 -24 10 -50 -12 17
-15 -29 18 -18 22 33 -7 21 35 41 28 -1 -22 16 8 -55 55 -25 -32 -49 -2 -25 -17 -13 -5 13 -13 2 -38 -37 -27 14 -51 51 49 47 -35 12 -19 64 -53 10 7 -10 -10 21 27 -32 19 8 14 27 -47 -109 20 -65
-4 2 -5 -34 -11 10 -69 3 7 -7 44 -27 33 37 30 -13 16 -30 -42 -40 27 -17 -22 -11 -33 -1 52 -5 -22 -9 45 16 6 -46 -27 -14 -8 18 5 -8 3 -1 3 7 -24 -11 48 -6 33 37 39 -9 6 11 1 8
12 -23 -17 -36 -2 -3 -24 -27 -16 -27 -10 0 -36 -96 -5 3 45 76 12 -18 30 15 -15 5 -13 -2 29 -33 24 30 41 14 -14 86 -29 33 -4 1 -1 40 -6 -30 10 25 -43 26 -11 -9 3 3 56 31 -5 29 -47 46
-11 -7 -27 -41 -44 -46 -16 -13 -30 -13 -39 -45 -62 -12 -19 0 -52 2 -25 -21 -42 -84 -14 -1 -2 -32 3 -7 -1 17 22 -37 7 32 28 -24 9 -3 -17 -37 -35 -2 -35 -9 -32 -39 5 5 -42 9 -46 -16 3 22 -52 6
-27 -26 -22 5 32 16 -82 55 60 -9 -32 5 72 3 -47 -78 -24 45 -37 43 -26 20 -8 -11 8 22 -11 12 -30 -24 6 -65 -42 -62 -17 36 -21 0 -6 2 -45 -32 -6 8 32 -42 31 -25 1 -18 27 -73 -43 -46 34 31
45 -32 -20 36 -19 8 -27 -28 -30 -47 31 29 -33 -66 2 -7 -16 -65 -7 -40 -30 -40 44 -5 -50 15 -59 -33 -4 5 -31 17 -45 -42 8 32 54 20 6 32 33 -41 16 -2 -96 39 -31 15 -5 -1 -28 0 -20 -15 44 -3
-34 -2 5 -9 -77 -59 14 -1 14 21 -68 -62 -19 -37 1 -28 -54 -33 -79 -15 29 -128 1 -20 -3 2 7 16 8 -12 -20 -17 -12 -17 20 -39 8 9 -12 -58 32 19 -25 -61 -32 18 23 4 -52 30 20 -6 12 -5 8 -29
-26 -47 -10 18 -27 -21 2 -32 -28 -5 -37 -16 -31 -55 25 15 -32 52 -4 -48 -51 -33 -6 -5 -29 -52 -80 34 43 24 -113 42 16 -73 29 -39 18 55 -7 30 -41 10 -19 -20 -8 34 -42 -64 4 7 -31 -13 51 -5 -10 16
-7 -24 27 2 -14 26 -60 -6 -13 13 -53 25 -41 61 -5 14 -60 5 -34 -14 -21 23 -32 5 -49 3 -23 8 -28 -4 35 45 10 -60 43 -87 -16 19 -6 18 -12 15 -10 29 -1 34 -22 -18 -3 -45 -26 -26 7 4 -64 -25
12 0 29 39 35 2 -59 11 -3 -65 0 28 1 -18 -58 -7 -28 -3 -20 8 3 27 -65 0 39 26 -35 15 19 -40 -13 9 -34 16 48 24 16 17 -8 42 -28 18 2 -11 30 -4 57 38 -23 4 -39 29 21 35 8 -39
3 -1 -16 3 -4 -45 -18 33 -1 -62 -7 -31 -42 -46 -42 17 -22 -33 -46 12 -61 -2 -22 -6 -80 -45 -22 -5 3 -15 -43 -11 17 -24 -6 -52 -78 38 2 -33 -33 13 -16 -24 -49 -24 -42 -72 -9 0 -7 -45 8 -75 8 -26
27 25 -39 -95 -60 11 -13 -29 -9 4 -6 -37 -1 34 -6 -29 -68 -15 -36 29 -23 -94 16 -2 58 8 20 45 14 36 13 -31 1 -51 -31 10 -26 19 -7 -51 -25 -8 -15 -43 -17 -59 -7 26 -13 5 -67 -37 26 8 4 -46
52 -10 13 -39 29 -51 -44 -28 -2 -11 17 10 54 -27 0 -26 -27 40 -27 8 -77 -48 19 0 -73 43 -32 14 -14 -29 37 -112 -31 -45 63 -24 -7 12 -2 57 -15 -17 4 40 -37 -41 -28 2 7 -67 27 -20 -34 48 13 6
3 37 -33 -15 6 9 -3 -34 -12 57 -26 -52 3 21 15 9 -62 -10 19 35 -13 -15 77 8 -42 -15 20 -15 37 17 26 -2 23 -14 33 -29 1 1 1 -64 -89 -77 3 -12 17 -50 29 31 13 1 -66 35 24 16 -51 9
25 -26 -75 15 -29 20 49 -66 6 -4 -1 -19 20 18 -14 -32 -12 -13 27 -14 3 2 21 -7 -22 50 -49 -66 -9 5 -10 2 -35 -86 -29 -35 12 1 -7 5 53 -116 -11 4 -6 -14 -19 9 9 25 2 -3 -89 30 -11 17
37 -32 -8 5 24 13 -19 36 -20 24 9 11 -19 32 -16 4 -5 -31 5 -35 4 29 37 -4 -12 -20 -68 25 33 10 -10 0 15 24 10 35 15 9 1 46 62 -95 36 39 -30 1 5 27 12 38 -16 22 -13 -24 -13 -34
-3 -11 3 8 -46 62 -51 0 72 7 50 -72 -38 -28 17 -41 -5 -24 -9 0 64 0 -44 -20 -20 25 -45 -25 20 -5 12 4 18 -128 7 43 8 -17 -15 8 -57 -39 -22 -21 43 25 -19 -5 25 14 -2 15 -51 -13 2 18
-21 -32 6 -7 -45 -13 -23 5 -21 0 -16 11 -10 -69 -26 10 6 -1 4 9 -42 30 1 -10 -37 3 14 -57 -3 -30 -14 15 -2 -65 -4 -47 3 -65 -2 -32 -42 -119 -29 -54 10 16 -52 -9 13 -16 -23 12 -35 -13 -22 -32
32 5 4 -6 2 53 -13 -22 -27 32 -19 -32 -54 55 21 22 15 -128 42 34 -58 10 -19 -1 13 -42 1 -11 48 -7 -9 46 -16 12 16 -38 30 0 -8 32 -8 -7 40 23 27 30 -2 8 -36 -32 -52 -22 -37 -6 17 -22
22 -15 -55 -7 26 25 9 -3 17 -16 0 -40 -26 -49 -14 -31 -1 33 -39 11 -34 -73 3 -16 -9 -22 17 69 44 17 14 -3 10 -20 23 -3 4 -42 -5 -47 5 -108 4 -10 -31 2 -24 -56 4 -1 -30 -2 -37 -48 -11 -14
8 13 -1 -11 59 -50 -110 28 9 27 11 16 -27 85 8 -3 -37 14 -44 10 43 -7 -20 -1 8 -37 -24 -74 -36 -1 11 67 22 2 34 -24 0 27 -7 -15 29 -51 -9 16 -23 56 3 22 -104 5 -18 -3 26 -44 14 -6

8 13 13 1 43 16 49 -1 55 51 -60 23 19 54 -27 33 27 -25 -8 14 -6 -31 41 -8 26 -25 -2 -3 -54 40 -23 -28 -29 -19 0 12 12 3 8 -11 25 -32 45 -1 3 15 -13 -6 8 32 -10 37 -31 22 -2 -32
5 3 -9 20 50 4 -17 32 -5 -28 2 -11 -40 -22 28 20 -16 21 22 28 -15 11 46 -16 -63 -43 29 41 -54 -35 0 -26 -29 -84 0 -3 23 30 5 24 -38 67 30 53 -22 -34 -27 -43 -56 -39 26 -10 -38 -14 -7 -74
-3 20 8 34 -18 39 28 58 -33 15 45 -17 -11 -58 45 9 27 11 33 -38 30 -26 -29 -5 19 -27 -11 7 41 9 -36 -11 37 36 44 -67 2 -35 -13 -101 -22 -128 16 -14 10 12 46 19 -36 2 3 -16 -60 -8 60 -12
0 -23 30 -15 -2 8 -68 -46 -18 0 -34 44 -80 -11 -15 49 -19 2 -14 0 -36 29 -13 -5 32 18 -64 2 34 -12 18 -16 7 -128 25 -3 -5 40 -13 -29 11 36 26 38 76 30 -1 -27 21 -9 4 23 67 25 -43 -29
-36 -68 -12 10 53 -9 41 18 63 -33 -46 -1 28 16 -100 -21 -56 -20 -2 -8 -43 -22 -31 -10 -44 22 31 -33 36 17 16 2 -72 -87 -104 44 -34 30 -10 -28 -51 -111 -46 15 20 34 8 -6 -32 -46 12 -45 20 -56 -3 16
29 -13 -18 -55 -105 -34 23 9 -54 62 37 22 -25 19 -49 34 21 29 1 1 -12 24 13 -1 1 0 -35 -24 7 -45 -128 -11 -79 -42 43 -49 -4 15 -14 23 -37 30 21 18 6 7 4 36 14 -35 -1 -39 51 -6 9 -4
16 10 35 4 -3 -71 -39 11 0 -23 -40 -11 -11 -15 -110 -30 -6 24 30 -56 -128 -8 25 -11 -18 10 4 36 -3 -16 -70 37 34 -53 50 -104 -35 3 -1 -69 -12 -35 2 6 11 25 19 -40 15 4 3 31 -15 17 -52 37
-28 -35 -40 -11 35 30 -67 -5 46 -95 11 9 -34 5 27 6 -25 -12 39 -36 -38 -39 30 0 -56 19 3 24 -18 -4 -3 -26 -12 -73 -128 -58 -13 -28 -7 -11 -37 -68 -67 -1 -50 56 5 46 -8 -31 -61 -20 -19 -55 16 -66
-12 -5 31 9 -32 9 -128 -2 10 44 35 31 12 26 -11 57 23 -11 34 -25 -38 -27 25 -10 76 -45 -47 -91 -3 -2 37 59 -61 -91 -71 8 27 -18 -12 30 -36 -59 23 26 5 28 16 -21 15 6 30 43 44 -19 28 5
-33 24 17 13 15 13 22 -12 -46 0 26 -55 28 -10 37 32 -33 -7 18 74 -26 18 -34 -9 42 16 42 3 -23 -40 43 -50 27 -43 -7 43 -58 5 -11 -10 19 63 -31 -2 -15 -64 2 3 -1 25 6 4 -45 -29 28 -69
15 -21 -32 32 38 17 20 -39 -8 2 -60 10 30 48 -7 33 14 -96 41 -29 38 68 -35 -9 -28 -54 -5 -88 -10 -82 -22 -18 35 -20 21 -16 -7 45 -7 -4 79 -99 50 30 19 -22 -28 45 -18 -10 26 10 -69 14 13 -23
-36 47 51 47 31 59 14 -5 3 17 6 28 20 22 -93 69 51 -17 3 2 -12 36 30 3 -20 43 -2 8 -26 -36 -39 -97 -9 -29 24 -58 -2 -40 8 5 49 -13 18 -43 53 -94 44 -13 32 17 -105 22 -34 12 28 -51
-35 -46 -39 -44 -7 -107 29 -17 -15 28 -12 -2 -86 -102 38 -70 -39 -40 -128 3 -72 25 7 -9 -55 14 -34 19 -4 -16 -52 -3 -33 19 -110 3 -42 -48 0 -58 -12 17 -66 11 8 -59 -26 -24 -3 -36 -4 -64 31 -66 -57 -5
32 1 54 16 -21 -72 -66 11 29 6 -83 0 11 29 -58 -70 -21 -39 -30 -29 -25 -39 -37 -1 -36 -55 12 23 3 -64 -1 23 -52 -128 -42 64 -49 -62 0 -17 -44 -6 3 66 -41 0 17 35 28 -17 9 -26 -77 -26 55 37
3 -68 -49 -43 -128 -27 28 26 -5 -8 -11 -11 -27 -88 -51 23 43 -16 16 31 2 -11 13 2 7 -12 -48 -33 4 9 -13 20 -56 -99 51 57 35 -8 -13 2 -41 -39 -3 -28 42 -12 -1 28 -5 -23 8 9 -18 3 -11 -19
-11 19 -19 -34 -53 11 22 18 20 -28 3 -14 -69 -93 -28 -15 -1 -55 7 51 38 35 -5 -10 -3 11 -60 10 -3 -37 -9 16 -65 -29 6 17 24 41 5 77 -4 17 -91 22 -6 1 -14 -9 11 11 -35 9 0 43 47 -22
-47 -21 -35 15 -1 27 42 4 -3 11 -20 34 21 -5 34 -7 1 -88 -35 -64 1 12 34 -2 -10 2 38 -59 13 50 43 28 23 -90 -34 3 21 54 -11 10 25 10 15 22 49 -22 22 -3 14 16 7 12 25 25 -20 -11
-8 -45 -30 -66 -4 -21 4 32 -24 7 26 9 -29 23 -12 -87 -11 -11 -28 13 3 -32 -23 -2 -12 -3 25 -49 -31 -9 -28 -14 -12 30 -34 -26 32 -5 -24 19 -30 -48 -8 2 -24 -13 -15 -23 -21 30 4 -12 5 0 -40 18
14 -29 -37 27 21 -26 -66 19 20 -35 -36 26 -11 -97 1 -5 6 41 -48 25 -17 -41 78 -10 -39 42 3 -11 -27 -31 -26 30 -70 38 11 38 25 16 -7 -33 -19 -55 -57 -1 -38 3 -34 33 29 15 -80 -10 -104 -13 -19 -1
39 0 16 -2 -16 -4 84 -36 50 -55 27 -12 0 24 -11 -6 -14 -5 -39 0 12 46 -11 13 18 -13 -58 -90 -5 22 53 -16 7 53 -25 43 66 30 -3 -32 35 -116 2 -1 -1 10 -6 -41 -9 27 44 81 6 -1 22 -21
12 -37 58 1 19 31 62 16 17 -19 -19 -78 26 3 11 6 -25 -59 -13 -40 21 -6 -33 -11 16 27 21 39 -27 -60 13 -35 32 -3 -8 -17 17 32 -1 26 15 66 -11 8 -102 13 56 1 34 -2 -20 10 29 28 -60 12
-17 -26 45 1 27 37 -8 31 16 -32 -16 49 -13 -46 16 16 -37 8 3 -15 14 -9 -62 -10 11 -59 -26 -13 -24 60 11 122 -4 -22 -22 -32 -128 27 -7 -11 -82 75 25 -13 9 -78 1 -61 34 4 -33 -24 22 -64 47 27
18 -1 31 21 52 -26 8 12 -29 -5 -7 28 -8 56 -88 -65 -20 -63 -22 -128 -94 35 54 -4 -22 54 28 14 -21 -79 0 -88 -11 -116 -123 -26 33 23 -4 2 -48 -19 -12 -58 -19 54 -30 14 0 -26 -6 4 -16 -13 -22 -67
-49 -33 39 -51 7 96 -55 -34 53 19 63 -35 41 -8 3 7 38 14 38 46 9 -1 3 -3 46 -34 26 -46 12 39 -19 30 49 -43 -15 -12 -3 10 1 -35 -61 17 -59 -9 51 20 6 40 19 53 8 -12 5 15 36 53
-27 3 -32 -37 -36 12 -89 -77 23 -47 -22 33 13 -52 15 -57 30 11 4 8 14 18 -15 -4 49 25 9 34 24 23 -14 -8 -2 -80 35 -4 -50 15 -14 -61 -31 -47 4 32 43 -2 -4 -4 -44 -60 9 -69 -69 -33 -10 10
-2 28 -39 28 19 27 -62 -66 66 -1 -17 24 20 -29 21 -26 65 0 -18 -52 -38 -91 77 -1 -10 -40 -85 -12 28 -43 54 -56 -71 -127 -104 38 30 -69 1 -11 9 -35 -13 58 -16 54 -42 -43 -12 -84 32 7 -38 -80 -8 -15
-4 -31 54 45 17 1 30 -2 25 -42 -20 -51 3 -66 -26 13 -75 -41 12 -128 23 -94 -7 1 30 -38 93 -23 22 -38 -54 34 47 -44 -4 -19 22 4 -7 -4 -71 -63 -1 -16 31 28 -10 6 46 19 -11 6 -60 27 22 -6
-46 -40 -26 9 54 -3 8 4 27 -35 -17 4 -10 -49 -69 -51 5 45 -24 -23 -7 89 -37 2 33 31 -13 27 -86 31 -14 -9 4 -81 -52 22 -12 -36 -8 -46 -42 62 -104 -31 47 -88 33 4 55 -33 -51 -24 25 -15 -22 -6
12 0 -7 -2 50 -6 -13 -69 9 -28 -21 -19 -11 33 -15 15 29 -2 -25 30 16 19 -16 -1 29 12 -13 -50 -13 29 -9 0 -82 17 -32 -11 11 26 -5 -14 24 3 14 -1 -39 -46 -49 -12 -73 -2 40 -15 8 0 1 -17
-18 8 56 2 -5 -11 16 5 -44 14 -3 21 -13 34 15 20 -128 -6 -27 -20 -79 3 17 0 0 29 12 2 -20 -33 2 -75 -15 -71 -7 -46 -53 -121 1 5 -18 22 55 -2 24 1 -18 2 -41 -26 -8 -4 -60 -36 49 -25
10 3 -72 0 -47 0 3 -114 -28 22 -62 57 11 -69 -9 -59 23 16 39 3 -3 36 28 -1 23 -8 -14 -7 7 -47 20 -45 -30 18 -49 5 16 37 -14 -96 -32 -15 34 -26 67 4 27 -3 4 14 45 29 -57 3 -19 21
-1 27 36 29 18 -56 9 34 -29 24 3 30 7 -48 -103 36 19 -15 -50 -21 -46 -60 11 -17 -79 -14 -24 -23 -13 -46 -22 13 -120 17 -10 34 0 -26 -8 3 9 23 66 -49 2 -7 1 -27 3 -2 31 -10 2 -48 -74 -22
40 10 10 -34 13 7 33 -71 -2 2 9 52 -4 22 -35 11 1 28 -26 20 13 14 11 -14 -109 -35 29 18 -7 -96 -55 -36 -54 45 -28 -1 -23 -17 -10 -37 15 -4 -16 -24 -44 -62 -69 -20 -32 -52 23 -17 30 -124 -25 6
-11 26 48 -63 -95 -22 -4 7 14 -56 14 -19 15 -22 12 -67 -7 7 30 -8 -27 42 -6 -3 -56 66 -42 -19 11 38 -21 -128 -26 -19 -62 -40 -92 -10 -2 -115 -5 65 -66 -83 12 11 -16 -12 -89 -31 78 -128 -18 16 6 -16
-98 15 -26 9 -84 -59 18 -7 -27 22 41 -48 64 -97 -58 -87 -88 -15 -128 -14 48 -9 -21 -15 -52 24 -18 17 44 -3 53 -41 35 59 86 -128 -19 32 -6 -30 -31 10 0 -20 46 -28 -4 -11 -16 55 -2 -8 18 17 -97 12
17 -9 3 23 13 48 3 21 14 27 34 12 -26 -27 -11 -60 58 -64 -14 -10 61 -27 -3 2 -15 -3 -31 9 -25 -4 -62 17 -27 34 52 30 -15 17 -14 52 -16 22 20 22 -89 5 31 -9 15 5 16 29 -13 -32 31 -29
-10 30 -29 -88 42 25 -68 -66 10 -5 -27 -25 -20 43 12 -24 11 22 -35 -26 0 21 -22 -8 42 22 64 -38 -40 18 -14 21 -11 -40 -21 -40 -12 64 -11 -4 -12 -76 -33 2 -17 -3 40 25 23 9 3 -14 3 16 -5 28
-13 -37 -39 26 -11 19 -12 -40 -26 -22 23 2 -11 -71 -29 7 30 12 3 -45 28 11 -18 8 -21 2 -31 -40 33 15 28 39 -17 72 -6 44 12 -10 6 12 19 -29 13 18 -3 25 5 -16 -11 17 52 30 10 26 -41 2
1 -46 -75 -50 -49 -66 -30 -13 -62 18 30 -37 -58 1 -100 4 -36 -3 -50 -47 -50 -100 -22 6 -43 -5 -62 -7 4 -1 -1 -45 23 12 41 -18 14 31 -8 24 -41 -8 -14 1 1 -62 5 -49 7 28 -17 -11 -13 10 -5 -46
-10 -17 40 -18 -31 43 -57 -80 71 -32 -13 -16 69 13 -41 -31 21 21 -56 66 -23 37 -12 0 52 -4 -3 -4 -93 30 -12 15 -48 -85 -8 24 -32 -20 4 54 -1 -41 -15 24 -2 -81 56 20 -1 17 28 -15 9 -57 42 21
14 4 -19 86 -34 2 -8 12 2 -33 6 45 29 -62 -67 37 -4 -55 -9 -64 -45 -20 14 4 -5 -31 -59 1 -58 -31 -59 -71 -56 -32 40 -13 42 29 -6 15 16 37 57 42 -39 -8 -32 -20 -11 -16 3 38 62 -15 -6 -24
-2 -10 7 13 -33 -30 23 36 -18 -5 -53 17 13 -51 -27 -54 -64 8 -91 -15 -18 -112 -10 7 -24 50 15 -39 12 -34 -2 -55 -5 -35 -27 -26 -40 13 2 38 22 23 21 -25 36 -29 5 29 -50 22 6 19 19 -34 9 -46
6 -61 -20 68 -9 -48 22 68 -9 7 -25 -77 -121 -41 24 -20 -34 -33 -35 -42 -37 -14 -30 -11 -65 -7 -19 39 62 7 17 -6 54 -50 10 -11 57 24 -13 -1 -52 21 17 28 -2 45 -77 -26 -9 24 -97 -1 -38 -32 -18 -29
3 -29 24 -32 -20 21 -13 -6 -6 29 25 24 -22 46 -1 28 -19 -36 -11 -29 -12 -19 -3 -11 -30 -19 -51 -9 -17 -7 11 52 -2 -28 56 -2 -42 29 -2 33 -15 -10 -5 15 -2 23 -51 -28 20 -54 7 -23 36 48 -59 20
32 -14 -95 -20 45 -6 -5 28 -5 -62 -5 60 -3 -4 -128 15 -10 -66 3 1 -65 -13 34 4 53 49 -53 -1 -34 16 8 7 -54 -81 -8 20 10 -31 -7 34 -33 54 30 4 4 -13 36 18 -4 -36 18 7 -26 47 -4 -52
-11 1 66 5 8 -24 -9 21 -60 -33 -29 -59 -23 -36 0 25 -84 -16 19 -26 -61 -21 -50 -10 -71 -4 61 -1 7 -20 -52 -43 21 -15 8 9 -58 -8 -6 -37 -14 -25 10 -28 -37 4 -1 -112 -56 -11 -79 -58 -32 -72 43 -86
27 45 -22 -14 -31 11 32 -80 -19 -8 16 -53 6 20 -2 -51 -38 -23 -53 20 -16 -49 20 2 30 -14 8 -33 -7 22 13 -16 12 -82 4 -79 -72 26 1 14 20 5 26 -37 40 -37 59 50 -4 18 8 12 14 8 6 -51
48 -7 14 -38 38 8 -24 -117 -1 9 17 -25 41 52 -73 -29 -3 -1 -38 84 -128 32 3 9 -42 14 -28 -6 -18 -24 9 50 27 -13 37 40 -3 -26 2 56 -13 5 31 9 -48 -27 -57 54 20 -55 24 12 -107 32 27 30
15 -5 -45 54 50 11 19 3 33 44 5 -3 -13 8 43 0 -16 -15 -22 -61 15 -73 35 3 -33 37 49 -10 24 -47 -9 -32 8 -42 3 23 -7 1 -2 -63 -68 -44 29 -30 55 -17 -20 20 21 17 22 24 3 -7 -16 -8
24 -11 -53 18 8 9 62 -81 54 -1 -25 -26 25 37 -21 18 -2 22 69 -11 22 -4 38 4 -38 23 -31 -10 14 -53 -1 -36 -21 3 -15 -41 30 -10 -12 6 16 -79 20 -20 70 11 -16 36 11 27 -44 15 -24 44 59 -22
38 -24 -12 -19 66 -8 -10 -31 -1 14 -26 49 23 40 -19 69 10 -36 7 -14 13 37 18 -2 -17 -51 -44 -23 -23 -15 -44 -26 -57 4 -12 20 19 14 3 22 26 -99 23 44 27 1 -11 -45 -32 24 9 46 63 24 -9 -9
8 -10 -31 -24 -38 39 -34 -33 49 -7 70 -42 2 17 33 -46 45 -46 -11 -52 28 -43 -13 -11 29 -8 -40 24 -51 48 3 0 0 -128 -22 45 24 -24 -14 12 3 -2 -4 -21 31 0 23 68 -3 24 12 7 31 -19 3 -2
-37 -25 -34 -27 -34 7 -17 -11 -21 10 -9 1 5 -80 -15 -32 -2 -3 11 23 -44 38 15 -3 -35 -13 -8 -28 -35 -29 0 11 13 -30 6 15 -10 -26 -7 -66 -3 -82 -24 -42 5 28 0 13 16 12 -48 -8 14 -3 11 -14
-9 -14 42 -44 27 23 -38 -52 0 23 -47 -1 -33 62 -23 66 -26 -90 46 11 -49 34 -18 12 -20 -22 5 -31 54 17 -50 59 -25 -31 25 -29 -1 21 -9 29 -34 -45 21 10 9 65 38 23 -46 -9 -85 -3 16 11 13 7
50 -34 10 -29 34 19 -20 30 30 -9 -14 -25 -2 10 -1 -18 7 -1 -14 -10 -30 -38 -26 -3 -48 -42 2 14 39 4 18 -17 22 -34 13 -49 15 -57 -9 -65 48 -123 6 -3 -6 17 -52 -47 3 -4 -29 31 -22 2 -7 -19
38 -12 4 -67 81 -7 -122 -33 -6 1 -1 -10 25 112 -6 -10 24 4 15 -1 31 26 21 -7 21 -43 -48 -27 -5 8 -44 61 7 37 29 -106 14 46 -15 -24 48 -21 -8 39 -17 61 -18 30 -46 22 -9 -27 14 -13 11 25


3 15 27 -15 -12 -16 -60 33 -32 23 -20 -14 -29 -56 13 31 -35 -67 -19 -17 20 29 3 1 -26 -32 -26 -45 7 19 12 40 -47 38 -29 39 -20 -48 3 -3 -24 4 -10 -2 -39 51 37 21 -4 -9 6 43 -22 22 -7 2
31 -24 -24 -14 -50 -9 -54 26 1 17 8 2 -22 -5 -5 14 7 23 42 37 -20 2 -21 -9 -14 -15 -19 -63 45 -15 -5 -29 -15 -19 10 26 -10 -83 -10 -21 -19 -12 -12 -41 -9 15 35 -36 -75 12 -41 24 -93 30 -12 22
18 8 12 -27 -3 18 -31 4 -14 -12 16 32 52 -78 -35 47 -23 -48 -11 13 -70 26 40 8 57 51 -45 23 -43 21 -22 -53 -26 17 -21 6 -10 45 -1 -10 3 53 26 -27 -95 -2 50 -14 -97 -53 5 -11 -15 -65 -21 -51
-8 13 59 -3 28 -27 8 48 31 41 -1 -4 -60 35 8 35 46 3 -20 -9 -20 32 26 -12 -22 -128 11 2 14 -23 -21 -30 -2 -9 -5 0 -24 -17 -1 1 -10 -17 -1 6 -13 12 17 49 52 18 -53 -24 4 21 24 36
-80 -48 6 -13 -10 -18 -3 -16 9 3 11 -49 2 46 26 32 -12 14 -30 8 51 37 -104 -5 -68 71 -7 -64 -47 -1 -63 18 46 61 -27 5 -22 -22 -11 -5 -2 27 18 -66 -13 39 7 -1 -11 -16 -11 -97 -110 16 30 24
-13 28 14 30 -38 9 13 5 -22 5 27 8 -41 -18 7 4 16 -7 -56 -10 1 47 -2 -9 -1 8 -10 20 -7 35 -60 -47 -6 22 -32 -14 35 16 -13 -16 4 9 -3 -4 61 1 -21 17 -93 -46 -24 -30 -13 -25 7 -4
-43 -44 -10 -4 -15 -56 -10 -64 16 31 24 -13 4 23 25 -18 10 -26 40 -6 29 -32 -41 -12 31 5 -24 25 -13 -43 3 2 15 19 65 7 17 -63 6 -35 -66 9 -16 -22 -39 -36 -15 11 -19 -11 6 -8 4 -31 -29 -20
23 4 -3 -36 53 24 -61 11 -29 -22 -13 -4 -18 19 -1 47 -17 -36 0 -19 41 13 -36 3 -60 -23 30 -23 -20 -20 -1 1 11 -14 -16 -26 42 -42 -5 22 -4 -2 28 16 15 22 8 -5 26 16 -27 2 -16 -12 44 54
-81 -1 6 22 -12 -30 14 -36 -14 7 14 4 -9 51 11 -1 -29 -17 -76 43 -10 -32 -3 -11 10 -5 -20 18 2 37 0 40 -51 -43 -36 -2 31 27 -1 23 26 6 6 39 13 46 -34 -21 9 -51 11 -10 -60 -14 -3 14
13 -4 -58 11 -4 16 -16 30 -16 0 54 26 7 0 -28 45 -6 68 41 -14 -41 -1 -9 -17 -22 -20 -31 -2 -18 -21 3 17 22 -34 -9 19 -46 -15 4 14 55 -88 -39 -35 -34 -4 -31 -34 12 49 20 1 17 13 4 -29
25 -6 7 23 -26 -2 3 -66 -17 8 -18 6 20 14 -9 9 71 -7 -27 -59 66 -16 -1 -4 39 -20 -28 -35 41 -3 -30 -7 -28 -71 6 16 -6 -8 -11 11 -19 48 5 46 -16 10 28 2 -50 -32 26 -13 -4 1 -44 -52
10 34 -110 -51 29 -30 9 4 -15 -11 6 15 -10 8 -52 -11 -23 -37 8 63 14 52 -26 -4 -22 23 -15 2 -76 2 3 -57 -55 20 -15 -13 78 -19 -15 23 18 -13 11 -114 -16 -3 10 43 -21 -21 -67 4 24 20 -12 -12
-13 -46 48 -43 -25 -13 7 17 -14 -31 3 -72 -21 -21 -26 -1 -35 4 -5 -43 17 21 -79 -13 5 -56 26 -14 4 -58 -31 -4 -61 25 -29 -2 -36 -24 7 -128 -8 13 -36 -79 -32 12 -15 -11 -30 -35 12 -79 13 -6 69 5
-70 -112 -8 -30 27 -81 20 -64 31 -44 -3 -3 20 -1 -13 6 -21 28 -51 -19 -41 -39 -1 -9 -22 11 13 26 -50 -50 -33 2 -64 41 -33 8 42 42 -9 -21 -38 -50 -82 -83 29 -52 -4 -3 15 -49 -13 1 6 6 -16 12
31 44 11 22 -27 25 -1 29 21 7 -42 12 8 15 19 -1 11 -40 -10 31 -14 0 -53 -16 -16 4 5 -15 2 -17 -36 -33 34 37 -10 -41 17 21 -16 -3 3 -15 11 -8 -18 -11 -7 4 -12 -8 4 16 -7 -79 33 1
1 39 27 19 23 -9 3 -35 13 -34 18 -18 -31 25 -2 3 -57 -25 -34 4 -78 9 -17 6 -50 -37 38 28 9 -23 11 14 -25 -14 15 32 38 3 9 65 31 -21 -31 -16 6 -2 0 11 -10 -26 3 -32 16 -17 28 18
-18 22 10 -63 -6 -7 32 -15 -20 40 -5 50 -47 -14 -11 -29 -19 -4 -6 19 -50 3 44 12 -62 25 -18 43 26 -31 -15 9 3 -87 33 -41 45 41 4 32 42 -24 -47 19 28 -4 -68 -1 14 -19 9 -12 10 -17 14 28
13 8 14 21 -32 -26 10 12 -16 10 -74 -11 -81 13 -19 -17 13 63 -44 10 -10 -26 -72 -15 -25 -28 31 -56 -13 5 -54 15 -42 -10 0 -10 5 -2 -3 -51 -15 26 -23 16 -37 20 6 -21 -19 -22 1 18 -31 -11 8 12
-45 30 29 -3 -20 16 9 -59 -2 23 14 -1 -23 -10 44 51 -15 -7 0 -30 -13 -23 26 -8 -33 -128 -17 -43 0 -53 23 45 -1 21 -24 4 -6 -3 -5 3 15 15 44 -49 30 35 8 -21 -23 12 -39 16 38 -51 19 -55
60 -5 -13 -22 15 12 15 31 -4 -47 21 -30 14 30 -60 8 -5 16 42 -55 1 38 -13 4 -37 24 93 6 -11 -28 72 -25 54 -36 -41 25 40 -25 -7 7 37 -9 -16 -8 46 55 -54 7 -51 6 11 -24 32 17 20 40
-27 -87 -54 -5 59 29 -18 -4 28 -4 -17 -23 16 63 4 -32 -3 -39 34 24 9 -30 -3 -2 -51 -41 -76 -17 -22 -21 9 -40 36 12 -7 -10 2 -32 3 14 25 -4 16 10 -49 13 -14 -9 0 29 -2 -25 10 1 -4 6
-34 5 -23 -28 9 -62 -25 -22 -4 -30 3 -33 -30 -29 19 23 -3 -11 -1 -17 24 -1 -12 -9 -26 -48 -9 -31 -32 13 -70 -77 -8 -22 20 25 52 -16 -7 -5 -30 -59 -7 -61 -128 -14 -31 7 13 2 -4 11 -35 15 -28 -9
-39 -27 -48 -32 23 7 -46 -12 -33 38 13 -52 12 15 48 -3 -25 -30 -47 -4 -34 18 -34 -9 10 37 -23 -25 -27 29 20 -7 -25 29 -87 -81 -17 -20 -14 -63 34 -42 -3 -17 -36 -31 -32 19 -2 15 -19 -55 22 -21 -38 -27
-9 27 -16 42 40 2 86 44 18 15 25 11 49 42 -11 -3 12 55 -1 10 32 3 -14 1 19 34 -56 18 1 40 11 17 16 7 31 -19 -62 0 1 25 -14 13 41 -1 -29 8 24 26 45 21 21 -27 -56 -11 29 -9
4 -46 9 25 -6 -44 -52 -4 14 -63 18 21 39 -15 -15 21 -32 -48 -41 -59 4 7 -33 -9 -24 30 -41 36 15 -20 12 -33 40 -44 -6 -8 -25 -76 -6 -63 6 42 -4 -24 -39 -3 -8 -7 -29 6 -36 -16 -68 -40 15 -19
-14 -46 -26 17 73 -2 -45 -52 -1 -16 -31 27 -2 -38 37 12 2 -37 -8 -30 26 -58 -92 -7 -89 1 -34 -3 -65 -18 23 -48 -12 37 -43 21 -1 -39 -17 19 -69 23 18 -29 39 14 10 -36 2 -27 -11 -37 -13 8 -12 10
1 -16 11 -128 -20 -77 2 -64 36 -2 35 -9 8 -18 4 -62 18 23 5 55 -28 -35 17 -13 -50 31 25 -21 -37 14 -14 -95 27 -20 -3 -42 -48 -29 -3 22 -34 -87 -32 16 -32 -22 -70 61 -7 -11 -62 4 42 -39 -57 -20
-14 15 12 19 12 -67 -22 -25 17 -41 71 7 19 39 51 21 63 52 0 -27 23 10 3 1 -11 33 13 53 -2 5 36 -10 -16 -7 2 -43 28 -113 -9 30 -45 2 9 -17 22 13 -46 -12 51 26 -9 -57 -11 -26 5 24
9 25 -11 23 25 47 23 37 2 -17 -18 7 39 36 -35 -27 34 19 -7 -17 -1 36 8 1 -17 -60 -69 -17 -62 -24 -4 -17 6 -13 -70 4 2 19 5 16 5 37 -2 23 51 15 -7 -4 -72 -19 15 -8 30 -21 46 -72
27 54 -69 -72 28 32 -1 28 -20 -17 8 -23 49 -22 10 -74 -17 11 -9 -7 -19 -50 22 4 37 -14 -23 -32 5 7 -10 43 -2 28 6 -50 -36 -49 -3 -16 22 -30 -44 13 -24 -28 -18 39 9 11 -10 -28 17 14 -13 7
5 -16 -13 42 -58 26 21 -26 -19 -32 20 32 33 7 5 36 -6 15 62 -5 -5 13 -15 -7 -29 -23 20 -33 -22 33 30 29 -50 -3 0 -57 0 -41 2 -71 -40 18 -9 -8 31 44 -22 41 -33 -11 -12 -64 5 3 -28 33
2 24 13 -103 9 -59 -64 -62 -25 2 7 -3 -22 -15 20 -16 -10 -11 12 30 -35 15 -35 -3 -33 3 -28 16 11 26 -38 -39 -22 -1 -83 20 -15 -40 -14 -12 -4 15 -5 -41 -41 -2 -1 -56 -59 -58 1 8 14 -17 -70 13
-12 32 17 -62 -41 25 0 52 85 -5 -3 -3 14 -1 -15 -29 26 -3 -35 29 -22 45 -9 1 33 28 -78 50 6 66 -128 22 -88 9 -48 0 -13 -33 6 -13 -41 9 -18 -106 21 -25 -23 33 -51 -92 -41 -47 -15 -33 -27 -17
-18 -47 13 -3 9 19 31 1 19 65 12 -2 11 13 -38 31 -29 -2 -14 -14 -121 43 -79 4 -88 -1 53 -32 -18 -68 42 -12 -14 23 24 -76 -21 9 -11 4 23 1 34 -39 -74 -49 -38 18 -14 -23 -3 -55 6 30 30 2
-36 -44 23 -34 67 -64 -7 13 -23 -27 11 14 14 72 51 25 -31 -69 58 -23 9 25 -104 -6 6 16 26 20 -26 -2 39 -90 -35 -16 2 -3 -53 -15 4 -65 -128 6 11 -56 -28 -16 -1 -10 -52 -22 -26 -13 6 -70 34 11
9 -7 18 17 -32 -11 -46 11 -37 -7 30 -5 -21 -22 22 41 6 30 -70 6 4 -35 -33 -13 23 -20 5 -28 -79 -2 -21 -12 -33 -25 -20 19 28 16 -3 40 -24 23 8 -18 -41 28 32 33 11 -1 22 -9 -16 -1 -43 31
-7 -31 -3 -6 -91 -11 39 62 11 7 16 -17 -12 -66 -38 2 14 11 -76 -62 24 -12 27 -2 -7 22 60 -13 61 -108 -33 24 36 -24 38 18 -6 -24 -4 -15 41 -31 -45 -28 -49 -23 -12 -26 19 -4 10 -9 -51 35 -30 22
10 52 -17 -15 34 1 29 -9 -15 0 -42 6 -40 -7 -10 9 -4 -19 5 19 -15 -5 7 3 10 -22 -17 3 -41 6 3 -62 16 40 -46 9 -11 11 -3 63 -16 28 35 35 23 -2 -10 8 -46 -48 13 28 -36 15 23 17
24 5 3 -31 -28 -101 8 -1 -19 -8 -21 -12 -8 -25 6 -28 -34 -42 32 21 -15 -109 14 -18 5 -63 26 12 -75 -5 2 3 6 -31 -70 4 -35 -30 -7 -128 -44 12 -7 7 -18 -7 23 6 -33 -23 -2 -13 -17 -3 -5 -1
-44 22 -22 11 -4 -2 8 45 21 -74 -10 4 26 37 -18 -65 -24 21 11 -63 39 -6 -17 -12 27 22 29 6 27 -43 27 4 8 38 15 -5 -21 -41 7 4 -30 -26 -7 -58 -4 22 -8 -25 -9 9 -13 -51 7 1 5 -37
-11 15 -29 1 -47 3 7 -44 5 -24 43 -8 -57 -8 26 15 -29 -2 38 51 -38 -43 16 -9 -52 -1 -27 15 20 33 18 -21 35 25 -36 -13 9 -5 -1 -12 7 -24 -51 -57 -78 58 1 -25 -3 30 -19 -18 -10 6 -27 8
12 -10 -4 -69 -8 -70 -39 52 -33 -61 -76 -14 -13 -10 23 -21 41 10 36 -5 -20 -54 -38 -23 8 -79 -16 -54 -13 9 24 -44 13 -30 -48 -28 -3 -56 -3 -81 3 -26 -37 -37 -71 -4 13 -4 -6 -6 -38 -40 -11 9 -11 -45
-2 0 26 -51 1 -48 -10 -4 -12 -37 -29 -14 16 13 -41 -16 -8 16 16 24 -37 2 7 -16 33 -22 17 8 -33 19 -42 -13 21 -71 17 -14 -10 20 -13 -16 31 4 8 -39 3 17 71 7 10 -8 -42 -50 5 5 -20 51
25 22 -6 -4 4 15 -44 -31 44 -36 30 17 23 -4 8 16 41 14 4 -20 -10 28 -10 -6 -10 19 18 -57 -6 7 -9 -44 -59 114 -41 -74 -37 8 -14 11 -41 23 11 9 -31 2 37 9 6 12 -18 -16 4 -7 31 20
-24 33 50 32 -3 25 -60 -1 -6 -3 17 -14 -96 23 -20 8 -61 5 8 15 9 23 18 2 40 -6 45 35 -27 -15 18 20 -9 -28 19 -31 8 14 3 53 34 4 7 -3 -59 30 -18 -14 -35 33 -25 29 -27 -13 13 14
16 5 6 -106 -9 -34 15 16 -53 -20 -27 -50 -30 -20 6 2 27 -18 -4 -19 -42 -24 28 -2 -8 -128 3 -28 -7 -26 2 -58 -10 26 -25 -60 0 3 4 -30 -3 46 -39 -28 -33 -13 -28 -11 16 2 -50 2 45 -46 -86 -1
3 5 19 -21 12 0 44 9 -3 -30 -27 -26 5 13 38 -108 -2 19 5 -16 -17 42 -44 1 13 -61 -22 38 -75 44 14 10 7 -22 23 13 3 -24 -5 26 -2 -59 -27 -34 -14 -114 5 -17 25 55 22 -28 41 23 -12 -49
51 30 6 14 7 -3 11 3 42 -8 -29 9 28 36 -19 27 -37 -7 -40 -53 23 -28 4 0 32 -7 -11 21 -23 -10 -34 -40 -29 11 -10 -1 49 20 -5 20 3 17 49 8 16 -15 -51 -30 -22 11 -40 -17 -40 15 6 -2
35 29 -60 -10 6 -27 29 11 29 48 -4 18 62 -4 38 -22 43 -7 50 14 37 -13 17 5 3 46 -46 -3 -24 72 1 -49 2 22 6 -7 -12 0 5 -51 15 -17 10 -54 50 -41 84 51 10 10 -128 16 -14 -17 -56 43
-22 -14 6 2 -65 17 2 64 -39 20 -7 19 1 -11 6 -24 21 -54 -5 -6 1 35 -24 -15 -30 -29 -36 -14 -22 13 -22 -22 -9 -41 -1 1 16 16 -14 -7 22 -70 9 41 31 10 -61 -15 -31 -9 15 -15 -25 17 15 -13
-38 -4 11 17 -41 17 -30 34 2 13 -1 12 42 -128 -7 -8 30 -9 -30 -4 11 14 -1 -23 -51 46 -11 -7 -1 13 17 -11 11 24 38 -30 -4 20 -13 -4 -21 -57 -2 -42 15 10 -20 3 -27 31 42 7 23 21 1 -4
-7 -97 -34 -31 -105 4 -16 -35 -3 -15 39 -13 -12 -26 -8 -4 1 64 15 -33 34 0 -34 -12 -27 -18 -51 48 8 7 36 27 -12 -45 38 6 12 -1 -10 29 -53 -70 2 24 17 11 4 -6 35 0 -32 28 24 -4 -1 46
5 -89 -1 -10 -52 -13 -27 18 -1 9 -1 -10 -3 -75 -20 10 32 -33 14 -29 2 5 -14 6 -52 -7 -60 -53 -15 -12 -18 34 -18 13 26 -33 -64 -64 -4 -10 -59 -21 20 -28 13 -28 -2 51 21 -42 11 -17 15 -38 9 -6
-30 15 0 20 52 3 -32 19 -4 28 -34 27 -32 -45 -5 -29 27 -112 -27 26 -32 6 8 -7 -29 18 -38 5 16 1 9 -10 8 -28 -38 15 4 12 -5 31 -12 50 -8 5 -30 7 31 10 8 -69 -21 -19 -24 0 33 -70
3 16 -44 24 -40 2 -2 32 2 -22 -27 -7 -11 -21 4 18 13 -4 -31 25 22 16 23 -1 -37 -53 -20 -15 -25 -16 -17 -35 7 -31 16 25 20 -55 -4 -25 -49 -56 -18 -54 -14 19 10 -18 -79 20 40 34 12 22 -24 36
-16 48 -21 42 -8 1 -23 -23 -25 -4 9 1 29 15 -26 16 -28 16 6 -41 14 -5 18 -10 -45 -11 58 19 -20 -5 -61 35 20 46 22 12 0 16 -10 -48 13 20 -26 19 -32 14 -8 -38 -87 -44 7 21 20 -27 23 1

-21 0 34 18 -15 -20 -47 24 -63 20 -10 6 -43 -61 15 1 -54 -20 -31 -36 -21 37 7 0 14 -36 -40 -30 -2 61 10 41 -18 56 -7 -2 -50 -44 -10 -13 -24 6 -7 -15 -13 23 45 -28 26 -15 -35 3 -40 -3 8 -42
3 -17 -77 -3 15 -12 -38 5 -28 -15 17 -26 -16 -17 9 1 -22 -6 10 13 -52 3 1 -13 15 -13 -19 -25 20 -4 18 -19 -27 -13 -13 -3 -44 -48 -2 -14 -26 14 -13 -54 -12 4 -30 -42 -57 -11 -13 -40 -33 -12 -8 -44
-11 -32 10 -32 -64 7 -14 -5 2 -23 57 7 -8 -63 -12 34 1 -26 40 -31 -76 -11 19 -10 25 -48 -2 -12 -4 -25 17 -14 4 27 -3 13 5 11 -13 -3 7 -30 -25 -34 -22 6 22 -24 -28 -28 -6 -47 -27 -13 9 -64
-12 -42 20 -33 28 7 -3 48 22 15 -24 -34 -56 16 -128 55 9 61 -85 12 17 16 3 0 -13 12 -36 -10 7 -14 -8 -77 4 -26 9 -14 -44 -3 -3 24 -7 -3 -16 9 -27 -10 14 27 37 6 -54 -40 3 2 -56 22
-78 12 10 -38 -31 -32 -82 41 -19 -17 24 -71 -21 20 0 3 -7 -34 -12 18 31 14 -31 -11 -79 -8 -5 17 -36 -33 -23 -3 0 17 -31 -20 -20 -28 -3 -23 2 3 -3 -40 8 16 12 5 2 -32 -74 -15 -58 10 1 10
-32 -40 6 -10 -72 -38 13 9 5 -18 -9 -16 2 -28 -3 5 -5 -21 -57 -24 18 47 -28 -9 4 -16 5 11 -16 23 -65 -29 -15 -5 -26 2 18 3 -16 -11 28 10 -33 -13 52 22 -18 -3 -49 -56 -11 -20 3 -8 0 5
1 -10 -8 -5 -2 -64 27 -5 -17 18 -17 -8 31 7 42 -27 18 2 -4 -27 25 6 -25 -20 -2 -14 -20 -34 7 -22 -15 15 17 20 50 -19 -54 -7 -10 -42 -14 57 -65 21 -3 -32 7 -1 -12 -8 26 -14 2 -11 -7 1
-6 -5 14 12 15 10 -47 6 8 -57 17 -12 -29 0 23 19 20 -8 34 -13 6 -19 -1 4 -65 8 -99 34 -13 0 -29 -2 24 16 -39 -33 5 -27 -4 34 -28 10 -1 -20 35 -6 11 29 -20 -12 -29 -78 -5 1 24 -5
-95 -16 39 -2 10 -2 38 -64 12 3 23 19 11 34 1 19 7 -1 -6 -10 19 -29 -23 1 -21 -9 -7 9 -26 -12 -7 13 -53 -27 -57 16 21 21 -12 -10 0 11 -2 17 21 25 -5 -24 12 -36 15 2 -10 1 36 -5
-4 -21 -39 4 16 30 -8 15 -42 -17 27 26 42 9 -22 2 14 78 15 -1 -49 -5 -33 -21 25 13 -11 -30 13 -32 18 12 2 -45 -28 25 -39 -35 -13 22 26 3 -19 -49 -28 -8 -67 -2 -12 52 31 14 3 4 26 -33
22 -35 15 15 -1 3 7 -28 -37 13 -50 18 -12 -10 24 4 20 14 -51 -68 62 -25 -8 -7 -9 -13 3 -52 21 -43 -27 -30 16 18 -2 31 7 -1 2 34 3 41 2 26 6 6 4 -26 -10 -28 60 9 -46 -11 -23 -4
-2 23 -37 -42 22 -68 -28 -11 -13 4 31 -27 33 34 -43 24 -34 -55 15 34 9 9 -28 1 28 -30 -20 -15 -21 0 10 -3 -98 27 -25 -10 30 -85 -20 26 4 -2 2 -96 -15 -61 -10 34 -32 19 -71 11 -6 13 -17 11
-26 -64 -9 -40 -27 -29 -8 14 3 -26 4 -82 -35 -31 -27 16 -10 -2 -18 -48 -14 19 -82 2 10 -8 5 12 23 -48 -35 -24 -30 20 -7 -16 -35 -25 -8 -119 -1 -6 -46 -31 -50 -17 -2 -45 5 -4 -13 -50 25 -46 23 -4
-26 -74 -7 -25 -11 -54 -4 -30 6 -41 -12 -26 -3 14 -10 -22 9 6 -33 -18 -56 -64 -8 -10 -45 18 -14 35 -21 -49 7 -88 -30 -28 -40 -16 16 12 2 -60 -50 -30 -71 -20 0 -50 -75 -1 6 -15 -18 2 -83 -11 14 27
24 26 -16 37 -22 24 19 6 22 -9 -28 5 12 32 -19 0 44 -66 3 36 -41 9 -33 -15 -26 -29 -30 -11 4 0 -14 -39 -18 13 -33 -5 30 -28 -10 -34 32 -25 16 -9 -13 -11 31 14 -22 -19 -28 13 9 -37 36 -10
-2 9 -8 23 26 6 1 -9 24 6 -14 -37 -32 33 -3 -26 -55 10 14 42 -47 12 -21 1 -43 -52 -11 37 11 10 -29 -11 -20 -38 53 3 21 7 1 57 -2 -2 -47 -23 0 18 -11 5 8 17 -23 20 0 4 10 -9
-6 -4 31 -24 -14 24 0 19 -34 41 7 41 -19 0 -21 -16 -43 -59 -21 -8 -28 7 32 -5 -24 -24 -17 -1 21 -19 7 21 -53 -30 6 -12 17 25 -11 19 38 -23 -41 22 57 -4 -48 8 31 -11 -43 2 6 -28 14 69
7 -36 13 -12 1 -43 5 -25 12 -17 -45 -8 -66 34 -8 -21 3 29 0 0 -8 -14 -66 -9 -39 -40 31 -73 13 -4 -39 1 -31 -24 -31 11 -2 -6 -5 -61 8 8 -21 5 -24 -18 35 -29 -10 -12 15 -1 -13 -29 -42 7
-42 23 -3 5 5 14 2 -29 7 -22 -20 -2 -29 -42 75 -16 12 0 25 8 -14 -49 -24 -8 -9 -125 14 -5 -18 13 -12 18 -3 29 -25 -25 -11 -7 -1 9 -21 7 19 -6 23 15 10 0 40 30 -35 -11 81 -13 2 2
41 -52 -18 -64 4 29 18 18 -46 -45 58 -45 17 10 -19 8 19 40 32 -44 -41 40 -22 7 -19 23 45 -13 -31 -23 81 -19 41 -6 -51 3 25 -20 -9 32 10 -11 -10 3 -4 51 -34 -27 35 -5 14 0 17 -10 8 -11
1 -51 -12 1 9 15 -23 9 23 -53 -7 -51 15 45 -21 -41 -24 -114 22 7 -23 9 -54 0 -45 -4 0 -22 34 -17 3 5 19 5 -37 -94 31 -52 -7 25 -3 20 26 34 -29 -42 21 10 39 17 14 13 11 -43 -12 13
-12 -10 -23 2 -10 -59 -31 -38 -36 -50 16 -45 6 -32 -45 11 -75 -3 -41 -25 -4 -11 -32 -8 -27 -34 -34 8 1 -15 -68 40 -2 22 6 -9 52 3 -4 -62 -23 -29 -18 -39 -78 -18 -19 -38 48 -10 -39 1 -2 1 -22 32
-37 51 35 1 4 -11 -31 -44 -30 16 18 17 22 48 0 -37 -18 -47 -4 -99 -60 -26 -33 -16 -9 -31 -5 5 28 5 53 -42 -33 24 -86 -44 -6 -32 -21 -8 -16 -32 -3 -14 13 -11 -55 6 -14 7 24 -43 6 -46 -64 -43
-16 0 18 17 35 -1 45 4 -13 4 14 -21 -16 25 -17 -5 5 -6 8 24 76 3 -69 -6 34 -5 -32 -3 -36 32 48 29 5 -13 -3 20 6 -33 -2 4 -54 48 39 16 4 -14 -1 51 -12 -7 -42 -18 0 -25 7 -8
10 -3 -10 9 -2 -41 -33 -4 -10 -40 1 -33 8 -3 -7 -13 -40 -25 -23 -4 -32 -25 -21 -5 0 7 -32 34 13 -6 29 -32 38 -35 -50 2 -18 -24 -10 9 1 25 -10 -4 -41 -12 -16 31 2 -18 -37 -62 40 -17 24 -48
-13 14 -29 20 57 -6 4 -46 -5 -1 8 26 -11 -14 13 -24 -11 -40 5 4 32 -64 -25 -2 -95 27 -42 25 12 -47 15 -50 -40 30 -57 -5 34 -15 -15 5 -1 -48 3 8 -16 -7 -47 -18 -2 -19 26 -26 -36 5 7 -28
-1 0 12 -23 -64 -86 -31 -36 6 -27 -1 -8 29 -30 -73 -31 -39 -6 26 -12 -8 -90 35 -16 -12 -50 17 -27 6 -10 -2 -94 27 -32 3 -28 -25 -28 -5 39 -18 -75 -46 25 -23 -1 -49 -12 3 2 -52 15 6 -7 -64 32
21 -63 26 1 7 6 -34 35 -5 9 36 -40 4 52 22 16 27 6 19 4 10 24 -15 10 26 13 47 56 -39 -8 33 26 -55 -46 -50 -34 20 -62 0 4 32 13 48 -6 26 50 -36 -26 39 10 -12 -41 37 -45 20 12
9 18 39 -25 32 17 -13 40 -32 -4 -15 21 28 11 -9 -12 38 39 15 -21 3 34 -2 1 14 -38 -91 -15 -39 -23 7 -49 -8 -32 -55 32 -6 0 3 6 5 52 -2 -13 -27 14 -19 -39 -27 -13 -22 4 -9 -32 19 -45
-12 55 -41 -38 -20 45 7 13 -33 -23 18 -38 27 -17 -5 -23 -41 -12 -27 -62 -3 -28 -5 -12 65 5 -7 -24 3 35 -27 37 -8 36 -7 -64 -45 -11 4 -33 11 -26 -57 0 -25 -16 -16 -48 -18 -4 8 -25 -7 -4 -48 -22
2 6 -7 51 -59 20 21 64 18 -42 -12 9 25 -16 -12 0 -7 31 64 17 -20 -3 12 0 2 -26 35 8 -16 20 41 -14 -27 23 25 -34 12 8 4 -39 -34 -21 -5 12 26 39 -3 -7 22 43 47 -5 36 0 25 23
19 43 10 -35 66 -83 -38 -16 -36 -7 -11 -8 1 -16 17 15 -16 0 -62 -33 23 -74 -13 -9 -13 -35 -10 -36 32 32 -27 -16 5 5 -55 16 -1 4 -9 -38 -1 -16 -19 -6 -55 -14 2 -73 -29 -10 29 13 39 18 -128 -5
-41 26 29 -75 10 -14 8 25 17 1 4 1 -25 1 -40 5 2 26 -28 15 -6 29 -6 -10 -3 12 -28 26 -7 45 -105 33 -58 -7 3 21 -56 -40 10 -14 -7 4 -36 -75 -33 0 -75 -80 -40 -120 -8 -81 10 -42 -81 -45
-40 -15 33 -16 -10 39 -3 19 -13 -80 -11 -64 -37 -62 -29 -22 -25 -13 24 -19 -27 -39 -61 -1 -91 -8 -4 -12 16 -62 13 -38 33 26 -41 -5 -65 -31 0 29 0 -8 -15 -43 -4 -7 -29 -16 -49 45 17 -4 -26 -8 8 8
-31 -21 -11 -65 19 16 -36 13 26 -39 -57 -18 58 22 -31 43 -100 -45 66 4 -21 -47 -68 -6 3 -12 1 -1 -13 1 1 -25 -6 -11 -3 -57 -56 2 -12 -91 -73 -14 29 -5 -10 -34 -16 -37 -22 -7 -82 -7 0 -38 26 25
0 -34 24 9 11 5 -19 30 2 21 13 3 -15 -35 -7 5 14 22 -53 -3 13 11 -23 -14 12 16 13 -16 -80 -37 -33 18 -50 -21 -54 -7 -13 16 -4 60 -27 38 23 -22 -5 1 5 22 25 1 15 15 -58 -21 -11 -68
-21 -38 -13 -32 -40 -26 52 18 42 0 -19 -9 26 -55 -23 19 -30 -32 -26 -42 29 -16 22 1 -18 -9 38 6 30 -24 -56 7 28 -10 19 18 -13 -15 -7 5 5 -6 -21 -4 -23 -22 7 -7 -10 21 4 -1 42 22 -12 18
1 17 3 -34 10 3 -6 28 2 -9 -36 -15 -32 -4 -15 3 12 -55 24 5 29 20 -23 -8 4 -48 17 -35 41 -2 46 0 15 54 -26 11 -5 -6 -12 54 -3 -9 -10 26 4 25 -6 -1 -16 -8 30 36 -43 19 5 44
21 -20 2 -5 0 -66 -14 -16 -6 -14 -54 -33 -8 -19 -14 33 -56 -11 -3 -32 -37 -125 0 -8 6 -19 10 -11 -24 1 -18 3 -1 -36 -24 -8 -18 -31 -8 -85 -11 15 -32 6 -27 -33 26 -24 9 -15 12 -14 -13 1 -34 4
-53 -5 -49 -10 12 -9 3 24 20 -19 -3 -5 40 14 -23 -64 -17 -32 -33 -32 6 16 -18 -12 -32 30 -82 30 -26 -58 -4 -40 8 -38 -18 -1 -7 -47 -9 8 2 18 9 -8 1 -41 19 26 -1 -16 1 -57 0 -55 23 15
-12 20 -50 18 -38 -12 -27 -18 -17 -40 -6 6 -43 -24 -46 6 -20 -21 -36 -82 -26 -2 13 -2 -25 25 -5 -13 12 20 -6 1 9 31 -37 -7 35 20 -7 9 16 -40 -58 -19 -49 0 -7 26 24 9 -18 -14 -48 -27 -39 -29
19 -22 -9 22 -38 -64 -27 32 -12 -62 -56 -105 -13 6 27 -4 -50 1 -23 -39 36 -111 -31 -20 5 34 24 -5 2 -19 -1 -1 2 -39 16 -71 2 -66 -9 -62 5 -29 -63 1 -31 17 13 -73 -21 -15 -26 19 -27 44 -41 -53
-25 -23 -20 30 -4 -25 -52 -18 14 -37 9 -42 -12 26 9 -13 2 -23 22 -1 -29 -18 -37 14 10 -56 9 -24 -13 -58 -35 -22 34 -50 7 -15 -17 10 3 38 -27 27 -36 -18 -55 4 10 -53 45 25 -19 -11 24 -5 -18 -2
4 -6 13 26 -3 -3 -87 -63 22 -40 10 -10 -1 20 -5 -33 20 -6 7 -21 -11 0 -28 -5 -37 39 35 16 14 1 16 -18 -39 69 0 -83 -51 -29 -9 8 -87 10 -18 9 -42 -31 12 12 19 -31 -23 -30 -13 -58 -14 8
-4 -26 -1 43 33 -10 -48 42 -9 -29 -17 14 -11 22 -54 -11 -25 -30 -64 0 -45 12 -21 -9 42 -16 -14 25 -27 1 1 -18 -48 -25 -2 34 25 -22 -16 33 1 -11 -4 25 -49 9 19 54 -36 31 -17 5 15 28 -11 14
18 7 0 -69 10 -61 -23 17 1 -39 -35 -47 -65 -38 -14 26 -22 0 6 -60 -26 -25 22 -13 -20 -128 11 -51 32 -3 -14 7 21 32 -4 -22 -26 1 -6 -45 -1 34 -69 -35 -57 31 -42 -37 9 -19 -19 -13 -34 -50 -22 -5
29 -35 5 -14 -43 4 -15 -25 8 -6 -49 -43 13 17 13 -45 -43 -12 -22 -11 -17 -30 -25 -13 35 -17 18 35 -18 66 40 -18 10 0 15 60 19 -11 -13 -3 25 -49 -47 -44 19 -118 4 -12 -22 34 -16 -62 40 23 -8 -36
31 12 56 -12 -4 -72 -15 -31 -21 14 -10 39 5 23 6 45 -8 -80 -77 7 32 24 33 -14 -15 23 -71 33 -32 -22 9 -57 -39 -38 -11 -26 35 12 -2 59 3 19 13 -3 13 -12 -20 14 -10 -32 48 -15 15 -3 -19 21
33 -17 -60 39 -30 -48 15 12 -2 48 27 -29 42 3 12 -2 -25 -4 19 9 22 -23 31 -13 9 -12 37 -15 0 62 2 -33 -11 18 20 -75 18 -40 2 -62 17 -20 3 -43 18 -23 48 9 -4 20 -50 22 23 -2 -46 38
2 8 -56 14 -86 20 5 -12 -17 -14 -41 -3 -17 -32 -26 45 18 -85 -4 7 8 17 -4 -1 8 31 6 -66 -3 -44 -10 -9 -13 4 1 -10 37 -16 -4 11 3 -66 16 32 15 1 3 10 7 -6 27 -32 -21 1 -11 -15
-26 1 4 19 -48 -4 -23 22 -26 11 9 2 18 -115 -40 1 15 -27 -33 -48 -8 31 15 -11 -62 -37 -73 21 -11 4 10 29 18 24 19 -1 4 31 -13 10 10 -37 12 8 -8 -23 26 -4 -6 -3 23 7 12 -36 -30 -34
17 -82 -11 18 -103 7 7 41 10 -2 44 -38 -34 -41 -16 -22 -12 8 16 -37 -23 1 -17 5 -18 33 -18 29 0 -23 16 -9 10 -56 -1 4 31 -51 -6 30 -56 -63 6 13 29 11 25 -2 17 26 -12 30 -1 -46 -1 39
22 -76 16 24 -65 -7 -52 24 -7 -15 -4 -28 -20 -73 1 -30 29 -18 7 -18 -19 34 1 -10 -51 8 -45 -87 -27 -50 -11 21 -30 11 15 -95 -25 -52 1 -15 -46 -50 1 -8 4 26 -44 28 16 -28 -2 8 -8 -33 -23 -9
-18 16 37 -11 25 -11 2 -50 23 -7 -18 13 -9 -34 27 18 -28 -119 10 6 -27 -1 0 1 15 -18 -33 -50 46 9 10 25 -9 -4 -11 -12 28 9 0 32 -85 15 -4 17 -7 -16 28 30 39 -42 -52 -35 -5 -9 16 -45
-24 -14 -20 -6 -47 -16 -22 -64 -39 -22 -5 -33 -50 -74 7 -20 -11 1 -39 -27 -15 -15 -28 0 -11 -9 8 2 -2 -7 -24 35 30 -14 26 34 18 -35 3 -20 -9 -31 2 -55 26 7 -1 -67 -61 4 -5 -17 -20 -11 -26 -6
0 16 27 -16 32 -10 -41 17 3 -3 -27 -25 -1 -2 -22 -23 -34 25 -21 1 43 -24 -2 -11 6 -29 -7 -38 -30 -11 -20 34 65 53 45 39 4 8 -10 -41 7 -30 -15 -1 -27 18 21 -25 -29 -41 -2 15 32 0 21 26

1 -10 -26 -20 16 -17 -10 50 -46 24 -45 16 1 13 5 -14 2 5 -2 -17 -7 17 22 -10 22 -6 -44 -46 -38 13 16 63 -8 60 -23 22 2 -30 -1 -5 -33 10 8 -4 9 18 73 20 -16 -16 6 3 -27 -8 9 -28
14 11 -40 -11 43 7 -36 2 -22 -43 6 16 12 12 5 -26 -45 -6 33 -1 -40 32 30 -14 -47 -20 -8 -9 -26 -39 17 -27 -6 -34 -32 -21 -19 -4 -10 8 -27 12 -1 43 8 -10 -10 -39 -117 -56 -12 -28 -19 -10 8 -51
-11 -22 62 38 -49 21 -18 23 -15 9 9 -1 31 -31 20 -2 -26 -8 11 -42 -34 -41 -6 -6 12 -35 -34 -34 33 -24 14 7 9 1 19 25 -6 -15 -9 -55 -13 -128 -32 -22 -9 1 28 -39 -13 37 2 29 -40 24 48 6
-9 -28 -34 5 38 9 32 11 22 7 -1 52 -57 27 -34 25 40 27 -41 20 19 -5 -17 -7 8 66 -45 0 29 -55 -26 -13 22 -120 -30 25 -30 -15 -15 -11 45 26 23 6 -47 49 -37 45 53 -10 22 -19 26 -33 -61 -6
-23 -22 18 -12 52 -34 49 15 6 -35 3 -67 -19 63 -49 30 -3 -17 -33 -1 1 -8 -10 0 -47 -1 -21 4 0 1 1 19 -20 93 -34 -11 7 -17 0 -31 -34 -66 -89 2 -36 26 18 -6 -11 -52 -2 -74 26 -3 -14 -1
-6 -34 -25 -67 -75 -29 33 -15 -22 -3 9 31 1 39 -80 -5 20 -2 0 2 -33 17 12 -2 13 8 -46 22 -7 -40 -39 -30 3 -52 -45 2 10 -20 -1 -3 8 19 -16 4 31 17 -18 50 -4 -99 25 -17 24 -5 -15 -22
-4 -13 29 17 -3 -8 -25 -45 -26 6 -4 -24 29 18 -63 6 41 9 25 -61 -9 18 -22 -8 -53 -23 -7 28 -8 -17 7 -14 44 16 22 -51 -92 -10 1 -85 7 -50 15 30 12 7 38 -61 11 29 10 -8 -17 7 -67 10
-9 -18 6 -22 -12 -4 -27 -64 -19 -31 50 -15 -5 -4 4 12 -22 5 8 13 16 -32 38 9 -55 0 -88 13 -41 10 -13 -26 44 12 -3 -36 -11 -25 -2 33 -6 -10 2 -17 -54 30 0 34 -55 -22 -32 -71 -9 29 18 4
-68 14 9 0 39 -14 -26 -43 8 33 -5 17 27 0 -18 13 7 38 31 -59 45 -9 -22 -15 0 -39 12 1 -45 -14 4 28 -42 -47 -36 -6 1 21 -7 27 -8 -6 0 28 -26 -2 -1 3 17 -9 12 -12 13 5 10 6
-9 6 51 -12 43 37 8 -7 -20 -36 33 -9 38 -18 7 5 -22 50 7 43 -69 -2 -11 -4 -13 12 63 -16 -40 -62 8 -23 10 -29 -53 -5 -58 -25 0 -6 26 -21 -19 -29 12 -18 11 -29 5 46 26 1 -2 -1 24 -25
17 -34 -15 21 5 33 15 43 1 27 -94 -6 3 8 55 28 11 -29 42 2 55 16 4 -16 -24 -45 -27 -63 7 -76 -23 -28 31 3 19 -28 -10 38 -7 5 58 23 -6 19 32 9 16 9 -11 -40 38 10 -51 -1 11 5
-8 35 20 -27 16 -20 -29 -9 -28 31 35 12 -16 11 -12 28 19 -21 13 -68 22 21 10 -18 18 53 1 -14 -53 -41 8 -5 -75 22 -21 -69 -20 -68 -6 2 -11 17 14 -84 -2 -75 16 25 3 6 -6 -3 -40 34 -8 14
-5 -48 -25 -12 0 -65 16 7 -20 -24 19 -15 -56 -18 60 11 -38 4 -52 -10 -28 42 0 -12 3 4 -13 8 25 -25 -44 -31 -47 3 -65 -74 -47 -37 -8 -52 -15 15 4 -19 -53 -36 -32 -19 5 -7 13 -26 5 -56 24 -16
-15 -56 46 -11 -19 -84 -52 -56 -3 -11 -11 -29 3 3 -6 -30 29 12 20 -4 -22 -52 -51 -10 -25 -47 -49 16 -23 -17 14 35 -5 -22 -22 1 20 -22 -11 -17 -9 32 -38 -2 -70 -39 -67 37 9 -28 18 -48 -114 -26 14 23
24 -7 -124 -29 -31 -12 2 13 19 -7 16 -28 -8 -27 -56 1 52 -27 12 24 -11 -8 7 -4 30 -6 -50 25 -11 20 24 -6 -36 -15 -7 16 19 -39 -1 -29 3 -20 45 -11 21 -1 26 8 8 -5 33 30 -19 -40 21 -53
-1 21 -18 9 -27 -15 -26 39 31 5 19 -17 -49 -4 -26 -7 -4 -4 46 61 0 0 -4 -3 -6 -20 -49 23 -5 18 -14 11 -29 -120 66 19 27 -14 0 63 41 -28 -28 -1 1 31 -5 -5 38 27 -15 -5 0 33 22 -13
-19 -3 8 6 -21 5 27 -24 5 35 -16 42 -27 1 -64 33 -38 -46 -27 -42 -26 14 6 9 7 -31 11 -15 14 19 8 14 -10 9 15 -26 13 15 -1 20 22 -1 6 34 52 16 12 -12 17 10 -47 11 36 -12 10 22
17 -61 -46 -73 12 -30 -3 -6 13 -5 -30 -32 -51 40 -25 -7 -14 12 25 -6 5 -27 -17 -5 -35 -29 38 -48 -15 -6 -54 -3 -48 -51 -68 -20 15 8 -21 -39 -9 -21 -32 -4 -22 2 2 -4 -30 10 15 -19 1 -47 -33 -31
12 37 -28 17 23 8 -43 1 -12 1 -15 26 -12 -36 -39 -4 15 32 -31 26 -16 -1 5 -8 -33 21 31 -18 -27 -10 -12 20 -46 56 7 27 -19 1 -8 7 -15 -19 -22 7 -13 -28 -16 13 48 29 -92 -20 -85 14 -19 38
13 -15 15 -23 -42 32 31 3 -4 -60 41 -10 14 37 -4 42 -61 -10 -3 0 2 40 -23 7 -3 -9 -44 -22 -5 9 67 -17 16 -20 -22 66 33 17 0 -5 2 7 -28 30 21 42 -11 -29 -94 13 -19 44 20 30 24 -16
-16 -46 32 24 20 31 6 -22 31 -23 -16 -53 30 75 -5 -3 -35 -71 -19 -36 9 -25 -77 6 -31 27 22 10 -21 -67 3 -23 6 21 -13 -8 18 33 1 34 13 10 10 11 -49 -27 66 18 61 15 -29 13 13 -24 -20 21
-10 -65 4 18 12 -31 -4 -11 -3 -76 -4 30 5 -32 -71 -21 -3 -12 -40 -13 10 -6 -74 -7 -5 -16 -25 -19 -5 -6 -31 51 -9 32 -24 36 -18 3 -6 -27 -60 -12 -33 4 -19 -62 0 -7 32 -9 -66 -21 -3 -25 37 16
-24 86 2 21 18 -20 -18 -42 -19 15 16 76 36 38 -25 -82 -8 -51 24 -119 -12 5 12 2 -2 20 28 22 -99 -88 42 -64 -41 31 -4 -26 -17 27 -26 0 -37 -66 3 -7 -28 -2 -40 41 17 -16 50 -2 18 -21 -30 -25
11 36 13 -30 22 -16 19 -26 -23 -4 48 -29 25 57 47 -15 24 39 14 9 33 -20 8 -2 21 -70 4 -5 48 -12 7 6 -30 2 37 -26 -5 3 7 -10 -51 39 -30 20 -27 8 -34 26 -22 11 36 5 -34 13 37 13
-6 -13 -18 -6 -6 -11 -22 -46 8 -61 -9 14 4 22 -6 -25 -44 23 -27 27 -31 -25 -43 0 12 -3 10 15 28 22 27 -27 27 -27 -20 -25 -49 -6 -1 -27 6 6 -27 15 -39 -11 -17 4 -6 -23 14 -17 -10 7 -10 -2
6 57 -31 4 -12 58 -31 -79 11 16 2 24 24 2 28 -35 -30 19 -17 6 1 -10 40 -9 -61 3 -75 -3 57 -9 48 -7 -57 57 -71 3 48 -34 5 11 48 13 7 22 9 56 -121 -28 -41 -55 -22 -16 -38 -33 -9 7
-13 -8 24 74 -34 -41 -1 -2 30 -33 28 -31 6 5 -46 -5 -19 1 13 -80 15 -58 -20 -7 -15 -35 52 18 7 -71 0 -49 43 -1 24 20 -71 2 -8 15 -85 -113 16 13 14 19 -23 -10 8 19 -19 35 -65 -13 61 21
-44 -61 12 0 47 57 10 -25 31 -4 2 -7 39 62 -20 5 -16 32 -34 35 43 17 -29 7 16 -4 -4 38 -54 13 -35 -44 -26 58 -86 -9 -69 -12 -3 1 12 45 -37 -20 -26 -31 10 -26 -1 -21 -34 -39 24 -42 -16 16
-4 21 39 -32 17 14 -44 2 -34 -10 -27 11 -13 21 42 51 -15 11 22 16 29 10 34 -2 23 0 -44 -37 -28 -8 -33 -14 -66 -76 -9 -35 -7 17 0 13 -1 24 -15 -22 13 -42 -31 -93 -117 -31 16 -7 3 -10 1 -33
12 33 40 -29 30 -4 1 -13 -30 -17 21 -28 1 21 11 -15 -19 14 -21 -119 -99 23 -25 -9 32 32 0 3 -18 -12 34 -40 3 13 -8 -65 -3 -93 -6 -44 -7 -53 -8 -15 -2 -12 -27 -59 1 -12 16 -8 -81 -31 -13 -3
2 -38 -99 81 -29 24 18 -89 15 -23 -19 42 29 -16 38 -65 -7 8 17 11 19 -23 34 8 -10 8 11 -3 -12 -12 47 -33 -16 -30 34 -62 -10 8 3 -74 -4 -19 16 14 55 4 1 -11 22 27 21 -23 6 -26 11 21
1 49 41 -3 47 -55 -24 -13 -16 -22 -5 -12 17 -15 -64 18 0 46 -101 -54 -14 -71 -27 0 -53 17 -21 10 33 -20 -15 -11 -84 -3 -40 8 -24 -44 -1 -13 -33 5 29 -32 -7 -7 -54 -39 -64 -38 12 -32 -50 -24 -92 -14
-13 21 30 -12 -29 2 3 -30 43 -13 -2 0 19 8 -40 31 -13 20 28 4 10 9 17 -10 -20 0 -2 -26 14 -42 -83 6 -38 -5 -36 19 -43 -61 -3 -36 -11 13 -55 -34 28 -43 -63 -46 -62 -128 -20 -29 6 -74 -25 -1
-29 30 14 -53 -31 22 21 5 8 -128 -2 -6 -6 47 -22 -91 -20 -11 42 -19 -66 24 10 4 -106 31 -25 -30 9 4 46 -56 3 18 -4 -82 -62 -34 6 -44 -11 11 -23 -71 -11 -11 -33 -53 -64 12 25 24 -46 -9 -29 3
-61 0 -39 51 3 6 -27 10 -7 -45 -94 -74 55 -8 -54 -63 -39 -39 27 -2 41 -77 -58 2 -31 61 27 25 1 -28 37 -61 7 -22 51 -128 -72 8 -17 -44 -108 -5 61 11 43 18 -19 -54 -26 47 -50 21 -32 -5 -46 7
-15 -12 16 2 -21 12 -14 27 -28 44 15 31 -10 -59 -19 -38 -25 0 -45 20 42 2 -20 -8 0 -5 -30 10 -36 -35 -91 34 -22 -40 -15 2 -50 35 -18 28 6 39 5 6 -44 7 32 7 -44 -31 -7 7 -39 -16 31 -13
-6 10 -25 -48 -11 -17 1 -63 46 -3 -25 -10 -56 -45 -19 10 4 11 -17 -24 5 1 -17 5 42 -24 22 -38 4 28 -111 -1 -13 -22 -2 -3 -4 2 -3 -2 19 -7 -24 11 14 -6 19 14 -53 9 -40 9 36 24 -15 28
1 -15 -35 -2 4 17 -4 -30 6 3 20 -22 -36 23 -32 25 -2 -96 33 -12 33 21 3 -1 -13 7 4 -33 31 -39 31 43 9 7 23 5 14 15 -13 32 7 17 -10 16 29 12 -12 1 41 -13 26 31 -29 19 -10 37
36 -73 -8 -11 -44 -81 -8 21 -13 -1 -19 -15 -11 -46 -59 30 -33 -25 -37 -81 -70 -94 -13 -11 -4 18 -26 -5 -18 -28 -17 -6 -7 -39 -23 9 -10 0 -8 7 -83 0 -24 -4 -38 -50 12 -73 27 -3 24 -9 -11 -22 7 -28
4 -22 -14 5 11 14 -2 -107 40 -63 -6 -3 27 -27 -28 -32 23 -80 -44 34 57 48 -10 0 -39 -20 -13 7 8 -48 -23 9 -47 -41 -44 6 -14 -45 9 67 21 -11 -6 13 -6 -53 8 53 -16 22 -3 -30 5 -37 34 45
7 48 24 61 -50 0 29 9 -43 -24 -24 14 8 -24 -128 28 -21 -4 -104 -117 -25 -12 -19 0 -25 4 -21 14 -60 44 -62 -27 -6 -15 -5 6 20 26 7 -11 38 36 2 -9 -12 -17 -26 -10 4 -17 -11 17 -13 -40 -59 -4
28 -23 -12 32 -11 -96 -25 32 -43 -63 -81 4 -6 -2 -39 -39 -46 12 -64 -38 -14 -51 -41 0 1 58 66 -58 0 -50 24 -73 7 -34 -16 -8 -30 -60 -9 29 -23 -3 2 23 -3 -10 -4 -37 -26 -3 -68 2 -16 -8 -22 -41
-7 -93 -53 56 26 -95 -36 -26 30 -3 -16 -118 -23 1 19 -4 11 -17 -47 -11 25 -39 -52 4 -67 -7 17 -34 -26 -98 12 37 48 -18 35 7 5 43 -7 -34 -27 1 -21 13 -49 -24 -53 -33 5 48 -63 30 -7 -42 -33 21
14 -6 -24 -26 -4 7 -60 -68 47 -30 13 11 24 59 39 -22 -10 -40 5 -44 -7 -12 -14 -9 -35 1 -11 -2 -11 -24 1 10 -24 46 -4 -8 -34 8 -12 22 -38 3 -13 25 13 -27 -8 -25 11 1 13 -34 -12 -21 0 34
6 -43 -125 15 -6 -13 13 56 15 -14 -2 27 11 38 -41 25 -2 -15 -37 16 -2 11 37 6 49 41 -17 5 -23 26 -8 -30 -12 -68 -20 20 4 -58 -7 30 62 -3 -4 7 -42 -10 7 10 9 -20 45 18 -12 41 -34 0
12 12 17 -47 4 -75 -11 4 -51 -42 -8 -98 -41 -32 72 44 -45 -25 15 -107 -27 -38 7 -15 -28 2 22 -21 22 -7 17 -16 25 14 -5 -74 -46 -61 -11 -45 -11 24 -37 -69 -47 12 17 -52 -16 -1 -44 -31 -85 -48 31 -68
16 47 30 27 19 -4 45 -91 -1 -38 -13 -13 26 33 -36 -19 -4 -11 -47 -58 -4 -36 -15 3 35 -5 6 -49 -24 31 30 44 22 34 7 22 -10 16 -10 72 3 -72 -15 -15 11 -74 46 23 -53 23 18 -33 25 41 38 -62
32 5 14 31 -9 -21 -4 -77 39 27 -24 -8 -29 57 -43 -14 1 -74 -41 80 11 46 8 4 -52 29 -55 14 52 -127 3 9 28 -6 4 23 42 -4 13 51 -42 -5 -26 -4 11 32 -48 30 21 -36 -1 46 -124 2 3 44
22 -69 -94 74 40 -73 40 16 14 39 8 4 51 48 6 -15 -26 -17 -6 -23 47 -67 -22 -11 6 48 104 -18 -11 -24 -16 -51 -2 26 5 17 16 -24 1 -65 23 22 9 -24 17 -6 35 -16 9 34 50 28 0 -47 7 -9
15 -19 -60 4 -32 13 43 -65 7 -22 -63 -22 24 -45 -18 63 -17 -23 14 -16 26 -17 8 -8 -17 24 2 -23 4 -87 16 -13 -10 49 24 -23 -5 12 -4 9 -21 -36 10 -18 -20 -15 -8 23 -7 -6 3 -33 -29 29 24 -12
26 30 27 7 -5 -11 2 -32 -62 3 -46 27 56 -100 -25 43 -15 -17 24 -38 25 35 30 -11 -24 -40 -50 22 -8 -15 -20 -2 3 -24 15 25 27 46 -10 14 24 -17 14 33 63 -20 27 -31 -57 -29 13 -13 50 -33 -11 2
8 -60 -65 -13 -106 22 37 36 9 22 63 -22 -4 -12 6 -13 10 1 -17 -3 -14 28 -13 8 16 14 34 29 -19 1 21 3 24 -110 6 36 0 6 -8 46 -6 27 -1 2 2 -25 14 21 8 17 1 9 4 -41 -4 -12
-6 -57 -6 18 -80 4 -50 13 -28 24 -2 -38 -22 -31 26 -46 12 -14 -7 6 -16 40 4 0 -101 -6 48 -60 -39 -56 -11 4 -12 32 15 -49 -25 20 -2 -24 -11 -35 9 -16 -26 13 -31 -6 16 21 -6 -16 20 -38 -14 -13
-50 3 23 -11 55 -17 -4 -71 14 -6 -20 -10 -19 9 3 41 -19 -45 7 -26 -30 4 -32 4 11 3 -7 -40 2 26 5 44 -23 -27 4 -19 35 21 -10 36 -41 -53 -11 -26 2 34 22 12 10 -1 -11 -1 11 6 17 15
30 -13 35 -21 -31 -31 -49 -37 -2 2 -22 -30 4 9 5 -52 8 -26 -21 -30 -23 5 -49 -1 -63 17 -7 -65 5 -24 6 13 32 0 25 11 37 -41 -12 -47 -19 -73 -4 -17 26 10 -14 -53 -43 -5 -3 11 -26 0 -25 -30
35 -22 -19 -11 22 -15 -50 -42 -10 -14 -22 -12 42 34 13 -18 25 42 15 20 40 4 12 3 28 -28 -10 5 -8 8 -33 21 -1 38 42 -31 -19 25 -19 -86 9 -9 2 13 -40 0 -8 -29 22 -10 11 -5 4 24 7 27


15 30 9 17 -128 -22 -9 8 15 24 -8 7 23 -115 37 17 -46 -1 38 18 27 23 4 0 0 0 -47 42 8 28 0 -15 -6 13 25 -48 0 -2 3 3 30 -40 34 -7 -3 -22 -58 49 -40 -30 -1 40 17 32 15 -6
-67 40 -128 -2 -128 -38 4 -7 -99 30 -6 12 -26 -83 -2 33 -22 -8 35 34 10 -32 11 -4 35 -28 2 -23 -31 0 6 -41 -24 -9 15 -65 26 -25 0 -2 20 -24 22 -9 3 -31 -53 59 -117 60 -59 53 -48 45 -21 6
-91 37 -16 -11 -4 21 -64 -22 -62 -37 25 42 -19 -44 -15 24 -19 18 2 4 -55 14 -1 -7 -5 33 -47 40 -45 -10 -8 -79 10 40 -91 -13 -67 18 0 -22 9 -1 -10 -30 -34 -1 -11 -24 -84 -23 -57 -41 3 2 -7 -94
33 41 86 5 62 21 46 65 14 35 -2 -89 -9 73 23 45 50 -36 28 -8 65 -29 5 8 44 -74 -18 16 0 25 1 20 33 31 -15 -4 -65 34 -2 27 50 -22 13 -3 -66 -71 59 9 48 49 -12 55 -17 72 12 16
-49 -94 12 -36 8 14 6 -26 13 -17 -13 -56 27 53 18 33 2 -12 -28 -13 12 10 -65 -1 -39 46 33 -21 -21 -9 -20 22 40 -14 -56 4 -13 -44 7 -13 -32 11 -58 -59 -50 -7 4 -16 -38 -40 -3 -75 -45 -70 11 30
52 18 -4 5 11 54 15 -25 -14 -30 -24 20 26 -54 3 -1 -39 -2 7 10 -41 42 32 -1 21 23 29 26 45 39 -44 -51 -6 5 -30 -2 17 36 -11 -64 48 13 -38 8 -3 -4 -8 38 -17 -14 -53 -1 2 -18 21 -20
-49 -38 -11 -27 -5 -59 -54 -73 31 15 2 -39 22 52 18 16 23 42 34 -45 37 -79 0 -13 80 -4 -1 -13 -24 -34 7 7 1 36 1 25 -40 -58 -1 13 -45 18 32 -17 -52 -54 20 -46 -5 61 -13 65 9 -37 3 17
49 66 46 -19 42 45 -57 34 -70 21 30 -3 -66 8 -34 29 -62 -26 34 -18 35 23 -10 6 -56 -57 51 -30 32 -71 84 1 68 65 12 -26 25 1 -4 32 -30 2 -7 49 -25 5 -4 -24 48 11 -19 22 13 11 38 73
-55 -10 7 37 -22 -46 6 -14 13 17 39 -1 -22 -52 28 2 27 -16 -103 -8 -12 -5 29 -17 -13 -20 34 -14 -11 -12 -9 2 -52 -24 13 10 -12 12 -15 -34 38 35 20 42 -14 10 -16 26 40 -43 32 6 -21 14 -3 19
-40 -29 11 2 -95 -16 -3 -18 -22 2 23 18 23 -12 -69 -11 -15 -15 -5 -15 -30 -14 -45 3 -42 -22 -25 3 -26 29 -22 5 44 48 -18 -37 -10 24 4 12 21 -3 -52 -51 -11 -57 -128 -32 -3 13 9 -2 -8 25 -22 -52
-29 19 29 24 -77 20 0 -57 -74 -10 -26 12 -27 -35 -16 14 -39 32 16 50 -32 -1 -13 -5 8 29 -35 -19 67 -3 -7 13 21 -71 -31 3 17 55 2 -2 -16 -22 -13 60 6 -21 -17 -76 -21 -27 36 -32 30 22 -50 -21
9 -6 -16 64 25 35 36 -61 -7 -17 6 18 42 21 21 -32 30 12 8 34 67 6 10 2 37 40 -44 27 -88 62 5 -56 19 63 27 -35 25 -37 0 -12 -5 -66 -2 -62 -16 -13 18 40 -16 28 -6 24 55 54 -1 -3
39 -36 50 -17 -25 41 -6 45 -9 -34 11 -30 -59 -28 -19 -18 -10 31 33 20 -60 -6 -88 -13 -5 -52 22 -28 35 -48 -13 39 -73 -9 -62 39 10 1 -11 -50 -51 -6 -35 -91 -28 13 29 24 -24 11 -1 9 -18 -26 47 -17
-6 -128 -31 -28 45 -46 14 -8 33 4 28 -56 2 -2 -2 -37 -21 4 -9 -32 24 -44 -15 -14 -27 -12 18 -16 -2 -65 -71 -18 -128 3 -54 -23 37 40 8 28 6 -53 -34 -34 40 21 15 -14 -36 -34 -15 -8 20 22 11 30
12 -5 15 -2 25 16 8 29 -47 22 -25 21 -14 32 32 32 37 2 -33 30 -73 -26 -53 -1 -7 12 25 -11 -6 -10 -10 -40 34 -20 0 -3 32 23 -11 -1 -14 23 -61 3 -63 -39 -7 16 -25 -2 23 23 15 -73 30 -31
-11 18 18 -18 31 -30 12 24 -10 -27 12 -16 -13 -3 11 -2 19 52 -12 20 -53 7 -87 9 -2 -23 20 4 3 34 -12 20 20 -93 -60 -17 32 -20 7 -22 13 25 -95 -26 -73 -18 -14 13 31 -5 1 16 6 -1 3 1
12 19 41 -3 -5 -22 -8 11 15 40 16 62 -76 -15 0 -33 3 -55 17 66 -11 17 28 -1 -56 70 -50 -31 -14 -3 -34 -17 28 -92 33 -7 21 28 -4 11 25 -2 5 44 24 29 3 31 28 -12 -25 -6 -3 22 19 10
5 52 4 41 4 -1 -3 28 -20 20 -75 -3 -70 -37 40 -24 -25 26 -18 6 -7 -10 -2 -11 -15 -24 22 -12 5 -13 -46 17 -72 26 -26 32 -8 16 -1 -45 -27 40 -6 39 -65 14 -5 -44 -22 16 15 19 -42 6 12 -23
-86 10 -2 -11 6 2 -32 -6 -53 30 9 -12 14 2 29 49 -3 6 35 -14 18 -22 13 -3 -32 -128 18 2 -40 -48 43 106 25 57 -11 21 3 8 3 9 4 13 33 -9 -15 17 -10 -25 -68 21 -42 -20 44 33 26 9
37 12 -2 16 9 30 -52 19 -54 -11 18 4 -2 -77 -12 23 -5 -25 16 -36 24 20 9 6 29 -43 46 33 10 16 44 -87 63 2 36 -43 -20 -36 -8 54 41 -21 -35 -8 9 49 -73 -1 -42 -67 -51 -16 -10 96 26 -10
5 -63 -65 34 35 20 -110 50 35 28 -11 -19 -40 -12 17 3 -9 4 23 -13 46 -28 -23 -5 -18 13 -34 13 -56 -30 22 -20 21 9 21 43 23 -81 -6 44 -17 7 38 19 35 33 -68 -8 36 28 -2 25 23 -28 -26 37
-1 -37 -5 -5 -47 -61 -1 -49 -13 8 -4 -25 -33 -16 -6 56 5 13 42 -54 32 3 -29 -2 7 -18 -8 2 -56 48 -28 -126 -55 -22 38 -24 14 14 2 24 -39 36 -13 -32 -106 -67 -1 31 -23 15 -8 36 -22 8 -55 8
-26 33 -32 33 34 49 -22 47 -4 13 56 -9 27 46 14 13 14 -1 -57 -55 8 32 5 1 68 -29 -71 1 -41 38 3 -2 -25 -1 32 47 -42 -18 -6 -60 32 -35 -3 -60 -25 -36 -7 41 20 -20 -11 -15 54 -37 -47 -29
11 25 -13 1 15 -31 74 8 15 2 -10 -2 43 -31 -3 22 -12 34 -30 0 -38 -16 -5 5 49 -8 -37 33 48 -12 1 14 -24 -41 1 -5 13 -9 -8 -8 -71 40 7 -46 -52 -29 17 34 22 7 6 -34 -60 -2 11 6
-118 -40 16 29 -44 -17 56 -27 7 -73 -6 18 5 -48 -60 40 -30 -37 -50 -13 -4 6 -22 -13 -88 41 -33 30 -7 -65 -11 -69 -1 -40 -7 0 -12 -48 -6 -38 18 23 -41 -69 -57 -103 -15 -46 -24 55 12 6 -66 -15 -12 -54
-46 -28 5 -36 33 16 -54 -24 -16 -11 -29 32 21 -93 -18 39 -12 11 -38 -8 0 -50 -45 -6 -56 -7 -21 -3 -12 -8 34 -28 -2 28 -22 -38 -20 4 -13 30 -49 38 18 -10 -63 -13 6 -18 6 -24 8 -5 -30 55 -10 24
-28 -45 -17 -72 -52 -106 9 -2 -20 30 27 36 -4 38 58 -23 37 22 38 39 14 1 16 -16 -44 68 26 -8 -36 17 40 -100 22 6 -21 -48 28 -91 2 56 9 -54 24 -21 -22 -3 2 14 -6 30 21 30 35 -8 17 -14
-13 13 -7 -4 1 -23 -7 -30 52 -25 62 -15 20 -3 30 -14 55 44 -35 -48 48 -22 50 -12 27 3 47 -19 -21 86 -16 12 -66 16 -18 -62 -46 -98 -4 16 -97 -41 22 -7 -9 -55 -28 -43 64 -17 -1 -65 9 -2 -28 22
18 8 -5 -4 -14 32 18 28 -9 8 -20 21 -33 -76 -33 6 37 1 10 29 -22 11 2 8 7 -2 -112 27 12 -14 43 -12 -17 -12 -41 15 -36 -10 -1 26 -19 60 -10 -6 57 48 -17 7 -91 -14 -1 -47 21 2 57 -53
3 64 -53 8 15 16 5 9 -9 -7 -4 -55 63 39 34 -48 34 22 24 40 31 -26 -29 -11 5 -57 -24 -66 0 -25 12 35 39 35 26 -20 -76 -69 -8 -14 18 -3 -43 0 -49 44 77 7 12 20 -2 -14 -19 35 15 9
14 -25 -24 -5 69 -4 -46 -68 -8 10 6 -13 10 24 -11 0 27 11 -47 6 -25 -23 -41 -15 -46 6 14 -68 -14 -28 2 65 -72 -13 -1 5 14 -66 1 -26 -43 18 1 11 26 0 25 37 22 -44 -55 -19 -18 -12 -30 16
-35 -4 3 -44 -16 -29 -44 -45 15 18 16 -39 22 -20 53 -50 2 -25 34 -21 -57 4 -46 -18 6 10 16 25 -19 9 -1 2 -11 36 -17 24 -91 -36 -9 20 -21 27 -43 -25 -31 -49 41 19 -18 -33 -3 -75 31 19 -5 9
21 19 -2 -92 4 75 -9 61 2 -14 -1 34 -23 -56 31 -5 -4 4 -17 23 8 22 28 4 60 24 -22 29 -13 73 -66 -8 -45 -27 -8 0 19 -22 -11 34 -29 -25 4 -82 33 -12 -26 56 -65 -39 -11 9 9 7 14 -11
17 -54 12 4 -18 20 -11 -41 -5 35 -16 72 -5 38 14 13 9 3 -37 -7 38 28 -78 -9 -33 -18 51 -23 -47 -81 46 64 -47 18 -36 -77 35 4 -7 -31 -6 -14 1 -8 -42 -75 -3 21 -55 -44 -53 -11 -17 3 27 -1
-77 -18 18 18 65 -86 21 -43 -1 -44 -22 -11 -31 24 49 19 12 -70 51 -28 62 -3 -30 -19 20 -37 19 8 -90 25 56 -62 -32 -24 -31 30 -99 -48 4 -78 -2 -4 56 -47 -96 -29 10 -59 -33 -2 55 20 22 -57 38 -1
48 -53 11 16 -19 8 -7 -5 -13 -25 9 21 18 -59 25 -6 11 53 -71 4 26 -2 -3 -4 24 -57 -30 13 -15 29 -79 -25 5 -14 -22 26 -32 13 -11 -28 -4 4 3 -24 11 7 -18 9 -69 32 6 -2 5 35 3 27
28 -2 6 17 -126 17 23 45 -8 43 -28 14 -55 -90 -20 10 19 -59 -47 -19 20 12 48 7 -74 20 95 14 26 -74 -97 3 34 -126 39 4 9 31 4 -25 27 -12 -41 -28 -18 -42 -57 -5 -60 6 -13 16 -20 31 -3 -3
8 23 19 -62 40 0 39 -35 -38 35 -18 42 10 11 -31 -11 12 -39 15 43 -35 -16 -1 -13 17 19 -44 -34 -14 45 5 -61 70 48 -37 21 27 10 -10 14 22 49 29 52 24 -41 -28 -1 -8 -70 2 19 -18 -58 26 -5
15 12 22 11 23 -81 7 -38 11 1 -37 -8 25 -15 40 -72 -50 12 38 43 -18 -40 -22 0 34 9 44 18 -60 23 -3 -1 -62 -8 -69 41 -42 -53 -3 -87 -24 36 -13 22 57 -9 11 1 -20 -9 30 12 -20 -26 -25 5
-74 -28 9 0 -97 -24 17 54 -31 -38 24 -19 -55 -40 -35 -4 -28 4 18 -82 21 -20 -29 -15 -5 29 67 34 -26 11 -2 -6 26 25 15 -15 -3 -5 9 8 29 -7 -32 -81 -51 6 -84 -51 -56 60 30 -27 -5 43 -7 -15
-31 14 -27 -35 21 21 -56 12 44 20 27 -46 18 15 33 29 -48 6 74 32 -44 -32 34 -10 -7 -11 72 12 -18 -8 48 15 -9 54 -16 23 -34 -31 2 23 -5 -38 3 -50 -44 17 -17 -47 23 59 -30 52 -24 24 -57 34
-64 -13 -7 -63 -20 -56 -25 -107 35 4 11 -10 21 -3 35 -34 -2 33 39 -4 -47 -33 -33 -12 52 9 5 19 -57 58 22 -61 -13 -20 -36 -58 -19 30 -13 -86 9 -48 -19 -79 0 -27 3 28 48 -45 -41 -21 -11 -11 -7 -28
-42 -29 -39 -52 19 -34 -79 15 -1 -16 17 -3 13 33 -24 22 17 -16 44 -30 -6 31 -27 2 50 -5 36 -16 -22 28 -4 -74 64 -9 -22 59 -73 -23 6 -44 37 34 -10 5 -92 46 1 13 -24 -6 -59 -17 5 9 56 5
31 28 25 2 -61 0 10 -91 41 -25 -9 -47 47 -34 -3 -29 53 12 17 -14 30 30 -24 -5 -3 -5 17 -61 -34 8 -21 -53 -16 94 -11 -10 -57 -2 -5 -11 -33 31 -11 -34 35 -53 5 -22 21 -39 1 -9 -25 -28 -1 -24
-63 -18 43 -3 18 13 -16 7 -23 6 45 5 9 26 -60 -7 1 -6 48 -6 -50 17 9 -7 26 -19 54 14 -19 7 16 33 66 -34 -23 -25 15 34 -13 13 9 5 -38 43 -73 19 -51 -3 14 16 -29 22 -3 -20 0 45
-12 -70 16 -19 -30 -21 -18 16 -29 25 -11 -45 11 14 26 -22 24 46 -4 31 -16 -53 -1 -18 -5 -63 -35 11 41 16 45 -35 6 -28 10 22 -20 -28 -1 -14 -38 20 -8 0 -25 12 -26 6 -17 21 -5 33 13 11 -122 -3
-57 5 8 -20 -21 13 -29 -11 -14 35 -22 -17 -8 -32 31 -76 3 17 6 -58 1 32 -6 7 33 -4 -23 59 -72 10 54 -18 -15 -56 25 32 -49 -1 -7 -7 17 36 -55 -84 46 32 2 -43 36 8 21 -61 61 20 -9 10
-24 20 3 -19 -29 -23 23 42 -64 4 -10 21 2 24 -37 2 -45 -92 10 -10 -76 4 17 -6 40 -56 -1 12 9 18 -24 -1 48 -1 2 30 57 13 -8 1 67 35 1 -11 14 10 -63 -43 -72 -30 29 9 20 -13 -2 -41
-25 22 -52 -18 -19 -27 26 -11 -5 16 -8 16 -5 -62 -15 15 63 17 19 35 59 23 49 -8 35 -11 -88 -7 -15 52 -13 -10 -12 46 -28 50 14 -42 -12 -7 62 -14 35 -71 23 -24 72 62 -5 53 -56 39 -14 -43 -47 7
-24 -11 -25 -19 -104 -23 -50 45 -44 22 -10 45 -43 -53 6 -14 -12 -52 -12 21 -40 33 -43 -4 -54 0 10 3 8 -53 -25 6 -31 6 31 19 -7 5 -14 -3 12 -57 18 28 10 36 -67 -65 -6 -44 10 -27 -33 41 17 -27
2 5 -63 -18 -128 33 15 6 -69 6 0 19 12 -125 52 4 -14 25 9 31 40 -19 32 -14 -20 56 5 17 0 -19 -5 40 -2 7 32 -63 -4 6 -14 8 -23 -35 46 -33 13 20 -70 18 -55 38 -10 23 22 35 34 25
-30 -17 -17 4 -128 12 -26 -70 -25 -36 29 14 -8 -53 -23 34 42 58 7 41 31 21 -22 -15 32 -22 -47 -16 -57 36 40 -3 -8 -10 40 -27 -5 -11 -10 -1 -12 -30 69 56 59 22 8 2 85 9 -1 34 11 27 4 41
3 41 -35 27 -62 -8 -30 -13 4 25 20 8 -19 -128 -4 -10 27 47 20 -39 23 -14 9 -6 28 27 -18 -24 8 -5 -23 10 -59 -36 8 -17 -43 -33 2 -4 -15 -20 10 21 -20 34 -7 30 12 -16 -11 20 9 5 -4 34
-9 40 9 6 -97 -40 -22 2 -81 32 0 57 63 -81 10 -12 -53 -24 3 27 -71 -16 2 -4 -8 -14 -33 -37 -37 1 -7 -31 19 -34 -16 27 -2 12 5 13 -38 64 -18 -3 -38 32 63 7 6 -92 -9 -6 2 1 -24 -108
-24 41 -52 31 -128 19 1 22 -40 12 -28 24 -91 -97 4 -5 -21 -28 2 -4 35 34 30 5 -32 -19 10 -26 -17 -64 -12 -77 16 -47 34 13 63 -34 -10 8 33 -68 -2 -45 54 9 6 19 -97 26 -69 33 -28 12 -7 45
-7 10 0 59 -54 12 17 -15 -5 -36 7 5 -55 -40 -8 18 1 50 11 -20 -26 18 31 -6 -23 15 71 -12 9 -2 -36 -4 -21 29 -4 41 -38 33 -6 -61 -51 30 18 41 -24 -23 -31 -31 36 5 -9 45 19 -30 30 -15

-73 -3 28 25 -70 -20 20 31 -7 10 7 -4 35 -116 38 -47 -34 32 -13 11 17 3 -1 -6 67 -36 -36 42 7 57 2 -10 18 14 34 -49 -3 1 0 3 73 -43 31 -52 -10 -19 -43 25 -58 -16 -35 38 21 4 22 -30
-103 17 -107 -18 -84 -64 29 3 -128 5 -3 15 -30 -9 -19 -7 -39 10 -11 29 -1 -28 35 -2 31 15 -39 -2 -67 27 -14 -50 7 -1 -4 -24 17 -26 -12 5 30 3 -35 -75 12 -37 -128 30 -128 44 -12 10 -65 18 -19 0
-104 4 51 -50 2 -5 -4 -21 -101 -10 17 -1 -21 15 7 -3 -23 4 43 5 -44 -13 -5 -10 8 -12 -26 -7 -31 8 22 -27 -15 26 -66 -36 -48 -6 -4 2 -4 -45 -35 -25 5 -4 -13 -63 -60 39 -66 23 32 22 -30 -69
-31 -4 23 -8 -28 17 53 11 4 18 12 -59 10 61 -36 51 33 8 -27 2 47 -42 7 -6 62 3 -10 34 -1 35 -11 -34 45 -14 -27 -17 -109 8 2 8 53 -18 15 27 -31 -75 37 -18 21 56 24 19 12 60 -48 17
-39 -6 25 -56 24 -9 -28 27 -11 -23 26 -40 12 9 -4 17 43 -60 -38 -7 -21 -14 -4 -18 -83 -15 -31 19 -33 -45 -32 -20 -25 10 -85 -1 -24 -56 -14 -52 -20 9 -40 -51 -49 -44 -2 -46 20 -37 -29 -62 -13 -52 -1 4
1 -33 -1 6 -17 51 24 -13 32 -20 -51 -9 38 -48 -48 -9 -8 -26 -7 1 -69 1 26 -13 26 -2 18 30 47 21 -33 3 -6 -21 -6 40 3 13 -14 -35 52 5 -97 -1 -8 -26 -8 17 -22 -39 -26 -19 -22 -6 15 -26
-12 -24 -54 -11 8 -40 -13 9 -21 45 -52 -17 19 42 27 -27 13 27 -15 -35 28 -44 -29 -6 57 -25 -4 -55 -1 -36 11 -9 19 5 -11 19 -113 -41 1 -5 15 42 8 -5 -48 -25 6 -50 -59 29 1 15 20 -28 67 10
34 -2 44 11 -11 17 -37 48 -101 -25 39 -16 6 -8 -15 19 -25 -20 31 15 -9 5 16 -4 -19 32 -60 -10 19 -17 65 20 75 49 30 -49 -1 14 -12 27 -15 55 17 -19 -16 -25 -23 22 33 -10 -28 -28 44 41 8 15
-39 -37 20 3 34 -19 34 -41 1 14 -7 9 -5 -95 27 -19 16 -21 -46 -46 -6 -10 -10 -17 -28 -16 31 -28 -15 -58 9 -3 -23 14 8 -4 -29 15 -4 -15 46 -1 24 52 1 -27 1 22 26 -43 25 -26 2 -2 14 -17
-49 -74 -8 -22 -100 -17 14 -12 -46 -14 30 -17 17 -6 -61 -38 12 2 -10 -12 -29 -9 -37 -18 -25 32 -13 -15 -27 17 -19 18 53 61 -3 -23 -1 -36 -14 -5 7 15 -45 -37 -45 -55 -113 -34 -47 -2 -1 -23 -24 1 7 -61
-39 11 -10 -24 -25 8 -20 -73 -42 10 -25 21 -39 -50 -18 -5 -71 46 -8 36 -16 -27 3 3 -17 24 32 11 51 -58 -1 -2 2 39 6 13 16 62 -13 8 -23 54 -19 15 4 -11 -17 -109 19 -8 48 -59 -10 0 -40 10
-2 9 -26 51 5 -40 38 -4 -11 -15 43 -33 38 7 28 1 47 4 63 -24 27 26 6 -6 53 -2 -8 4 -20 55 4 -55 -21 44 20 -38 37 -43 -12 -41 -12 -117 23 -37 23 -35 -22 26 1 3 7 4 36 5 -25 0
19 -55 -17 -14 -3 17 -12 10 9 -34 12 -24 -57 -24 -27 -23 -15 39 -47 24 -50 -19 -60 -4 9 1 7 19 30 -53 -13 26 -38 -9 -6 28 -15 -18 6 -80 -34 -41 -50 -42 -63 -76 37 0 35 37 -11 1 -16 -33 16 5
45 -125 -29 -55 65 -50 -16 -19 38 -11 -5 -36 -6 33 -11 -50 10 -16 -15 -11 -5 -29 -30 -4 -34 28 -17 13 -15 -41 -14 -100 -86 -41 -11 -75 50 -23 -6 -27 -32 10 -25 14 6 13 4 -2 18 4 -9 -21 -83 9 2 34
5 -6 -58 28 34 32 31 21 -49 16 -14 9 -11 24 -33 16 39 -49 -39 24 -62 -18 -31 -6 -13 1 -7 -18 -32 33 29 -27 -7 -53 -47 -11 29 5 -5 -33 11 9 -26 9 -20 -16 14 20 -25 -20 17 27 35 -55 31 -43
19 -3 17 -63 30 3 1 45 -37 1 -7 -25 -5 17 -12 -21 21 46 13 48 -128 -35 -116 2 -2 -66 4 -4 -9 34 -25 15 40 -86 -38 -51 23 -5 1 -17 13 47 -100 -8 -53 -1 -12 41 56 17 -18 29 -7 6 6 -22
22 15 40 -22 -8 -4 -31 28 22 29 -9 44 -84 4 7 -27 18 -73 9 35 1 27 8 8 -20 2 -29 -58 25 3 -24 27 1 -50 13 -12 22 27 5 -2 16 -28 16 66 30 13 7 39 14 -13 -49 -2 4 6 30 10
-28 11 -20 22 26 -2 15 -2 -5 20 -57 -5 -33 -6 32 -6 -52 26 19 4 12 -5 -24 -17 -26 -18 17 -31 20 -6 -24 10 -51 8 -39 31 -16 19 -3 -73 -22 7 -23 11 -76 -5 9 -77 -32 -2 34 11 -16 -1 -27 -30
-55 27 -41 -8 36 2 -23 3 -22 -12 -41 -17 8 -29 12 -12 11 -17 41 -6 -8 -61 -80 -7 21 -90 22 5 -36 84 17 48 37 51 -78 -52 -50 -6 3 30 -30 31 22 -5 13 -27 10 -4 33 26 -74 -9 66 12 -11 17
39 -10 -29 -20 12 37 -38 18 -78 -9 24 7 21 -119 -9 12 50 7 33 6 -13 26 8 -7 15 -60 -35 24 17 -68 53 -48 -5 19 -27 -62 -4 -14 6 62 13 7 -25 20 -16 7 -7 -32 -51 -47 -9 19 21 67 32 -59
13 -31 5 -4 35 23 -86 66 11 -6 -35 -37 -36 -55 13 -23 -61 4 25 -29 33 -6 -39 1 -2 -38 -42 1 -53 -14 -7 -18 9 -14 9 -35 -3 -79 8 40 -58 18 28 25 28 26 -63 0 -11 8 0 32 37 -40 -45 51
0 -74 -16 -5 -39 -63 -37 -37 -2 -18 35 -55 -8 -10 -44 39 -31 16 -19 -21 -8 23 -28 -12 14 11 -10 30 -41 43 -22 -60 -45 10 -4 -40 7 4 8 38 -47 53 -17 -11 -21 -81 13 -13 13 -18 -75 -6 25 -11 -79 18
-29 102 13 4 23 -10 9 -15 -1 1 63 35 24 -8 7 -39 14 13 31 -102 26 -60 31 -7 63 -79 20 2 -13 26 0 -18 -43 -7 11 23 -46 -49 -6 -50 -12 -33 3 -48 -36 -4 -13 1 -21 -23 12 -19 13 -32 -85 -60
-9 24 17 -62 -30 -39 9 -18 -30 -31 25 -3 -57 -84 -5 -6 -28 18 -5 -31 -26 -11 -6 5 66 -8 14 -6 6 -3 -15 14 -55 -30 -28 45 2 -60 -5 -14 -75 46 13 -15 -34 -16 23 9 -6 -39 -61 -30 -2 -35 -17 23
-128 -32 -3 -15 -57 -50 63 -29 -34 -84 -8 -15 -16 -33 -34 -2 -42 -58 10 2 -69 -11 15 -19 -96 30 -44 22 -1 -7 -50 -54 -18 1 -96 -6 6 -16 -6 -47 28 41 -63 -34 -82 -113 -29 2 -2 14 -5 -32 29 -37 2 -70
-27 -11 -58 -33 43 -7 -31 -22 -35 15 -7 19 10 -108 -36 0 -33 -50 -35 46 -11 -56 -34 -12 -48 64 -58 -2 42 -55 19 -25 19 4 -4 -13 0 -3 -9 7 -19 -24 50 18 -31 -55 -36 12 26 -22 -2 -13 4 56 -7 -20
-31 15 -27 35 -82 -108 -26 16 -35 30 29 34 17 38 0 27 -1 20 26 19 53 24 27 -2 -19 -9 13 -4 27 -8 20 -91 4 -15 11 -12 35 -98 -7 28 22 -60 41 -14 -7 -22 -5 -13 4 38 11 42 -13 23 24 16
-43 24 0 -27 -36 -45 23 9 -2 -15 18 -31 28 36 26 -27 -49 -53 17 -24 23 1 17 -9 71 -25 -8 -7 -28 24 -28 42 -110 -13 -74 40 26 -35 2 22 -57 7 -34 -24 -14 1 12 -71 33 -80 -17 -128 7 -47 27 9
27 17 41 -11 -22 28 -4 28 -22 -7 8 17 -55 -77 -27 -16 33 12 23 6 -24 10 -5 -2 15 -26 -126 23 27 -11 25 -66 -28 -51 -17 18 -7 -36 0 12 -7 42 -31 -16 38 14 9 -12 -66 26 -49 -49 -4 6 9 -18
-1 64 -35 26 -50 27 -3 12 -27 -3 22 -54 46 42 28 9 46 1 -16 -27 53 -8 -28 -3 16 -6 -24 -29 -24 -16 21 49 32 41 16 -26 -34 -28 -14 -40 -8 -4 -29 11 -53 18 93 -72 12 3 6 -9 -3 14 -84 -4
43 -17 -16 1 14 -13 -36 43 20 21 -10 -8 4 42 4 -45 0 11 2 6 -21 -49 50 -15 -38 -60 12 -34 -2 -84 -15 63 -58 -10 -8 8 -33 -41 -6 8 -32 -10 1 10 19 37 35 -9 46 -30 -40 35 16 7 15 25
-2 13 27 32 27 -19 -13 11 17 19 -83 -39 33 1 12 -17 -42 3 5 -7 -23 -14 -77 -7 13 -16 -4 11 9 13 3 -37 21 29 -7 9 -65 -1 -6 -5 -10 -17 -42 -13 -50 -37 16 33 -11 4 25 -24 26 45 -8 20
5 13 -2 -7 -37 35 -7 24 -3 5 9 24 -39 -33 16 37 -16 30 1 -34 34 -3 20 -2 35 -11 -1 25 -33 48 -73 13 -57 -8 32 -5 31 -32 -8 24 -18 -27 -1 -36 20 -34 -45 -41 -69 -70 5 -23 32 6 -36 -28
4 -23 -7 0 -4 22 -29 -9 -35 22 -2 46 -8 22 -98 -10 21 3 3 8 79 -62 -52 -9 -60 -37 -12 24 -34 -59 34 64 -13 31 -33 -33 -33 -67 -7 -40 -18 -38 -25 2 -32 27 5 -39 -41 -6 -10 34 -68 -2 -12 13
-30 10 -11 -21 18 20 3 -10 41 -68 -68 -28 -17 39 12 46 -16 -98 77 7 -8 -54 -7 -2 29 -76 6 -7 -77 19 22 -57 13 -10 -16 -2 -66 -29 -16 -57 -7 -43 111 -13 -32 54 -11 -44 -21 -15 24 6 36 10 49 14
21 -113 6 -40 39 12 27 49 18 11 0 0 25 -22 3 -26 -8 30 -44 40 34 -8 -6 -4 20 -2 23 17 -37 -8 -61 11 23 -3 -24 24 8 22 -4 12 -22 30 -52 -40 44 -28 -34 -14 -27 36 -4 -15 -42 -12 20 -42
9 -17 -9 -9 -128 -3 41 32 11 5 -34 15 -29 -58 -25 11 -8 -46 4 -32 20 15 20 -7 -5 -18 46 42 30 15 -72 11 -4 -54 6 19 19 6 -4 -12 6 0 -21 -11 25 -33 -18 3 -58 -16 -24 16 41 -15 -16 0
14 27 10 -34 0 3 19 -39 -1 33 -31 3 27 12 -47 -5 47 -48 40 20 -8 1 -12 -13 32 6 -6 -41 36 41 40 -12 59 82 29 2 22 2 -12 25 27 19 16 55 -5 -46 -26 -8 11 -16 26 5 -43 -56 21 28
35 15 50 42 31 -38 1 -49 29 -9 -94 -13 -3 9 48 -12 -76 10 2 -22 -27 -54 -36 -2 39 -28 30 4 -28 24 -7 -5 -72 -37 -29 44 -26 -41 6 -35 8 16 -30 16 60 -7 21 -12 9 -11 40 -1 -2 -20 -83 -9
-71 -47 -22 -30 -77 -1 32 39 -29 -24 18 -28 -11 -87 -58 1 -38 -50 -77 -72 8 -4 -29 -26 3 21 -1 35 -23 9 -17 -48 16 -10 8 -50 -17 -36 -1 16 14 44 -25 -17 -24 -38 2 -13 -38 33 13 -85 -17 7 15 -3
-29 27 -5 -13 -8 5 -67 47 25 -25 -32 -7 18 38 0 13 -17 -20 -15 -37 -26 -9 5 -12 27 -1 2 -14 -26 31 28 -8 28 41 -50 10 -93 37 -4 23 -5 -52 5 -5 -35 -6 -22 -15 -23 38 -4 35 -51 5 -45 -9
-33 -30 -2 19 -48 -38 -8 -107 34 13 17 -53 12 37 34 -17 -16 21 27 -32 -6 -63 -21 -4 48 11 20 42 0 33 -8 -34 -35 -16 35 -64 -15 11 -3 -51 -21 -67 -31 -83 28 -55 17 -15 6 -23 -65 1 -32 8 -49 -13
-34 -68 -45 20 12 -32 -58 -47 13 -6 -9 -63 -19 37 -11 -28 42 -32 46 -57 5 -49 -55 -1 66 -45 21 -36 -79 0 4 -84 51 35 -42 25 -53 -44 -6 28 -14 55 -3 5 -65 -55 -29 -27 27 45 -65 51 -10 7 27 -13
15 16 24 9 -40 -1 24 -48 44 -30 5 -52 11 4 20 -57 2 -16 -10 -6 29 -63 -31 1 7 22 50 -39 -11 -13 -15 -31 -8 53 16 -25 -50 3 -3 11 -31 5 -9 -43 28 -73 24 0 29 -64 -11 -32 -67 -74 -19 -30
-14 -32 -20 23 -3 13 4 24 -22 6 21 28 30 55 -50 -24 6 3 9 11 -35 -11 -53 -10 34 -51 30 12 -16 38 1 -13 54 -23 -48 32 -13 29 -9 17 20 16 -59 30 -66 -14 4 27 -15 32 -7 22 -10 -8 -49 27
-21 -15 -18 16 -11 -75 -87 29 -37 7 -50 -58 -3 5 2 -1 -7 28 -14 -27 -29 -23 22 0 -3 -128 -37 -3 71 21 14 -57 5 -3 -6 5 -44 -46 -4 -27 -39 24 -20 8 -21 3 -42 -17 0 -7 37 -16 -23 -13 -43 -7
-71 22 -1 1 -40 24 -103 0 -47 36 -15 -34 15 0 43 -28 -39 1 2 -55 3 55 22 -16 24 34 17 41 -23 11 36 -35 -18 -30 38 61 -76 1 -3 -28 51 25 -52 -42 48 -32 14 -43 6 -11 -6 -24 59 43 -19 -4
-22 8 5 -17 -43 -43 -10 35 -80 43 -32 53 -30 -4 -34 17 -15 -105 -30 14 -4 25 20 -4 8 16 6 7 37 -38 10 -46 12 8 40 47 39 23 -13 21 6 38 -50 -7 36 -6 14 -11 -70 -7 39 -26 48 -15 -13 -13
0 32 -74 22 -49 -46 52 7 -36 16 11 -42 -17 -67 4 19 32 5 6 20 63 19 20 -10 47 -29 -29 -11 6 53 -42 10 -17 41 9 -42 24 -43 -1 -21 46 22 40 -32 1 -22 6 4 -15 49 16 51 8 -37 -34 -33
6 -18 -58 -17 -84 6 -66 7 -7 11 -14 1 -42 -89 -10 38 -31 -36 -34 24 -13 5 17 4 -10 9 36 21 8 -62 -9 36 -24 42 13 10 -11 15 -17 23 -22 -17 5 1 -67 1 0 -33 -27 -17 24 3 -27 22 -3 -26
-41 38 -3 32 -128 -1 21 28 -78 -3 14 13 0 -128 12 -6 -9 5 -5 33 25 2 20 -17 -52 -3 -8 27 19 -10 -2 29 20 5 26 -47 -8 14 -16 -1 -7 -21 15 -20 6 -35 22 -18 -74 1 4 11 -8 14 -9 -10
-18 -38 -7 2 -113 -13 -21 -4 -11 -22 11 -24 -51 -57 -3 20 9 29 -3 7 11 54 10 0 9 23 -13 13 -38 -15 18 -12 9 -23 16 -22 0 -10 3 24 -31 -37 59 20 26 4 19 -4 49 20 26 27 -9 -26 -5 32
5 26 -28 21 -88 -10 -40 12 -46 -7 -4 18 -36 -128 26 -14 17 62 -8 2 24 8 35 -1 2 35 -34 -35 41 -69 -23 20 -57 -37 33 -29 -73 -14 -3 -19 18 -88 1 -2 -18 43 -40 30 -6 14 -13 17 5 18 -1 24
-27 28 36 -40 -128 -50 -27 -62 -61 -21 -4 53 78 -56 14 -14 -62 0 27 2 -24 -60 -1 -12 39 -36 3 -83 -30 35 15 -5 8 -3 -8 -8 9 -15 -4 3 -88 23 -22 32 7 37 47 17 -13 -21 -37 23 30 -21 -30 -6
-82 9 -14 17 -96 30 10 -23 -102 0 -12 -4 -69 -3 -6 -24 -35 -3 -13 -22 7 29 -15 -5 -28 -10 12 -19 -16 -44 -21 -37 18 -27 13 -13 44 -43 -4 15 39 -28 -10 -69 40 -3 -9 -40 -84 33 -59 33 -15 -14 -27 8
26 1 30 12 -33 5 4 -21 33 -38 -20 -21 -95 -43 -13 -30 0 58 8 -25 -34 0 21 7 -1 -4 20 -50 10 20 -62 -6 -51 27 -34 74 -32 21 2 -61 -23 2 15 28 -37 -36 -1 -18 72 10 -31 1 24 -20 0 15

-77 -29 11 17 -104 2 -10 69 -78 -5 -15 23 30 -88 7 -79 -2 65 -18 26 14 -13 10 -2 55 3 20 28 -13 32 9 55 19 27 10 -27 7 -4 -1 -7 50 6 33 -6 6 -24 -2 43 -73 -28 25 35 20 8 24 -25
-128 31 -25 -6 -103 -25 2 -12 -128 -50 -9 34 -31 4 -48 -14 9 -11 42 -22 0 7 32 -6 -8 -15 -84 26 -69 3 6 -60 33 -22 -14 -33 24 -49 -12 12 27 33 -37 17 36 -30 -52 13 -97 13 -33 -12 -31 63 10 -26
-48 6 37 41 -100 23 -20 35 -92 7 11 21 -21 26 45 -17 -12 4 2 -25 -9 -4 16 7 -10 6 18 -22 -8 -68 49 -21 -7 10 -3 -42 16 -19 5 -41 14 -41 14 -23 35 34 -35 -36 -38 88 -37 56 33 47 19 18
-53 -13 -62 40 26 5 58 -48 55 10 17 18 -13 57 1 14 52 -41 -29 16 93 -29 -10 0 70 72 36 47 -18 -70 -14 -5 59 -67 -77 48 -65 -10 -1 14 57 13 35 7 -81 -37 9 -6 40 47 49 27 12 22 -44 -23
1 -39 -11 -19 65 -72 45 -7 8 -32 45 -79 3 21 8 -5 26 21 -28 -40 -4 -18 -2 -5 -46 -5 -29 -13 -11 31 -9 -24 27 26 8 -12 22 -41 1 -71 -1 -72 -75 -22 -43 -6 23 -33 14 -35 18 -127 11 15 -34 -19
9 -17 -62 -6 -28 19 22 -64 6 -52 2 30 26 -34 -30 -67 93 -40 72 5 -80 10 41 -12 36 8 -11 41 36 -61 -13 -17 12 -28 -45 38 0 -17 0 14 26 21 -19 12 -17 -45 12 37 10 -71 18 -19 -9 13 -6 -46
12 -5 -47 -4 51 -19 -56 -60 -26 64 9 -10 3 97 -82 -5 -2 22 -33 -64 6 43 -29 -15 -50 -21 -18 8 -10 -26 14 -56 58 37 -31 22 -104 -13 3 -16 35 2 10 -10 -92 -10 78 -89 -13 26 9 -37 -6 -12 39 14
29 -33 15 -29 -43 -10 -26 -25 -99 -1 79 -46 37 -33 15 14 -7 -22 -32 39 -38 -6 41 10 -59 33 -64 -8 -11 16 34 -2 66 18 31 -15 13 0 8 -10 33 42 -20 -19 -8 33 -13 -9 21 1 -16 -40 37 44 -10 28
-43 -5 6 -29 47 4 6 -113 26 10 -4 15 7 -36 -28 -45 -7 36 -13 -61 -21 14 -30 -10 -17 -30 -9 -25 -25 -22 16 12 -9 -1 -22 -12 -12 9 8 24 23 -15 -2 41 12 -24 -7 37 27 -2 17 -34 -7 -20 7 -14
-88 -18 4 -16 -53 -2 5 -22 -29 -45 0 -28 16 -12 -31 -30 13 21 1 -9 -32 2 -2 -5 -67 28 10 10 -50 -39 -15 -9 40 20 -8 -10 14 -33 -3 -15 -11 -15 -26 21 -1 -47 12 -43 -48 -12 -23 -35 -3 29 -3 -30
-25 30 31 14 -58 35 31 -32 7 23 -13 15 -38 -68 -12 1 -54 36 20 26 -17 -11 35 -10 -71 6 2 49 60 -104 -3 -24 -12 39 -5 -54 32 46 -12 -1 10 19 15 -15 12 6 -27 -28 26 -29 52 -63 -1 13 30 11
2 32 46 14 -7 7 3 -31 -15 -23 21 -30 38 26 34 23 28 49 68 -101 39 -8 35 5 58 17 42 22 -56 25 -5 -32 -22 -26 43 -27 7 2 5 -46 -17 -111 -1 -35 47 -21 49 11 18 -1 41 2 -28 20 -46 17
18 -54 -94 57 32 -10 4 -41 0 -33 3 15 -57 -23 -49 -59 14 30 -56 3 -59 11 -19 -14 10 15 -13 -14 22 -24 -15 -14 -29 11 -38 -29 -50 -36 -6 -57 -49 -7 -12 -27 -52 -50 -5 2 50 27 9 -4 -9 -34 2 -11
40 -80 50 -42 12 -42 -47 -34 28 10 32 -20 -8 14 -4 -101 -11 -34 -28 17 7 -10 -53 -8 9 -43 -60 -30 -49 28 10 -28 -35 -89 45 -54 21 -68 8 13 -17 17 -33 0 -20 23 42 12 14 -29 14 -14 -56 1 12 42
-3 51 -103 -7 59 -2 35 21 3 1 12 -30 -41 -79 -41 22 -21 -51 -31 3 -62 -16 18 -7 4 8 -28 13 -8 64 35 6 0 -50 -54 4 -10 -19 0 -37 1 5 29 4 36 -43 4 11 15 -32 19 19 -18 -58 -8 -76
-14 17 -12 -44 20 15 -2 25 -4 -5 0 -18 -40 -15 -52 -16 1 66 31 65 -100 -53 -65 2 8 -88 -7 8 -20 48 -23 49 3 -102 -35 -7 18 -38 -5 -14 16 14 -96 40 -67 -31 8 19 77 12 -25 28 2 23 3 -37
-9 14 26 4 -6 0 -13 2 22 56 -3 58 -48 -13 -20 18 -22 -46 20 3 -22 29 -9 -15 22 -39 22 -28 -9 33 -19 32 16 -14 12 -21 9 40 -3 24 19 -2 32 47 54 45 9 17 19 -19 -34 -10 10 13 40 -1
-9 -20 -69 1 1 17 1 20 -11 6 -15 -13 -66 18 11 -8 -53 13 76 6 14 -1 16 -5 -15 -39 31 -29 3 -9 -22 39 -38 11 -46 9 -11 12 0 -42 -2 -7 10 38 -17 19 -6 -62 -12 -1 25 12 -22 -8 -19 -71
1 66 -35 0 19 -12 -38 -42 -14 13 8 19 7 -44 -49 -2 -12 -32 -19 -3 3 -18 -18 -1 -26 24 8 -27 1 29 5 27 -22 30 -22 27 -53 3 1 23 20 15 35 8 -17 -50 34 10 26 -6 -65 -11 -44 10 -22 46
71 31 -2 -4 -22 55 -23 21 -58 30 21 19 -57 -80 -30 68 12 -33 -5 51 -3 24 26 -8 -6 -52 -87 24 17 -100 41 -86 13 18 24 13 34 10 -12 38 -2 -19 -14 41 28 4 4 -11 -128 -12 -45 32 43 59 45 -14
6 -31 11 -1 35 2 -117 62 9 15 3 -54 -18 7 16 -27 11 1 -18 -74 50 12 -41 -4 18 -13 -29 40 -59 -38 24 -31 23 -9 16 23 34 -16 -5 23 1 31 36 11 24 30 -28 -26 20 18 -42 20 39 -18 -22 40
17 -128 -14 8 -29 -125 0 -37 -4 -71 24 -38 -17 -15 -58 -11 -18 4 -36 -15 -3 -33 -80 -3 39 9 13 13 -42 35 18 -98 -29 34 -22 -10 -19 16 -4 39 -23 17 -9 44 -43 -67 22 -4 -11 -24 -103 -25 22 -43 25 10
-9 127 27 -19 38 -38 2 -26 12 23 68 44 39 29 37 -69 10 46 79 -128 46 -112 35 -14 46 -39 41 44 -39 -93 -10 -20 -38 -54 47 4 -19 6 -2 -16 32 -5 4 -70 -73 -9 -25 27 -6 14 22 24 -15 44 -65 -54
31 43 -28 -39 -67 -39 51 -53 -26 -65 11 -19 -12 -21 65 -54 -37 12 25 -38 -4 22 39 11 -7 -9 15 -15 34 -6 6 -11 -57 -60 1 -30 38 -29 -9 -25 -80 -18 -3 30 -13 -23 -35 28 26 7 36 -7 -17 38 36 -14
-76 -28 -11 -33 -77 -38 23 -17 -12 -100 -10 -26 -58 16 4 -44 -53 -35 -12 6 -63 -31 -11 -6 -50 5 11 4 -10 32 -30 -45 -29 20 -102 1 -27 -52 -7 -69 12 45 -67 -2 -45 -30 -5 -10 -31 55 46 6 -12 -5 -30 -35
-14 8 -80 -39 -17 36 -1 -46 -54 3 16 5 39 -31 0 -9 -11 -23 -60 62 -36 11 -2 -16 -65 32 -60 -3 47 -6 0 8 -6 -29 24 19 43 6 -6 -10 63 -14 41 13 -10 12 -116 22 -6 -42 -27 -38 -81 34 -9 -1
-46 -22 38 75 -40 -89 -11 35 -1 36 47 21 12 20 -2 61 -12 10 7 -66 75 19 7 -10 -4 -42 -7 42 -6 -128 18 -67 18 18 21 34 -3 -56 -3 49 -31 -84 81 7 8 24 38 -67 13 27 22 78 -25 18 63 29
-37 0 1 -29 51 24 37 -65 31 -6 26 -26 23 75 -7 -36 -10 -51 -15 -1 17 -5 3 5 65 -66 -7 -16 -87 11 -19 -15 -45 66 -69 48 41 -34 6 43 33 36 -54 -41 7 -2 43 -90 2 -59 28 -128 27 -23 -4 -10
36 26 5 20 -21 34 -12 -35 -27 9 -35 7 -47 -32 -9 50 7 0 62 3 12 -10 2 1 5 -1 -69 -26 34 3 -16 -50 -12 -94 44 -39 21 -40 -5 18 -17 -24 -10 -40 65 -19 -13 -71 -128 -6 -8 -13 11 26 11 -30
-1 44 0 67 -1 -21 -10 -2 -2 -34 9 -36 6 47 14 -9 61 41 7 -90 3 36 -26 -18 -8 56 -3 -2 -41 -99 48 -41 41 15 1 8 -26 -36 -5 -19 1 8 8 16 -38 27 81 -84 29 7 35 -8 -59 14 -30 17
52 -53 -111 52 26 2 -39 -119 3 43 -8 11 15 31 -18 -52 31 5 -8 26 19 -33 83 -9 -12 -25 0 -15 -31 -81 -18 36 -44 -43 -1 13 15 -29 -4 -5 -21 1 18 -1 -5 -30 31 -15 64 -1 -65 75 11 -29 0 29
-34 30 12 52 33 -38 -11 -39 28 9 28 -10 31 16 -87 -7 -35 11 -78 54 -24 6 -55 2 -13 29 -43 48 2 -68 24 -37 -18 26 -8 -20 -75 0 -14 35 -32 -23 12 -71 -52 -10 -42 37 -13 -22 29 -65 -109 -27 -46 15
9 19 30 47 -84 41 -7 -1 -8 -34 -10 1 -11 -33 -31 46 -10 28 57 -41 50 4 23 4 24 -35 31 -18 -7 4 -65 10 -50 -3 13 -6 44 -17 -3 18 -19 9 18 -25 31 -42 0 -25 -59 -46 7 5 17 -21 -13 14
12 -11 -15 -7 -35 32 -7 -70 -20 -45 12 40 -5 50 -112 -128 54 -18 -10 -29 88 -20 19 1 -48 -15 -38 -9 -32 -14 74 62 -63 24 11 -128 -5 -57 -12 -43 -49 -8 -7 -55 -42 9 -3 -81 -48 -25 -5 12 -50 -16 -66 15
-58 46 -34 93 19 46 13 -35 13 -73 -23 -52 -9 33 38 -28 -16 -90 17 45 20 -98 32 0 18 66 23 28 -54 -2 40 -27 12 -5 60 -21 -94 -24 -7 -9 -32 -40 127 8 -65 78 -22 -62 -33 13 76 25 -18 31 -26 -20
17 -95 -39 -29 27 31 54 11 21 29 3 33 -1 -14 -35 -41 -28 34 -39 59 1 11 -43 -1 -12 7 -8 40 13 -31 -55 59 57 -40 9 6 3 19 -12 23 13 58 -95 -24 25 10 -13 -5 -43 41 3 -8 -32 5 29 -14
7 -2 -20 6 -101 -4 15 -32 -1 -7 -14 26 -71 -105 -3 30 0 -46 -15 -19 -2 27 -5 4 -24 23 35 -18 7 22 -66 -8 -10 -13 -17 -6 11 12 -3 -23 19 -22 -24 -3 28 -6 -3 11 -128 20 -55 17 47 31 -2 7
38 1 -10 5 5 8 24 -28 6 18 30 -20 -14 26 -26 9 43 -57 33 -17 33 -5 43 -15 18 32 14 -15 24 -10 39 27 11 45 59 7 38 13 -12 22 28 14 24 51 -8 -15 -40 -9 52 -8 19 16 -53 -22 2 5
17 -71 12 11 1 -34 1 5 22 8 -52 25 8 -2 -34 -10 -64 24 -24 -72 -63 -40 -20 -4 16 14 -8 7 -31 5 -2 -2 -63 -4 -60 50 -10 -50 -1 16 -38 -4 -9 2 49 -24 11 -71 40 0 46 16 5 -26 -52 -33
-17 -26 -38 15 -16 24 34 -73 -32 -96 -1 20 -29 -105 -87 -48 24 -87 -6 27 47 17 -3 2 -70 -34 -70 6 32 0 -43 -18 3 -28 -20 -20 -6 -85 -9 57 20 7 -52 26 -31 -59 -9 12 -21 -6 23 -22 7 22 6 53
-20 47 27 45 -16 -27 -6 18 -6 -26 -1 40 29 42 -92 -22 22 -11 -54 -42 -41 26 -45 3 37 3 14 31 -75 39 7 -27 44 -3 -26 23 -53 46 -2 8 27 40 33 -28 16 -7 -50 -55 -33 -20 6 18 -59 8 32 4
-86 -126 16 28 -25 -48 -12 -53 26 6 3 -35 8 20 -41 -23 -18 24 -45 -3 -35 -40 -27 1 51 36 19 14 -22 17 21 -92 -52 -3 -33 -17 0 10 -9 11 -14 -37 6 -53 3 -39 -7 -7 20 -9 -35 3 -38 -10 -58 -6
-29 -112 -29 35 69 -52 -48 -16 33 31 -15 -93 -37 47 3 -44 34 2 -44 -60 28 -89 -31 2 22 -18 7 -8 -113 -91 5 -19 6 16 -7 41 -54 32 4 -46 -19 22 28 -14 -8 -38 -104 -17 -17 99 -57 62 51 -5 -17 39
23 5 -39 -26 -128 3 24 -44 40 -21 -21 -55 32 11 45 -37 -14 -7 9 -37 31 -18 4 12 1 5 42 -6 11 -28 32 15 -20 57 31 10 -12 4 -1 7 -42 13 2 -33 66 -47 -32 -9 34 -36 15 -37 -96 -40 -6 -79
8 -57 -102 41 -27 -15 29 25 25 5 43 11 12 -2 31 16 -12 1 29 24 37 27 5 6 27 30 -29 17 34 37 -23 -43 44 -61 10 -22 2 22 0 3 59 8 -36 -11 4 -10 7 -10 19 27 9 26 -17 20 -65 20
-50 -24 -8 14 -15 -91 -49 13 -27 16 -51 -63 25 -5 5 -28 16 20 31 -49 -19 -21 28 -4 7 -49 -10 17 6 24 32 -66 1 3 5 -29 -49 -32 -2 -34 -48 -53 -11 -21 -23 24 23 -26 -8 -40 37 -32 -28 -40 -1 -12
-85 60 68 32 -12 17 -13 14 -40 8 2 -5 -21 24 9 -11 22 -3 -40 -22 19 62 -14 -7 14 -5 28 -13 2 15 46 -3 -2 -10 34 20 -65 10 -5 12 41 -18 37 8 15 -68 42 13 -32 -23 22 -34 48 38 -10 -32
4 10 -14 41 -27 -21 23 -22 -13 43 -12 28 -45 -59 -31 -51 6 -16 -62 50 28 36 -7 -11 -47 33 -64 42 55 -128 41 -35 39 -7 69 12 15 -24 -10 39 26 -7 -26 1 -12 3 9 19 10 11 25 5 2 23 1 14
-22 -3 -84 24 -17 -59 39 3 -42 -3 0 -9 -11 -28 7 -26 -10 1 -2 -4 62 23 10 -2 23 1 79 -2 -30 -57 -45 -32 8 40 1 50 41 -20 0 25 12 18 18 -43 -17 14 -29 -30 0 46 64 34 15 -57 4 -37
14 -27 0 -29 -52 4 -6 -2 25 26 -31 -12 -17 -58 -23 42 -11 1 -53 -22 -17 -44 18 -4 14 1 -13 62 20 -78 -5 22 -30 66 6 -18 16 10 -7 18 -5 -5 5 -8 -53 11 -30 -9 -51 -10 2 -28 21 -9 -16 18
-7 54 49 31 -121 -4 -2 -8 -128 -26 -18 52 25 -128 7 11 -8 -12 44 29 -5 31 16 -13 -7 -26 -3 45 18 -54 -10 9 42 -27 14 -3 5 22 0 1 41 -3 14 11 38 15 1 -11 -128 -55 -9 -13 40 48 35 36
-20 -95 -30 -10 -101 18 8 25 -13 21 -6 -8 -32 -71 23 24 -45 10 16 4 -39 61 2 0 24 43 56 1 -52 -52 19 5 6 -84 10 21 9 75 -16 36 -26 43 15 27 54 16 11 -12 48 29 31 -2 4 -47 16 -9
0 20 -18 -21 -98 -13 -26 -25 -74 18 15 -15 -44 -128 35 3 -8 20 -26 11 11 28 26 -10 -37 17 25 -5 13 -72 -16 25 -52 -28 50 -17 -35 47 -9 -27 25 -67 -16 6 -35 43 -23 2 35 16 -7 -22 -14 -2 2 34
-40 0 7 -6 -128 -70 -29 -64 -58 -44 37 9 34 -39 -14 28 -15 32 14 -49 10 -44 -15 -1 36 -21 37 -76 -23 22 1 38 -12 -4 7 -15 -2 -2 3 2 -35 -33 23 26 15 24 15 19 -18 39 -6 15 -18 4 0 16
-53 1 22 11 -96 9 -9 -20 -59 -24 -4 -9 -45 -55 -29 -78 19 -3 21 9 -18 39 -47 4 -50 35 -4 -33 -27 -77 12 -54 37 0 34 -22 26 -41 5 10 10 -58 -13 1 46 38 -35 -47 -78 40 -32 53 8 10 -34 1
51 9 -9 11 -74 15 28 -57 -5 -46 15 -16 -24 -20 12 -23 21 41 48 -17 -3 5 42 -16 16 12 25 -33 36 21 -35 10 -31 14 3 -7 -6 14 -8 -98 -16 -9 40 25 -28 -10 -33 4 72 32 8 6 -19 -1 25 23


