4 -20 75 -4 -7 1 -6 18 -12 -10 -5 -21 18 -23 26 38 21 4 -29 9 -14 35 10 22 8 22 -41 -25 28 7 -26 8 -6 5 12 28 67 1 16 -10 23 19 20 8 3 -7 1 -10 31 9 -35 21 25 -26 -26 52
0 -7 -9 -43 14 -62 -15 -23 -25 19 -33 -27 -41 -17 -16 -8 -20 -15 16 -6 12 -50 -13 -23 -3 -8 9 -7 8 -14 -3 3 36 -17 -20 -5 -43 -8 -67 2 27 -23 38 -40 19 -28 -4 -17 -36 -47 35 36 21 16 -25 -13
-5 -49 35 -3 -53 8 -44 4 -56 -22 -8 -37 -8 -8 17 4 -14 -11 39 -2 -55 20 7 12 -14 -11 -16 -70 -44 23 -8 24 38 -6 7 -26 -14 -22 18 -96 4 7 -33 17 -28 -11 -26 -25 24 -14 -35 4 7 -43 41 38
-35 -44 -25 -43 19 34 1 33 28 -7 20 -2 -34 12 -47 11 -9 -15 2 -3 20 -24 -16 -25 -18 -55 -11 31 -18 -46 -19 -16 -1 -25 -18 34 7 -49 -33 31 -3 17 5 -68 -10 -21 -19 0 0 -29 -7 -25 -49 -15 -9 -21
8 -13 16 -45 -9 -64 -22 -92 32 2 -25 -1 30 -27 -27 8 6 -20 -9 -24 23 0 -38 10 -29 -70 12 -15 -17 2 -31 -13 -35 -19 16 -1 42 -77 -26 -43 28 -5 3 51 4 -13 -5 -15 36 -45 -3 -15 -28 -39 -11 -20
17 -12 -6 32 2 -30 55 36 13 53 14 35 32 7 -29 28 -21 -9 -16 -11 8 21 8 23 -5 37 -37 52 7 22 -12 37 54 -4 33 0 -32 7 9 32 -2 52 51 43 56 -16 4 -2 19 -11 -19 32 25 16 -1 32
39 -12 -30 -30 -7 -60 4 -28 20 42 -6 12 23 51 26 -6 -29 27 56 -3 16 13 -12 -17 11 28 10 26 21 7 27 45 58 36 4 8 -21 -45 -36 -39 2 -45 64 -25 13 8 47 18 36 8 22 -20 -15 9 -4 19
-2 -28 -6 -66 20 -42 27 -10 -13 -29 -15 -27 -12 -4 -18 -6 -19 16 -28 -22 -15 42 -9 -6 -8 -7 -7 8 -48 -32 -30 41 -32 6 6 2 -6 -29 -33 -24 -44 -23 -65 26 9 4 -11 -6 12 -7 -30 -27 31 -19 -21 -17
-38 -32 -38 -47 7 8 -52 -17 6 10 -11 -13 6 9 2 -21 -27 20 -25 -44 -2 -2 -27 8 -32 -25 -25 -5 -1 -4 -41 -18 15 -45 -61 -7 -36 -20 11 -32 -18 -20 -35 9 3 2 -7 -2 -29 2 -5 -9 13 -16 -9 -25
9 -16 -11 41 19 -9 -19 -81 31 14 10 26 23 0 -48 32 -2 -20 -3 -41 44 -80 19 1 -9 -27 27 -4 -38 35 27 -35 -59 -10 -18 10 -37 -18 20 -38 -8 2 -43 14 -19 -5 -64 -29 -56 -27 25 -27 48 8 19 -2
-8 8 -2 -59 -21 45 -50 25 -32 26 -23 -22 11 -9 -5 -8 -4 15 30 1 -13 12 22 -57 -8 -28 -12 -32 26 -10 33 -2 20 -1 -84 5 -41 -9 -88 -28 -2 0 -62 -40 -39 -32 -15 -36 -40 14 -20 -58 -20 -32 6 45
-7 -14 -31 24 -46 -17 -30 -41 9 -31 64 -58 -14 61 -65 -49 15 13 39 17 -38 0 68 41 25 -30 -70 -25 28 -18 -52 -27 -12 -9 -14 -38 -8 13 21 -35 7 11 -13 -28 -38 -14 -1 -14 4 -95 -18 -48 -18 21 2 -11
-37 27 55 32 4 -7 -38 24 20 -39 16 -23 -16 -15 16 20 20 -12 39 -3 6 -2 -2 18 23 1 22 -30 -12 54 -2 -14 -32 -59 -50 19 2 -28 14 -32 40 -14 -13 -13 18 -24 -24 6 4 35 6 32 -4 22 23 43
0 -24 -14 -31 -11 5 51 1 -65 -56 19 -6 -6 50 -31 -17 -13 19 -66 -11 -2 -22 -6 -20 3 -4 9 8 -21 9 6 -74 -39 11 22 -54 1 -64 -12 -98 -11 37 -19 -19 2 -33 -37 -47 -5 -21 -32 -36 -19 -56 -44 -37
-12 -27 -19 -2 -17 24 -33 15 -36 -74 -12 -12 14 15 -30 35 14 28 -22 10 -8 39 -39 -38 20 -3 -16 23 -15 -21 4 -41 -65 -65 27 -22 -20 -10 2 -35 23 9 -2 33 9 20 19 14 -15 -26 -51 22 -52 8 53 14
-5 -4 -32 -14 -91 8 -78 -5 29 -32 -3 -10 -8 -25 0 19 -11 -50 -1 9 -46 7 -21 -85 -27 -76 4 2 -19 -12 16 -19 -32 -34 -13 -23 -3 -12 9 -1 -27 14 -22 -20 14 8 -48 41 -23 -29 -31 35 -16 -6 17 8
-22 -18 -9 21 -30 -8 38 -3 40 -25 4 14 -6 -12 -23 49 1 -4 -15 36 -45 15 24 101 -3 9 -39 -26 16 -2 -32 11 25 -89 9 -16 18 -6 67 -45 6 39 31 -3 36 20 26 -2 32 -22 29 3 13 86 22 3
-26 -16 47 -19 16 -12 1 -12 -7 -3 8 14 24 17 -6 33 33 -33 46 10 -19 -2 13 -10 16 -11 -13 37 -1 13 -33 0 -2 -6 -23 -32 31 0 -8 -43 26 -2 54 56 -6 36 4 9 31 14 -13 47 -5 -28 43 -22
-19 -19 -14 -71 7 18 -45 -21 -26 8 -12 -7 -16 -30 -14 -2 -8 26 -47 -39 -49 -12 -50 -49 25 -86 -30 -16 9 -32 -48 17 -5 -6 9 -35 39 -27 -11 24 -17 1 21 -8 -29 -7 -38 -20 0 -33 -38 -3 -56 -41 -9 -23
11 -54 -1 -22 -25 -29 42 7 17 20 -31 -2 -63 -53 22 -32 -24 -9 -1 25 0 -14 3 11 22 -58 -4 -18 -9 -7 -33 1 17 -55 10 -33 -45 -34 39 -46 42 -44 24 -94 -3 11 -23 27 28 -20 -27 6 37 45 -7 -35
34 7 -9 -14 1 -36 4 -29 12 -14 13 -21 -13 57 -35 -23 -16 -27 8 -11 -42 27 -13 -11 3 -67 -45 -56 -41 -14 -42 -31 -66 -13 23 -12 -21 -48 -16 10 -6 -15 -13 -11 -43 11 -43 1 -17 -35 23 -25 -5 -14 -18 2
-22 -24 35 11 -61 7 -7 19 -37 3 -15 13 -15 -41 -21 -8 -58 9 -11 16 -27 8 32 30 29 -41 1 38 -36 -21 -25 -31 -41 -18 3 3 -54 1 41 -16 16 29 21 -16 15 -84 -18 -3 -28 -41 -15 -12 -12 -74 -31 -15
0 -30 -22 -4 29 1 11 1 -25 6 -16 12 8 41 18 -3 -33 -2 -13 -37 18 -73 20 -77 -23 -11 25 -8 38 30 22 3 5 -25 -10 -37 9 -77 -27 -3 5 8 -11 6 17 -5 10 -4 16 -38 43 8 36 -7 5 18
-4 9 14 -32 9 2 -5 -41 -18 0 3 -39 17 2 -14 -42 22 -11 25 19 -10 -15 53 8 -21 -42 -15 5 -4 -7 -21 -29 -2 -19 -34 -22 60 12 7 -12 -13 -5 6 1 28 -28 12 -2 16 -5 -2 9 -10 -49 -10 5
-6 -8 7 -43 -34 -76 -28 -55 7 43 -29 0 -46 -31 -23 -8 4 13 1 -29 -29 -29 -28 -8 -51 -26 -18 -22 -29 -7 -9 4 25 -11 -21 -1 9 -67 -18 -48 11 -41 5 8 -7 -44 -12 -33 -23 -77 -1 1 1 -51 -19 14
-31 -14 19 -32 -65 -21 -10 -31 -18 -9 -54 45 -13 -18 -10 19 -53 6 9 36 -32 -2 -4 76 -25 52 -25 -50 -35 0 -27 -32 -4 -79 -29 -10 -62 -42 21 -41 9 53 -46 41 2 -22 -19 -48 -28 20 9 -64 21 -27 -39 -1
11 33 -29 -41 18 4 -12 3 -15 9 -13 -2 14 13 -26 1 -2 -18 1 -27 -13 -51 11 -48 5 -10 -29 -30 5 -16 16 -19 20 -24 -9 -52 10 -1 -47 6 26 12 -29 9 -6 1 4 18 19 -63 40 -31 -9 -21 -22 -10
-17 5 31 40 -6 1 -60 -17 -13 -56 22 -41 -27 -12 -16 32 -19 -34 -8 -18 -18 -6 -29 -61 1 -24 -27 -40 6 -17 -15 -4 4 -70 14 -51 -45 -31 31 -21 61 19 -25 -5 -52 -2 -30 -33 -5 19 -2 -40 -28 -5 0 33


