-13 -27 51 43 -47 14 2 -86 -2 -5
-53 74 52 26 -5 127 -55 -36 -48 -16
-19 55 93 -33 -51 -18 35 -14 -54 -13
21 90 -68 -43 -68 -88 -36 -16 -32 57
-70 46 -60 9 -4 -9 1 -49 101 72
13 -75 -75 39 13 56 -35 10 -85 5
62 -40 30 -38 5 -78 -28 -33 60 7
18 -12 -12 -19 -12 -48 92 0 -63 -18
12 85 -76 -46 10 -21 18 -8 38 -34
8 -11 -43 -50 21 -54 -2 -48 80 -1
80 1 -17 34 -47 20 -31 4 -32 -27
-70 -19 -1 -21 -55 15 66 40 66 40
1 34 23 41 74 -12 23 -33 -72 0
55 61 -25 -36 -78 -59 -43 -26 -78 115
24 17 -43 -18 -46 -1 -82 44 -100 67
-107 -38 59 28 0 15 1 17 -29 -14
-43 66 -50 18 -23 55 24 -52 -42 29
17 -79 53 -12 71 19 28 -8 -23 -39
13 112 -50 -56 -60 -68 38 47 -3 -27
2 -53 -69 60 -35 -16 -77 50 2 82
-71 101 -51 8 -68 33 3 -53 15 77
-10 -61 -55 18 23 45 -26 92 43 -28
46 52 80 -45 -109 36 -43 -34 -3 29
-10 37 -3 -6 -54 -13 -60 -9 83 72
44 -58 -2 -1 72 -4 -7 75 -47 -39
40 -53 89 -34 2 -37 -59 43 42 -97
49 -55 -26 17 -56 117 -19 -2 -88 -9
25 -19 -10 46 -35 27 54 -16 41 -22
56 -46 -72 53 23 -22 -12 -40 18 59
-29 -58 25 -28 28 13 -60 61 -84 -19
32 -4 -66 79 -43 -34 -62 -49 54 -8
-35 4 -56 58 54 -48 -38 -9 10 -53
45 -35 -19 -39 18 -29 -67 -22 85 27
-3 -25 -18 -65 -28 -43 -10 19 63 70
-33 37 -26 -17 127 -40 -9 -33 -6 23
-128 83 2 1 26 -11 0 54 -73 -11
-15 -68 17 -8 37 27 46 -30 -83 -29
10 -59 -46 -39 -15 -16 59 -65 2 -90
-11 -17 -39 10 44 -38 -58 9 5 49
-82 -69 -28 -7 9 10 -2 -12 -99 -98
19 -3 40 -23 -2 -15 -24 106 -52 -31
60 67 27 45 35 -25 -37 -66 38 10
52 43 -19 -67 -38 -56 62 -62 35 -13
-43 -56 40 75 3 -23 44 -34 -46 -66
-61 -47 -24 -38 -15 -37 -20 12 31 127
77 19 71 -22 14 -63 -35 -53 1 -33
-36 -13 45 -34 41 13 -6 -26 -31 -30
-32 36 14 -7 21 27 -68 -18 92 63
-75 -16 -77 32 -49 51 9 -11 42 -37
-13 69 22 25 -84 30 -13 -17 85 20
5 14 -70 -51 38 12 -66 73 39 45
-1 45 27 -14 -58 -30 76 -22 43 21
41 -60 17 25 76 -25 -84 47 -11 -67
23 55 43 -59 96 -53 -52 -16 -1 -68
-45 -33 39 28 -26 37 -31 9 -49 1
18 -44 38 37 -35 32 -58 12 -47 -33
