-23 -26 22 25 17 -26 19 -10 26 -11 11 13 -1 10 37 -11
-25 -22 -12 1 -19 -8 37 33 8 -16 -13 5 35 -25 -4 -13
-21 7 27 -6 13 2 -44 6 28 26 28 -20 24 11 -9 -12

0 -9 43 33 -27 -7 -14 -18 -23 -17 -30 38 -2 36 43 -24
8 3 21 28 -34 -14 37 31 -34 -4 -9 -20 -13 9 -28 8
3 13 13 -10 -28 20 13 -36 -56 1 -3 -11 -18 33 -21 -45

-4 -8 14 11 37 -7 4 -36 -24 -4 -19 -11 -20 1 20 -24
-1 -9 -9 36 9 11 -1 16 -19 -33 -11 0 0 -20 -37 24
-15 -8 27 17 7 18 -29 9 -14 -8 -44 27 -11 -11 -9 -44


2 -22 -15 53 -13 -26 -17 -21 -15 12 -4 40 39 -25 33 -10
5 -3 11 23 -27 -1 27 -12 -49 -30 -4 -8 48 -14 -16 -38
-1 -24 13 25 -14 26 -36 -5 -44 -2 27 -5 47 -32 8 -42

-24 8 -4 -73 8 6 -28 -2 88 -13 -12 -8 26 2 35 -42
-16 20 -3 -92 -53 20 41 30 95 -26 -11 -55 6 -26 -51 40
0 -8 18 -67 -7 51 -4 -38 85 -32 -8 3 1 4 -22 -47

-15 -16 -18 -2 54 -2 -32 16 11 36 -29 10 -19 26 37 -32
-19 -41 -27 -4 6 -29 32 38 15 -5 -7 -21 -25 28 3 34
-18 -26 5 -8 11 22 -8 0 6 -13 -21 -4 -43 27 1 -10


6 24 -10 -12 -13 -24 -9 -7 -1 -15 -22 20 -9 6 -19 -15
-2 -7 5 -8 23 -13 27 -6 -21 -13 -4 -32 -17 -30 20 -27
-3 24 -26 46 36 12 -6 -38 2 -22 25 17 -1 -12 6 -19

3 41 -21 -29 16 -18 -26 9 -23 14 11 9 5 -20 -39 2
4 46 -28 -11 -14 11 -17 22 2 -3 2 -33 -15 -27 -35 25
-2 41 -38 -18 43 27 18 -28 -8 11 38 25 -31 10 11 -53

-1 28 7 -8 3 2 -12 20 -36 6 17 -33 -7 23 -12 -26
-24 -7 -4 28 -9 -21 -3 2 8 46 0 -3 -5 -6 30 22
-26 4 -21 35 -17 -21 35 16 -11 43 20 6 11 33 30 -41
