8 -14 -9 11 17 -9 -6 7 -8 8 13 15 -7 13 18 11
25 -39 10 -7 8 -17 -31 17 -7 2 -24 24 -11 -5 17 14
-34 -18 33 -27 -45 -7 7 29 -19 12 16 -24 -22 -49 -11 -12
31 8 1 12 25 49 7 22 -18 -17 -15 -16 -15 13 -3 -7
-59 -10 -12 11 23 -11 1 -17 -25 -17 -6 20 7 2 -2 -13
-4 -17 16 -11 -34 -1 13 -17 10 -1 -1 -5 16 -16 -2 17
23 41 30 69 26 4 -9 -20 9 -4 14 13 18 -8 8 6
-10 -14 -37 6 4 14 -10 -3 -26 40 12 8 -2 -45 -12 -23
-54 -9 3 18 -23 -22 -18 -24 69 23 14 23 -18 7 39 -6
58 -57 -3 11 14 18 -48 -10 -26 4 -6 -21 9 19 4 -30
1 -24 10 5 1 8 -26 -9 -21 6 -23 -10 -79 2 -13 12
-24 -8 -26 10 29 -2 9 6 2 -14 9 28 40 8 30 26
-31 -9 -27 -7 -9 7 -18 17 3 -2 -2 16 25 -5 -2 20
-14 -6 39 0 9 11 11 14 -16 -2 41 -36 3 -41 5 -68
16 -20 33 57 29 53 19 -3 -1 -24 10 6 45 -7 -38 -32
32 71 4 23 6 -11 -6 -23 -22 -26 -5 -51 -19 11 49 -23

2 -18 -22 3 -17 -3 -8 2 -6 -3 17 6 15 16 14 -2
16 1 20 -16 8 5 -25 4 -18 15 3 -47 -46 26 -29 -12
-11 -44 0 -16 -5 -3 -7 -26 7 -20 -16 -45 7 -8 -19 5
22 -1 -28 8 53 -56 -21 1 21 -72 -36 38 14 -1 57 -3
1 15 -51 26 20 5 3 1 -29 36 -48 20 -4 11 22 30
7 10 -9 12 -27 28 -1 -23 10 23 10 -22 10 5 -30 -27
11 21 -7 18 22 -17 11 -14 -2 -35 14 -1 12 -12 23 -19
9 6 -24 -3 -2 -1 1 19 -33 22 10 -11 -21 -21 4 -1
-36 -5 37 14 5 5 10 6 2 23 55 -42 12 3 -13 -37
64 -10 -7 -4 28 -20 -42 -2 -42 -16 -23 20 -4 12 -6 -8
20 13 3 -1 -7 -26 -42 5 -15 -15 17 -16 6 -27 -23 -15
-17 24 19 13 52 -15 5 -30 11 -40 -31 22 64 -6 -47 6
-27 -28 48 2 -10 -43 0 -22 20 -22 32 10 1 27 22 -18
-16 23 -3 6 1 -19 10 20 8 -14 -3 12 -3 -12 -56 16
-15 -37 -38 38 23 -37 18 26 8 -39 29 54 51 -15 -1 34
34 83 -9 10 -6 -42 -20 4 -44 -10 -13 -7 13 2 -21 -17

-1 11 13 4 2 6 -19 16 19 -20 -11 19 6 -8 9 -8
39 16 0 11 19 8 -44 11 -13 10 -1 18 -27 8 9 0
-15 -100 -15 15 -7 16 5 -16 5 36 -16 -30 7 11 -30 37
-1 0 46 15 42 1 18 -24 37 1 9 -54 47 8 -10 -9
6 4 13 35 20 -3 13 32 -31 -30 -2 -11 -3 -25 -17 -1
23 19 -9 4 -34 -11 6 -3 -5 7 5 27 18 -19 -18 9
17 -37 1 -10 46 13 6 -27 19 13 -17 -27 10 13 32 2
-11 14 26 -21 -28 -34 3 14 -4 1 10 -17 0 -12 35 36
3 -6 -31 22 -12 -1 26 29 -27 -41 -40 17 5 -33 33 30
4 -48 -7 -55 15 -49 -4 -21 -22 -37 -28 -14 45 49 -3 7
-18 43 -32 -12 7 7 -19 -4 -7 -27 -15 7 22 22 2 -8
-5 7 -6 30 44 -6 -1 -46 -6 -24 2 -23 21 8 -71 -25
-20 -11 -14 28 -12 2 9 -52 29 9 16 -29 7 39 4 -21
-29 -16 -28 6 5 -4 16 13 8 -13 -41 3 27 -32 -13 33
-24 -20 -16 49 36 9 49 -9 18 -49 -31 -20 8 -14 -34 21
6 1 16 -1 -17 -10 4 -9 -20 -29 30 -6 -13 6 5 -6


8 -1 -6 16 6 8 2 -8 -15 -8 7 -1 -2 11 3 11
18 -38 -2 16 2 -31 29 -25 11 5 16 0 -41 -21 18 20
-12 42 -16 5 -21 11 22 -7 43 -17 17 -10 17 -22 -16 -19
-43 -3 31 28 -31 46 -2 27 51 -45 47 -4 -8 0 -34 -35
26 -5 18 -38 -11 23 18 -11 -15 16 16 -23 7 -35 -16 -52
-11 -1 -12 11 17 -19 1 -62 -14 2 -18 -6 -4 10 3 9
-30 43 -15 43 -11 -6 -1 13 29 -14 -26 28 -4 7 1 30
22 3 -26 -6 -21 36 -16 24 19 14 -10 8 -34 -48 12 12
1 -3 -27 12 37 0 -19 -18 -59 10 -73 33 -15 6 37 38
9 5 -7 5 7 33 9 24 0 14 -8 -18 -13 24 8 3
38 -25 -1 35 -7 20 23 16 -15 -20 -19 1 -38 -12 -10 16
22 28 -14 -34 -29 -8 30 15 31 0 18 -15 8 19 27 -2
-7 -8 -36 0 -3 -12 3 -3 -14 9 -22 28 0 16 -5 32
8 19 9 3 -12 25 -11 28 -1 -36 -11 -8 -20 -40 22 -46
0 18 28 -27 18 24 -41 31 -11 -37 -5 -20 48 9 8 -19
31 64 1 -24 -20 -17 19 3 -23 -26 7 -35 7 -3 43 -19

-15 -15 2 0 0 22 10 9 -6 1 9 -6 5 3 -5 9
35 -22 -2 8 -22 41 2 -3 20 -11 -14 -65 -45 22 -7 -16
-28 32 -1 1 -18 -17 28 -60 21 21 12 -12 15 17 0 -26
-28 -10 -46 25 -40 -86 22 -40 49 5 11 37 17 11 21 31
3 -7 -21 6 15 -24 4 33 23 -38 19 -5 16 9 -8 24
20 12 -7 21 22 31 -15 8 -22 13 -17 -28 3 -8 4 -9
-13 28 -15 20 -21 5 -19 -29 9 20 13 -6 8 -28 30 -60
1 22 -46 -23 -27 -40 -23 3 16 8 8 20 -39 -31 2 -18
25 18 44 5 35 25 -77 24 -56 -1 3 -51 -1 5 -33 -63
-46 14 -5 1 37 -29 -32 -16 3 -41 -24 3 19 4 -19 -21
0 -17 -8 25 6 -29 -2 -19 14 -10 14 -27 5 -41 -2 9
5 49 12 -56 -2 -25 32 -27 6 17 0 15 34 -3 -16 19
9 4 -3 -21 -5 -15 -14 -87 -22 31 -45 -1 7 35 33 21
-26 49 39 3 -10 -6 10 16 20 -8 32 9 -3 -29 -50 -24
-19 40 10 -30 31 -70 -65 -8 4 -31 31 7 42 19 24 1
49 89 -12 -1 -1 -11 -15 -18 -25 10 -8 -15 3 -3 -29 -4

-12 -6 -11 -10 16 -6 1 4 -4 -11 0 10 9 9 10 -18
32 19 -11 9 0 -15 5 4 27 -29 -13 26 -1 -4 15 -14
50 -5 -3 -21 -32 8 19 -24 13 -7 15 20 -15 -28 -12 19
-37 -8 31 -14 -39 39 18 -12 -11 11 -22 -65 9 14 -2 6
27 8 17 23 -7 -3 -25 -5 18 -38 -6 0 9 1 -35 -10
-3 35 -6 30 15 -27 0 19 -20 -27 21 34 6 9 -14 -18
-4 11 -22 -30 -27 13 9 3 20 39 6 -11 -19 -14 31 -6
7 30 18 -24 -13 -10 -34 -13 24 36 18 -12 15 -25 18 11
-5 7 -7 -32 21 -29 -29 9 12 1 59 25 18 -4 -11 9
-14 9 -1 -6 31 -5 -4 16 -11 -27 -39 -24 18 22 -7 8
-4 16 10 6 11 26 -26 4 6 20 7 5 39 -2 -19 -25
-6 45 5 -29 -8 17 12 -7 -9 0 -17 0 -12 1 -36 -22
-24 7 14 -5 -6 44 -13 -21 -37 33 -9 -16 -17 10 -5 -20
32 5 -39 -11 -19 -5 3 -4 2 32 19 3 14 -24 24 36
-39 41 -28 -10 14 42 -9 -33 -15 24 7 -58 -6 11 -12 30
20 0 -5 -10 27 -20 16 -20 0 -4 19 -3 -2 -3 5 4


-5 -18 -3 -11 -13 6 -8 14 -9 7 12 -7 -3 -10 10 14
21 -63 6 15 -10 5 -12 23 11 7 -2 20 -44 -15 4 4
-26 12 11 8 29 -10 5 -9 -32 33 29 22 16 -2 -56 -4
-20 1 8 18 12 -15 -31 -18 -35 35 -35 -12 -1 2 -37 -38
25 -8 21 -35 -35 37 -7 23 11 0 -22 11 -30 -44 21 -22
-7 -17 29 24 28 13 -17 -14 -8 0 23 4 -33 -15 18 20
-16 -21 -23 12 2 -10 -9 8 -42 -2 6 6 12 21 -45 91
-2 -37 16 -15 0 -1 29 20 -12 0 18 -6 -22 -5 -13 12
34 -37 -29 -2 -26 26 32 15 26 -46 48 -13 0 6 4 34
-73 -15 -6 -40 -36 17 17 16 -1 53 25 -6 36 -3 13 -8
1 -38 16 -49 12 -14 20 11 -6 1 -28 15 14 15 21 16
31 2 -6 4 -48 -4 -21 26 -21 29 -13 -9 -3 1 56 6
21 -59 23 22 1 0 19 -45 -6 25 26 -2 -2 20 -42 -2
-4 -7 -6 3 6 0 -33 19 -23 -28 -14 -9 -14 4 40 5
-1 -31 6 -60 -42 -17 17 0 -9 3 3 -43 8 -7 -27 -10
19 -5 15 -18 2 -21 6 21 -25 -8 22 -52 9 -20 26 -5

4 3 -17 -3 19 -8 14 15 -8 0 -16 -9 -10 2 -16 9
6 -45 -16 0 -3 17 32 -10 -16 -8 12 -27 2 27 -24 28
-12 29 9 5 44 15 -14 0 -40 -11 -16 26 -1 6 -38 -35
-19 -2 -25 -13 6 -11 -46 -11 -80 43 27 40 3 9 2 -22
-1 15 21 -42 -34 -56 -25 3 40 15 14 4 -22 8 6 4
12 11 -16 43 -1 1 11 11 17 -18 -1 -31 -4 7 7 13
1 5 -31 -18 17 -3 -20 18 -24 21 -46 20 7 9 -20 -31
2 10 -65 13 0 -22 7 -38 13 17 -42 9 -6 1 -22 -17
16 -16 -21 -20 -30 4 39 20 36 -52 -64 -30 20 15 12 3
-40 9 -19 -13 -31 -2 24 -10 3 39 41 10 13 1 21 -13
10 8 -43 -26 3 -3 48 -35 15 50 -27 -2 23 -29 19 37
24 11 -5 -15 -32 7 -1 -23 6 40 7 8 -11 0 12 15
21 -40 -17 -4 -6 -13 -1 -18 12 5 3 11 -28 12 14 40
-20 15 31 -5 1 -11 -17 -1 -7 11 -21 -5 4 -6 -16 -43
29 17 21 -92 -43 -25 -49 -11 -10 19 -25 22 -23 19 -25 -19
44 61 -17 -1 -11 -23 -10 -21 -12 0 10 3 -10 19 -14 17

-8 -7 -17 20 -12 -14 -10 10 -21 7 -12 -9 -15 -5 -8 1
6 0 7 -1 2 -17 29 9 -29 -9 6 28 13 16 -7 -18
-30 -9 7 4 13 -23 -50 6 -32 -2 -18 5 -23 -37 -40 8
-25 2 -15 -28 -8 41 -7 7 -49 -21 20 -32 3 -8 0 34
-1 -6 4 24 -5 28 -17 -27 -5 41 16 6 -20 30 8 22
-1 19 4 43 0 -8 -25 42 9 -1 -14 10 2 -25 -12 -5
-3 -8 -53 -59 -6 1 -30 32 -18 -12 29 -12 -17 25 4 -57
27 22 8 14 20 36 -6 8 -23 -4 -6 -10 13 -16 12 -11
7 22 39 -13 -12 -16 -27 -17 20 50 -12 5 19 -12 -8 -17
28 7 8 -9 -25 9 24 18 24 11 -16 6 -12 -18 17 5
-18 13 14 12 7 10 33 3 -4 2 -27 -2 33 13 26 -21
-1 24 26 -26 -22 24 4 10 -30 35 11 11 -35 -3 -3 20
7 -45 -6 1 0 23 -3 -7 22 -12 -17 -11 -15 21 -8 -26
23 -5 19 5 17 0 -11 16 -4 9 4 17 -26 -48 -11 24
37 6 2 -26 -42 36 -31 -12 -9 22 -1 -29 -59 -16 -49 -17
9 7 5 -23 -7 7 0 23 -7 -17 -4 2 -14 -8 -4 15


