-6 -35 -17 -16 -5 -10 -13 18 -20 10 -26 -19 4 24 -56 -20 28 2 11 6 16 -3 19 -14 29 -16 -1 -30 9 -1 9 -3
-18 12 -7 15 -20 -47 -9 0 13 -13 30 -32 -32 -11 -36 40 3 -13 -23 -2 -49 -11 5 -12 -2 -27 -6 -36 -42 -15 -32 16
38 12 13 1 -13 19 -21 -19 13 23 0 24 0 -15 -4 38 -13 0 19 8 -22 -17 26 4 -4 1 6 -11 7 8 -25 6
-5 28 7 -2 13 -25 8 20 2 -2 -15 -26 -16 -48 29 37 13 12 14 -25 -3 -13 -29 12 12 -26 -21 14 -13 3 -19 -4
-6 6 -11 -11 14 9 9 -2 12 3 26 -48 -7 2 -30 22 12 -44 -4 4 2 2 -4 -18 4 14 -22 18 9 -58 4 -4
4 -5 36 12 -9 36 1 13 17 3 -62 0 1 5 -3 5 -6 3 -17 -43 9 14 -16 12 13 -19 18 -4 20 2 16 22
-38 17 11 1 3 -11 -18 12 3 -2 41 -47 10 4 -3 -40 -3 -2 1 21 41 -11 4 -12 -55 -8 -22 -18 6 -14 -48 6
-9 -12 21 -11 -14 28 -9 -27 22 -61 24 15 -17 -9 -32 -1 0 -11 -3 -2 -25 -7 -6 40 19 -22 -19 -1 7 3 4 1
14 3 -17 -4 10 36 25 -3 11 -26 -7 -12 22 15 4 6 46 -24 12 -54 17 20 -17 11 -50 11 12 2 20 -39 18 -7
-26 -5 15 18 -42 25 -12 29 10 5 30 -13 11 -20 -4 -1 21 -32 -5 6 7 -25 -10 0 8 8 2 -13 -27 -14 31 -8
-31 41 3 36 -11 -13 0 3 -9 20 15 24 19 -2 10 14 -20 -20 27 23 -16 3 54 -2 -17 30 -5 27 -7 -18 -14 9
21 -12 41 -5 -2 -2 -36 -8 -15 2 -24 3 -5 8 11 36 19 5 -23 -13 -15 16 9 -28 6 30 9 4 23 -11 -10 16
-24 8 27 31 -1 6 -6 8 -28 17 9 11 22 -39 27 -4 -28 2 -3 -11 24 -10 -51 17 12 -39 18 3 -11 26 -13 12
-7 6 12 -37 21 18 -1 -4 22 4 -17 -4 -5 -3 -42 -9 -2 6 -17 28 -1 1 43 5 4 -3 -24 -33 10 3 -15 -6
-11 -26 25 13 -3 -13 39 5 16 -12 -9 -7 17 27 5 11 0 20 38 5 -33 -10 -18 8 0 -9 -16 -7 -16 -58 29 18
-19 16 37 -14 12 3 8 -9 0 23 17 8 8 -20 3 14 -10 -10 5 22 19 7 41 49 -20 6 -6 0 2 14 -39 19

-14 -34 -9 0 15 -12 -27 -29 -4 -6 9 -43 -1 4 -25 -2 20 -7 23 -17 6 -15 5 -8 -23 -26 44 -52 18 -17 -6 -10
2 18 -10 38 7 4 -46 13 -16 9 29 -42 -2 2 -54 10 21 -23 -17 23 15 -3 -39 0 1 -9 -12 -11 13 -28 -4 12
35 31 -3 22 -2 -37 -42 1 8 21 3 32 -57 10 -12 6 -5 -45 44 21 4 6 7 37 3 -12 -14 1 -10 28 -28 -8
15 -14 19 34 3 1 -20 1 -6 22 -6 -10 3 -19 0 57 13 -19 31 -7 -11 -2 -49 -41 19 12 -13 8 16 -55 26 -5
7 -9 7 8 14 6 -13 11 13 -9 12 -2 10 39 -9 26 18 -50 1 -16 -17 -13 -16 -3 -25 -9 12 23 18 -79 5 15
7 -4 22 -25 9 21 33 -18 11 -22 -21 20 -18 -22 7 34 -5 3 -5 -26 -14 6 -44 13 8 13 25 -14 -48 -2 -13 30
-40 -8 -6 46 -5 -75 -58 -10 -5 8 -8 -17 3 29 -11 -44 19 -5 7 21 40 -16 1 -9 -61 -65 -3 -11 14 0 15 7
-37 -17 14 -39 9 21 15 -17 10 -31 36 25 -20 -29 -23 -17 -7 1 2 8 24 2 -19 32 9 24 17 12 -18 -19 -27 19
-6 -22 -1 -5 13 3 22 4 36 -8 -20 27 -25 23 -1 -12 18 -4 16 -42 30 23 -13 21 -125 -9 19 -22 5 -28 -4 -9
-18 -16 14 29 -1 16 9 18 4 -2 16 -20 35 -14 7 28 10 -1 -28 -24 -9 -40 -16 -3 -45 -51 -10 -37 -37 -49 37 4
-64 40 18 26 16 -79 -15 15 -11 5 3 19 16 11 -8 1 13 -43 24 44 -5 -35 8 30 -19 -11 23 12 21 -13 -21 5
1 -20 7 -8 2 1 -9 8 -7 11 -4 -9 -18 5 11 19 -9 7 -10 -7 -22 10 -24 -4 14 14 -11 -2 -24 -41 3 45
-2 -4 37 -18 19 55 -14 15 -10 40 26 29 -2 -16 4 -1 7 -2 -25 -9 2 8 -45 -2 10 -29 18 -8 -12 40 21 -2
-29 9 8 -29 39 -2 17 -5 -7 23 -36 -12 -29 4 -41 10 -7 5 14 4 -35 9 15 15 11 -28 -1 -14 -44 19 -11 -17
-12 13 11 30 14 14 36 -5 -25 14 -22 -23 19 13 -42 -1 23 -2 24 -7 -28 35 -27 7 18 -8 1 9 -14 -61 6 24
-49 18 6 -13 24 -50 7 23 -11 -32 18 -11 1 -50 -7 -18 17 -2 -2 30 0 15 -5 38 0 -21 -13 5 -23 1 -25 30

-53 -6 5 -6 -26 -26 -63 -11 11 -8 22 7 -17 7 -30 -47 8 26 -22 15 45 30 8 -1 -5 -27 -7 -5 -9 31 -29 -18
-1 22 -18 20 -21 4 -34 11 -4 -25 19 -1 15 -27 -13 -31 -12 -30 -11 -4 18 11 -40 7 11 -49 15 25 15 -46 25 14
28 -15 23 2 -1 -24 -48 7 -7 3 -1 16 -45 17 -1 -26 -8 -53 4 -12 26 -29 -33 12 12 11 47 -16 47 22 19 -14
-1 -54 0 28 -32 -18 -1 9 -39 -10 13 10 28 -57 -18 38 23 4 1 -3 0 6 -13 -33 -12 -4 -26 -3 16 -34 14 8
14 -16 -7 9 -19 1 -4 -13 -10 4 -21 42 6 20 0 2 17 3 -15 12 19 23 -2 -19 -9 -34 -15 20 4 -72 -10 -7
31 -23 -21 11 -17 1 26 -12 2 -16 26 6 -10 15 18 22 -34 14 6 -1 13 -16 -7 19 9 33 18 2 12 -6 -47 47
-4 5 17 34 -7 -86 -6 6 5 11 -48 6 16 21 9 -34 20 -18 10 -15 40 13 -8 14 31 -54 18 0 25 14 17 0
4 -37 14 -25 4 -15 11 -10 9 -6 39 2 -36 -21 -1 -16 -5 40 17 22 28 -28 11 27 -17 24 -10 4 -11 -6 -28 27
-1 -11 8 19 -3 -26 4 -15 16 14 -3 15 -14 35 -10 -6 -15 21 7 -3 22 39 17 16 0 -33 -2 -7 10 -20 -12 9
-16 47 -12 43 57 17 18 0 33 14 -24 28 37 -32 16 21 8 -2 -9 10 -27 -6 -4 -17 16 -37 -21 -11 -47 -7 -3 9
-30 16 9 23 -11 -37 -14 4 14 -19 31 16 -18 19 -9 -20 -2 -47 13 3 -6 -6 0 12 26 -21 54 -15 23 -5 9 -26
8 3 -30 49 13 -23 1 -20 -5 -2 -6 10 24 26 32 20 2 -9 -39 4 -27 24 -26 -6 -1 3 -1 -24 7 -38 -6 38
20 -19 21 -20 28 -2 27 19 -1 25 9 12 6 -58 9 -8 7 9 -35 33 -10 19 -60 2 -15 16 18 13 -6 37 3 15
0 13 -7 14 20 -8 0 -7 19 -18 -6 -4 -37 -24 -35 19 -18 -18 -3 5 15 -19 8 -9 23 -16 17 23 -29 16 13 22
16 34 18 1 -42 -17 -1 6 -19 -21 20 -24 29 -41 -11 -8 16 -4 30 30 31 6 -51 30 11 -32 -26 9 -3 -32 -13 34
-19 -20 -19 13 9 -53 19 4 -4 -26 -24 -4 27 -20 9 -15 12 -35 2 0 28 -16 -14 12 26 21 23 -7 22 -4 7 0


-19 4 11 -36 19 0 -3 18 16 12 -30 -51 11 0 12 -22 -9 -1 23 8 2 3 13 -30 -19 24 -12 -17 9 36 -17 -18
-9 -15 -11 14 28 -9 -2 -8 27 -35 -21 -14 1 3 -24 12 7 -33 3 13 -48 3 -9 -8 10 17 12 -37 -46 -36 -15 -11
14 46 -1 -21 -11 0 2 -14 34 -5 -17 -22 4 -7 19 6 4 7 -11 8 -13 -20 -6 27 0 17 5 -15 -25 -17 -34 2
12 62 17 -14 44 -9 -12 -5 44 -8 -36 -23 -11 -5 -6 10 3 -12 27 10 -24 -13 4 21 10 25 -36 10 -19 13 -44 15
29 35 1 -5 38 -24 -39 14 48 -7 9 -109 7 19 -4 20 -5 1 21 3 -33 11 26 -41 -21 30 18 5 -3 -73 -3 10
-24 9 -16 23 -15 23 21 21 27 -16 -67 1 -5 -22 20 -13 18 2 -57 -33 17 27 20 13 -12 11 14 -1 15 15 5 -59
13 24 0 -16 -12 -21 1 1 6 14 12 -52 -1 13 0 31 -50 -19 -6 -9 -4 -40 -33 21 -28 4 -5 22 14 5 9 24
0 0 1 -18 4 20 -13 -17 23 -60 7 -7 8 -14 -23 -46 1 -7 -10 10 20 -6 -1 1 2 2 3 16 13 1 16 -45
17 22 39 -15 -7 -16 12 -6 34 -6 6 -58 10 -5 5 1 -34 -12 16 -67 -7 -10 -24 -14 -41 -12 2 -8 24 -3 -16 3
-4 -39 44 -25 -33 10 13 33 -21 27 -3 -37 4 11 0 17 16 19 16 -25 -8 -57 15 -10 -17 -3 10 23 -23 7 40 -1
-6 51 -9 29 0 -35 6 -4 11 8 1 1 19 43 22 24 -23 -8 28 49 -79 -51 39 29 -31 33 24 11 18 -17 -50 6
-38 -10 10 -17 -1 10 4 25 3 -2 -60 27 -13 0 12 4 -13 -38 -44 -11 -3 23 16 10 -4 29 0 15 20 0 5 -30
9 -2 10 41 -17 3 -31 14 25 11 -20 -29 7 -22 1 27 21 -5 -18 -9 32 -34 -38 -17 23 -8 -12 -15 -11 12 44 -20
-5 -11 5 0 -33 1 0 15 4 40 -72 -7 21 -33 5 0 -15 8 -32 -14 2 14 -9 17 -22 -17 -21 21 2 20 12 -17
-26 -13 6 11 -4 6 15 4 16 3 -14 12 20 23 -6 -22 -45 10 -9 21 -21 -6 14 -13 8 28 22 -14 23 8 16 -5
-23 38 -52 15 -30 19 5 1 18 22 -19 -24 7 -22 -2 14 -14 28 -72 6 -2 24 -4 14 14 5 7 30 -13 26 -28 -16

1 -45 18 -76 26 -29 -27 1 13 0 10 -32 0 0 -6 26 -14 42 7 -20 -13 -14 5 -4 -97 -5 1 -59 24 10 -32 -17
4 0 -23 48 5 5 -4 0 -2 0 14 -11 41 24 -20 18 43 -34 9 18 -22 23 -36 -7 7 17 0 -8 7 -14 12 -31
-8 29 -47 0 5 -17 -27 22 30 -45 -26 22 -29 15 9 -12 35 -68 -3 37 -6 -19 10 32 -4 4 -17 13 -40 11 -45 15
25 -11 27 -7 27 31 -29 -1 18 20 -4 -12 48 2 -22 8 29 4 24 -20 17 -26 26 -43 13 32 -55 -8 19 -32 33 -1
32 -45 7 -1 46 -3 -84 13 34 5 -10 -18 -4 7 -16 31 13 36 23 -31 -24 -10 31 -17 -116 2 18 -11 9 -75 39 18
-9 15 -112 -32 -5 12 14 26 1 -110 -15 29 -55 -64 -12 -19 16 13 -94 -85 6 22 13 25 -1 17 7 0 -51 31 15 -58
1 -48 -29 27 8 -78 -56 21 3 27 -29 -9 5 13 27 9 -41 -8 -4 40 -4 -10 -25 -2 -128 -78 -28 23 7 -10 37 21
-29 -12 -6 -57 -31 10 16 36 -8 -33 40 25 -15 -41 -32 -34 -12 47 -46 -17 22 11 6 21 9 32 -22 14 -23 7 20 -34
34 -31 30 -3 -18 -48 22 36 1 7 6 -21 -20 19 12 15 -35 38 19 -103 -20 -19 -14 21 -128 -21 9 -10 28 -18 7 -4
-6 -60 2 12 -20 -19 43 4 -31 -19 4 -50 27 -38 -31 54 9 21 10 -32 -42 -74 27 -26 -85 6 18 -3 -20 -29 20 3
-7 13 -32 47 -32 -96 -34 28 11 7 15 20 34 4 40 20 18 -25 15 69 -33 -64 20 27 -80 1 13 72 9 -6 -11 3
-42 -5 -49 -28 -18 5 20 39 -18 -4 3 14 -25 -22 -9 3 17 -22 -44 -38 -5 31 5 -13 13 29 -4 21 -44 15 29 -14
36 1 12 4 -16 -2 7 33 15 32 1 10 -55 -10 -5 14 46 -2 -14 -45 19 8 -13 -18 -7 -16 -15 24 -31 9 58 -13
-6 18 -20 -56 42 -36 34 13 -32 14 -52 -11 -24 -5 19 16 13 21 9 22 -23 5 27 46 -2 7 -15 -3 -40 12 -28 -19
-34 30 -15 21 28 41 14 3 5 -13 -34 17 49 36 -10 -20 -4 8 -19 12 -19 61 -1 -20 14 26 31 -37 -5 4 20 -10
-43 11 -128 1 46 -32 -2 50 -4 -1 -23 6 -11 -80 35 -33 21 -31 -89 34 9 39 24 15 17 -15 -11 56 -27 -1 9 10

-31 -60 25 -111 -16 5 -3 2 -31 -2 -3 5 -16 -11 -2 -14 -3 33 -35 17 6 11 -8 16 -50 -5 -21 -36 22 49 -46 7
1 -2 -22 39 -51 8 12 -2 23 -2 29 13 5 -21 -7 -3 3 -30 12 17 27 -15 -54 -8 20 11 18 35 -17 -6 11 -13
-22 -10 -12 22 -25 7 -53 22 20 -35 -1 13 -59 4 10 -50 20 -26 13 36 5 -29 23 -33 -8 19 -10 -5 -1 6 26 28
-1 -61 2 -10 -51 5 33 -14 -23 13 35 38 62 -24 -48 -35 19 -8 -11 -2 19 -1 35 -30 -16 6 -38 -28 30 -21 25 8
-3 -25 11 -33 -23 5 7 -16 -23 21 10 59 -5 34 12 -27 7 37 -8 1 17 27 20 -7 -3 -7 -9 18 10 -36 16 22
9 -21 -67 -2 -66 3 19 22 -7 -85 33 18 -57 -33 -3 19 -8 19 -48 -42 -11 3 39 22 -10 49 -6 -5 36 7 -9 15
13 -39 7 -13 31 -47 -8 -13 -6 24 -34 18 -4 7 29 -29 -22 -5 20 29 2 -4 -15 -2 19 -54 -8 -6 19 46 19 27
24 -47 -37 -31 -41 -31 37 39 2 -10 63 2 -48 -52 -1 18 22 23 -20 0 3 -31 24 13 0 13 -14 16 12 16 4 28
11 -23 21 -18 -13 -18 12 1 -1 -2 -10 38 -16 26 24 33 -51 45 4 -67 -64 7 19 21 -51 -16 8 1 32 -10 -24 20
-5 -4 14 20 23 12 -9 -27 -36 -6 18 21 22 -38 -12 32 -1 22 1 0 -38 -19 3 11 -33 14 25 -23 -7 2 -33 19
6 -20 -47 33 -17 -90 -47 25 14 15 18 19 -9 31 21 -22 20 -7 26 40 -12 -43 49 5 -5 -46 18 38 -1 0 45 23
14 6 -50 11 -40 -20 -16 1 -15 -21 17 -9 -7 -19 -8 26 2 -17 -48 -19 -9 18 7 -33 -8 21 4 -11 20 -21 -2 15
41 2 24 -5 33 -51 29 24 25 15 18 8 -66 -15 4 -19 17 -4 -1 -29 -30 2 -25 -13 -9 37 -5 -14 -31 -3 -15 -10
5 6 -11 -29 47 -16 3 -14 -7 -22 11 -11 -50 -11 -18 -5 5 17 14 6 -8 -35 15 1 5 19 20 -6 2 -13 -48 4
-18 56 -36 18 -34 16 -33 -3 23 -39 -9 33 42 -37 -4 -21 9 -41 8 14 17 24 -6 -13 14 -6 -13 -20 5 7 -14 -12
-9 -21 -128 -20 13 -28 -8 28 22 -22 -15 4 5 -50 -3 -33 29 -12 -7 25 9 -9 14 -22 25 12 4 -15 2 15 27 14


-9 38 26 -33 -18 8 -18 19 30 15 6 -22 -12 9 -3 -20 -21 4 12 35 12 9 0 -27 32 21 -18 10 12 12 -53 3
-17 -4 -8 -25 9 -2 -24 -12 -17 16 -23 0 -18 37 -34 -26 12 9 -19 21 -38 -11 -3 10 19 -16 -30 25 -10 1 -5 22
11 45 19 -15 -28 -9 37 13 -14 0 -50 -11 42 22 21 -13 5 11 -19 -6 -13 15 -51 8 -1 22 5 -4 -13 -37 8 -42
9 64 14 -20 16 -12 -32 15 35 -9 -21 -27 -33 -4 31 14 -4 0 -22 10 11 1 9 23 6 -8 -45 22 -35 15 -52 8
37 23 -9 -11 -4 -31 -27 -11 22 2 -6 -49 -1 2 10 -17 -55 24 -1 21 -70 10 -7 -17 17 11 12 0 -32 -15 -21 -8
23 17 3 33 6 -2 -19 16 -5 0 -19 4 20 17 26 -3 24 0 -8 -13 5 9 26 -14 -19 9 3 -29 4 17 -15 -128
1 -12 -21 1 -13 0 -3 15 32 -2 7 -22 -4 10 -19 14 -14 -6 31 -4 17 11 -32 20 26 -8 11 3 -15 10 36 7
28 23 35 5 33 9 3 -4 -33 -18 4 -1 17 -5 -14 -15 -10 18 1 28 14 -31 27 17 20 -15 0 -10 -5 -14 1 -22
6 14 21 -33 -8 -33 26 -3 11 23 2 -48 14 -18 -17 19 -67 16 13 -27 -45 9 -5 26 -2 6 41 6 19 4 15 3
-7 -13 12 -27 -6 -10 0 15 -51 40 1 -13 -35 1 6 -7 -19 11 33 5 -29 -9 15 -3 -2 -3 5 19 -5 -7 13 13
3 32 10 -4 -12 4 -2 -9 -22 37 11 19 15 26 -24 -30 -3 13 14 -4 -33 4 5 13 20 27 -1 -9 28 -25 -16 3
28 28 -4 38 9 16 -10 22 20 -7 -47 21 12 56 14 -15 -41 1 -54 -6 34 28 -3 -11 24 -10 22 -8 10 -7 30 -56
13 0 2 -20 -22 -2 2 7 14 -15 -32 -33 26 -7 3 25 4 3 27 -1 12 -31 19 -32 11 -68 13 -4 -19 10 37 -8
2 5 5 22 -50 33 15 14 9 22 -17 -12 24 -14 4 -8 -2 7 0 -9 35 28 -12 -7 -11 -15 -22 6 -10 1 15 -23
13 -16 -8 -30 -36 -3 -24 -6 3 27 -6 6 -30 13 29 -17 -12 -4 -21 4 -8 5 2 -31 -11 -4 13 22 24 27 10 -24
1 10 -34 17 -20 23 3 -1 8 13 -22 -7 7 -5 -10 -8 -4 7 19 -10 5 10 -31 -5 22 -4 -6 -19 -20 -3 -8 -88

6 -67 7 -16 -41 26 3 8 -5 12 -4 -29 -19 6 -19 26 -59 26 17 -16 10 4 -33 1 -55 -8 -3 -3 29 9 -45 8
-19 -1 -2 -4 44 24 -24 -20 -33 7 1 20 1 46 -31 -32 9 7 -17 11 -22 21 -21 -17 5 6 3 -6 17 6 -14 10
-16 14 -31 3 13 9 -5 -1 19 -16 -13 -6 19 10 9 -26 20 -3 -20 10 2 2 -25 0 -1 -1 -14 -17 -14 -8 -19 -20
22 -26 19 2 22 8 -4 -27 16 16 7 8 0 23 -5 -29 -1 31 -19 8 4 -12 51 -18 2 5 -59 1 -15 -23 10 -5
16 -59 -18 48 -7 -17 -20 -3 6 16 -4 -7 -15 18 14 -21 -23 38 -5 -10 -51 -6 7 -21 -38 -22 16 -13 -35 -45 -38 -3
31 -3 -53 31 6 9 22 23 -7 -61 1 8 16 -14 26 -25 12 6 -28 -33 24 28 30 -11 17 5 -4 -11 -11 4 7 -128
12 -40 -26 20 -4 9 -11 -14 15 22 -11 10 -1 13 -4 -4 -52 18 22 -3 24 2 -27 -5 -14 -33 3 12 0 -4 10 5
20 15 -30 -2 9 3 40 36 -9 -42 28 12 0 -12 15 -15 -7 3 -9 -1 30 21 5 9 3 10 -13 12 -15 25 18 -62
13 -37 -3 -24 -21 -25 29 6 -9 -23 0 -18 -4 -4 -2 5 -35 19 5 -53 -47 -15 0 23 -34 -10 50 19 12 -18 -15 -4
8 -12 -15 -51 2 12 -18 -8 -81 11 14 -18 -23 -9 2 4 -12 29 9 -37 -20 -25 8 -18 13 24 14 18 -1 -21 -17 -5
12 -7 -45 17 -31 2 -13 -11 -29 19 -8 36 27 11 44 -21 -10 7 1 32 -18 -23 8 -4 -8 -11 16 10 -3 15 -53 -20
10 11 -69 26 -13 11 4 11 19 -4 -8 24 -3 10 8 -12 11 -19 -43 -50 23 44 8 -39 36 9 -3 4 -8 -6 33 -74
3 10 8 -9 -18 -19 10 -2 32 -30 6 -19 -25 -7 -2 9 55 -22 -3 -24 -2 -10 2 -33 0 -30 -9 -1 -27 19 -22 -7
-10 21 22 20 13 1 21 7 -22 30 23 30 1 10 35 4 11 -14 14 -5 9 6 -9 28 5 15 -9 3 -40 5 -22 -26
37 -7 -41 -23 16 16 -22 -2 17 18 -18 16 14 38 15 -4 -16 -7 -57 -2 17 37 16 -19 -14 2 27 3 17 51 26 -17
-6 17 -82 16 25 18 -5 19 4 -3 -9 20 18 -27 7 0 20 8 -9 5 13 44 -11 -37 27 -15 -8 27 -25 11 17 -78

-16 -26 17 -4 -2 43 -32 0 -14 -6 -40 18 19 -2 -16 -5 -9 9 3 15 17 19 -34 -13 -40 -12 -16 -29 28 8 -57 9
-19 -6 -13 -9 -25 3 48 17 -25 -19 26 48 -9 17 -30 24 -23 9 8 -3 32 15 -18 15 -1 -34 17 15 -10 39 0 15
-32 1 7 18 -9 -4 7 10 -13 -37 -6 -12 3 9 -34 -25 12 8 -2 28 -6 -16 -7 -59 -20 -6 -22 -12 26 -28 11 21
-12 -67 -12 -25 -14 -4 42 1 -21 9 12 40 32 20 -41 -33 -1 4 -37 -7 24 3 47 -2 -3 -29 -8 -5 -3 10 -11 14
-7 -65 -22 31 27 21 -13 8 3 13 -7 27 -13 33 -3 -14 -24 28 13 -19 -18 46 -2 3 -10 -16 -14 -2 -5 -18 -36 19
-1 -14 16 27 -29 8 16 11 -19 -35 22 10 -11 19 0 -19 24 -34 7 -30 -4 4 28 -14 7 54 10 -15 27 -10 -11 -51
17 -19 -22 -12 26 -16 -6 2 -20 17 -1 18 15 2 18 -1 -48 22 15 11 13 11 -10 13 6 -32 -19 25 -3 4 24 53
25 -5 11 -4 -13 -2 11 21 11 -18 36 -20 -23 -32 -9 13 31 -4 34 -2 23 -49 2 2 33 13 0 21 9 2 -4 -10
8 -9 25 -9 -10 16 3 18 5 -22 4 10 6 -4 -3 11 -27 4 12 -59 -7 17 -1 24 4 -1 44 2 17 3 -45 14
7 33 0 -38 -7 28 -27 4 -87 28 11 12 19 1 -24 12 1 3 16 1 -18 7 -33 -7 23 -8 26 -6 18 -8 -28 1
8 -27 -13 3 -15 -38 -9 -6 -20 -23 -13 -3 2 20 19 13 -1 -11 26 36 1 -21 17 -30 -12 -51 26 8 -2 12 -9 -7
-5 7 -3 23 -44 -8 -2 8 21 -2 5 11 -8 46 26 37 5 -27 -6 0 21 -18 -5 -56 21 -36 1 -7 33 -6 12 4
4 -28 36 4 25 2 34 -7 -12 0 13 -2 -48 2 -15 -9 50 -14 11 -17 -22 3 -7 -20 0 9 -3 -2 -16 4 -62 0
-12 -7 38 -12 22 -7 -7 -40 -13 10 17 -3 -15 -5 24 -27 3 0 31 24 -31 -34 4 -3 6 28 -11 -28 -13 -36 -5 6
40 32 -56 -23 -12 -30 -55 5 15 -17 25 26 -9 -23 9 -15 5 -43 -19 20 11 0 29 -12 -16 -9 12 -31 -2 23 1 0
11 -18 -35 0 24 -2 8 17 1 18 8 -5 4 -28 31 -3 20 21 15 21 -1 -16 2 -11 21 -1 11 -17 15 17 36 -6


