16 -2 23 -42 23 -40 20 4 -3 18 19 -17 -4 -29 1 -30 -10 5 -12 7 0 10 -3 -1 13 24 -2 13 -8 -9 2 4
40 22 -32 3 -18 16 -26 -63 -10 -8 8 -1 -16 18 3 0 20 15 -1 5 8 10 25 15 8 -18 12 -12 1 -3 -35 24
-34 21 5 -36 2 28 -6 4 67 -61 -32 16 -7 -17 -10 -18 31 19 -27 -9 -26 -29 15 -41 -39 42 -33 -26 8 -7 -18 21
37 -29 -5 0 2 -12 -7 -27 30 16 2 29 -15 14 2 -63 24 -1 -6 14 -13 1 -3 -29 -7 -23 -15 9 -23 5 13 32
-36 2 -1 58 -15 -12 27 -28 -32 -8 -8 32 12 -19 -14 27 -8 40 24 -44 13 -17 -22 13 28 -11 -32 -17 -7 -8 -18 1
-1 34 -7 -12 -19 -3 -14 20 11 -8 36 10 -13 30 25 -68 -17 2 -43 -16 -2 4 -15 -49 -31 28 -45 -2 9 -7 20 47
-7 26 -35 -22 -23 -23 -26 1 19 -27 13 17 16 20 29 42 -16 -21 -38 2 28 19 19 0 14 -6 -8 -34 20 -5 -7 16
2 -7 3 5 7 -35 2 1 -59 15 11 1 -2 17 -19 -7 -4 2 7 3 2 10 11 14 -15 7 26 16 -8 5 -6 9
13 -4 8 28 14 26 -6 29 -54 36 34 8 -17 18 7 -13 24 6 -2 -6 38 21 18 9 -11 -22 13 36 -3 12 20 -64
-1 13 -24 -18 24 3 -9 46 75 15 18 -12 -21 -1 13 23 -1 16 -5 4 -6 -1 20 -21 27 11 2 -29 -1 9 27 0
-29 10 -8 -40 -19 7 9 54 -22 42 -9 24 32 -46 -6 30 -1 13 -41 -10 25 39 10 -8 39 10 21 9 10 2 44 -10
6 -14 -2 2 -15 -29 9 25 -53 -16 -2 -12 34 -17 -28 4 -51 -18 21 -10 -3 21 -10 7 0 -3 -6 12 -4 -17 16 33
35 36 10 -7 -1 4 -2 23 23 -18 27 -27 -29 18 12 -42 -8 0 22 17 -9 1 -30 -32 1 22 17 7 49 2 -19 27
-42 -13 -23 -5 -2 17 36 -21 30 -24 6 -29 -14 -53 19 -3 -27 9 -51 -43 -52 -43 -28 -38 32 -15 -42 -32 -15 -7 17 -2
35 -18 -23 6 34 -47 -27 -15 -1 18 -6 -6 -5 10 -6 17 -10 -22 -25 4 -1 -3 1 2 -28 14 5 -15 7 -10 11 -6
-6 -10 -6 -1 28 -32 34 6 15 0 10 7 -2 7 51 -21 19 12 -48 53 30 23 -10 -24 0 -2 22 2 -12 3 2 0
-18 17 33 21 -1 19 -15 -24 9 -7 -11 -31 4 1 -10 -25 -8 4 -4 -16 25 -55 -9 -54 -45 -17 4 0 -16 3 -11 8
-7 -29 35 25 18 -2 -5 1 0 13 40 -12 11 7 -19 -11 9 -20 -17 -15 34 -5 6 3 -14 38 -11 -8 12 -6 7 -26
0 -5 48 42 17 -26 16 -6 32 -24 0 -3 -21 0 -11 -37 63 31 19 10 16 17 1 -31 -9 16 -14 -7 45 -5 37 -20
-16 -1 -56 27 -14 -1 38 7 -29 -15 -7 -9 -29 46 34 -11 4 8 67 1 -7 6 31 -8 -36 -35 19 -2 15 -3 11 -25
48 34 -23 -3 -14 -6 -13 15 -46 -10 25 -14 32 -5 2 4 -35 9 -11 2 19 18 -37 -14 -11 13 -4 12 -12 4 -29 3
-37 10 3 10 -10 10 14 -1 -28 -5 -6 -8 -25 10 7 24 -16 8 -38 -16 -3 -17 33 10 -16 -14 -21 13 -18 -13 24 -30
-42 -31 -12 28 12 -64 16 25 -49 8 50 -11 -13 -10 5 -26 -18 4 -7 7 5 -10 -15 6 6 35 -35 24 -10 0 21 16
17 7 9 35 11 -9 -4 -9 -32 9 2 11 13 3 43 11 11 37 -25 15 0 -22 22 53 -35 17 29 7 15 4 17 11
-60 17 -14 -38 20 30 12 -6 -5 6 -10 -3 5 -18 26 -42 -19 21 1 -22 40 27 -17 -12 -31 -42 -39 14 -2 4 -1 22
6 -19 -8 -5 -38 -19 20 30 -49 19 -17 -4 -8 11 -10 -28 15 45 -34 0 -2 -26 2 14 17 -43 -42 -5 -20 -10 -15 23
-29 -12 0 -30 10 27 -14 -29 26 21 2 8 4 -3 4 7 39 27 -44 19 1 -6 24 -4 8 -29 25 6 8 -5 8 -2
10 -5 -4 11 33 -5 18 12 -41 -9 -6 21 -5 46 2 -6 -21 -2 1 -25 -10 8 1 0 -28 -26 -15 -16 8 -8 -2 -5
4 -28 19 6 -4 6 35 32 36 -10 -31 5 -3 -30 30 -42 -27 10 -8 1 -58 -12 -4 -44 -3 -16 3 42 -22 -1 -23 3
-2 14 17 8 8 -28 6 -38 -7 54 14 -7 12 -14 -14 -9 23 -5 22 49 18 28 -49 44 -44 26 17 14 11 -12 15 0
32 -35 -5 -27 -34 -16 -7 -21 -25 -54 9 -24 6 27 34 48 -34 -13 35 13 8 23 -10 -67 14 -1 3 24 33 9 -15 5
-33 12 37 3 34 1 -3 3 18 -42 -23 -49 -3 51 -15 34 36 15 28 -45 -25 -4 19 -41 11 18 3 -21 -21 -14 -36 -10

5 7 19 -28 31 -33 0 -5 12 16 9 -11 -7 7 -3 -80 -25 18 -12 -13 -48 -38 -17 10 -7 15 -16 26 -8 5 4 -2
38 -4 -21 -41 -65 -18 -20 -10 -37 -15 3 20 -10 23 17 -5 53 42 33 -6 -23 9 10 -19 13 -31 -24 4 -7 -3 -36 -7
0 2 -64 -10 -11 35 -5 7 -13 -78 6 3 -40 -30 -6 -6 -47 -4 -9 -28 -23 -44 42 5 -8 -3 -26 -50 -47 3 27 9
28 5 -14 2 -1 -35 3 -13 -27 2 -3 -8 13 -25 40 -7 -7 8 16 21 27 -13 -4 -31 5 24 0 6 -29 -6 15 3
-66 -36 26 10 0 22 20 5 -19 -35 16 73 -9 -13 39 -3 -29 7 23 -51 13 -36 -4 -31 35 10 -18 -12 0 -5 5 25
22 -35 -32 -19 -58 -20 -16 -26 -16 -43 -13 26 -17 30 7 -11 -21 -10 -55 14 -29 -19 -1 -12 29 -45 -26 -4 -33 -9 2 3
4 6 -38 5 -18 3 -9 -35 16 3 -10 -1 29 30 10 19 -1 24 -30 -18 11 -15 11 26 5 -36 -5 -55 22 -10 -50 27
-14 -4 -4 19 5 -58 5 -1 -6 4 -7 -12 31 -3 -34 16 8 14 -11 2 -7 -3 -16 -4 6 -30 25 32 -2 1 -13 -5
23 23 16 17 4 16 4 -9 -31 28 23 26 8 8 12 -11 25 -6 6 -17 14 3 21 -18 11 8 12 30 -14 -8 5 -23
-7 27 7 -3 -8 18 -22 -21 -8 -20 16 -30 -39 -37 6 28 -57 -20 14 20 10 -25 35 -11 18 -8 21 -23 -9 7 17 -4
10 -35 -29 -38 16 -18 11 9 38 25 -21 -33 -7 -12 32 16 20 48 -26 4 4 16 31 9 38 -81 14 -43 -5 0 34 -7
-14 0 -35 -20 -13 -26 7 13 -24 -20 0 -15 26 -4 23 17 -5 14 31 25 16 32 -13 31 27 -41 3 -10 4 -13 -11 -4
58 4 1 -8 -22 -3 -1 -28 -4 -27 25 -17 -4 -12 23 -28 20 -2 8 2 -1 -23 -23 -10 19 38 20 3 -8 -1 -52 3
4 -33 -24 -37 -16 61 8 -17 -34 -54 43 -21 6 -58 11 7 -20 -5 -43 -16 -42 -58 -22 -7 32 9 -46 -36 -31 -6 -6 -3
12 9 19 18 24 -56 -9 -6 1 15 14 10 -14 -19 -18 7 -26 -12 0 -1 7 -20 -28 -7 -22 23 -3 -7 9 -10 -9 -18
6 22 -17 2 19 27 27 1 -7 -25 -22 15 -30 -30 -44 -3 12 8 -47 41 -10 -18 -12 -7 13 -7 17 9 -10 0 4 35
-9 13 24 21 -14 37 -23 10 2 15 -6 5 28 8 11 -21 -4 -25 11 -48 23 -48 9 -14 11 -15 6 -14 -20 6 -16 -21
-29 -27 17 25 -6 -37 11 37 -17 10 26 2 -24 -15 -25 -22 -59 -4 -37 4 -17 -34 -7 27 8 12 14 -19 9 -10 -2 -1
24 -15 50 22 41 19 9 4 27 -27 15 6 -5 -41 -33 -83 -35 -4 -46 -29 22 -23 12 -34 0 51 -3 -16 41 2 29 10
25 -35 -3 23 -16 -2 22 3 -24 -33 5 -3 -44 14 16 14 7 3 50 7 11 -2 19 -58 -30 -24 -24 11 -1 -8 18 -25
-3 5 -21 -14 -29 10 3 14 -32 4 -4 -34 15 6 -24 20 -38 20 -19 -11 21 31 -32 15 -15 -2 29 11 -12 -10 -30 -13
-77 -35 -47 -16 7 -39 24 4 -18 -28 -6 0 -10 8 5 21 -11 -1 2 20 -7 -15 28 -2 12 -56 -12 3 -35 -7 -47 -41
-60 8 4 38 -18 -74 -4 28 -4 30 42 5 7 -10 7 -10 11 32 -7 7 4 -21 -13 9 16 7 -9 8 6 -1 9 13
8 10 6 17 8 17 -3 7 -27 4 -18 15 -22 8 3 29 -9 36 -13 2 7 0 28 13 -43 -85 17 27 23 -6 6 1
12 -25 -31 -42 36 51 -1 -13 -5 -24 31 40 46 20 27 -23 -17 -72 3 -21 -2 -26 -21 -35 -2 -46 -50 -23 -9 3 -16 12
24 -8 -22 -5 -18 -30 1 15 -21 19 -35 -1 -7 47 6 -17 2 8 -12 7 -11 -7 2 -27 36 -47 -17 -10 15 3 3 12
-22 -24 -16 -44 16 36 -30 -33 5 16 -27 21 8 -8 -26 -4 3 -15 -66 22 9 22 12 -2 -1 -33 34 -24 6 6 -22 -7
11 5 -8 5 35 -44 22 -1 -17 -9 -5 13 25 12 -15 10 -13 -16 20 -18 -23 -7 -7 -9 -7 -14 -9 2 -9 -13 5 1
-4 -2 38 27 2 -9 -9 24 4 -13 3 5 19 -44 13 -35 5 15 3 18 -14 -4 8 -3 17 -3 27 -4 2 -2 17 -1
-35 -32 -6 -13 13 7 24 -30 -7 44 12 -21 -15 24 10 1 27 0 5 36 27 29 -54 3 -51 12 -6 8 14 1 6 -22
-52 47 21 -22 -46 16 -34 -32 -17 -67 -21 -21 6 -19 9 37 11 -40 -32 -7 11 24 -17 -31 0 45 13 10 -15 4 -20 6
-12 -2 8 21 16 -6 9 5 9 -59 -17 -23 -50 -10 -53 7 -16 11 28 -9 -30 -28 75 -29 9 -5 -11 -61 -39 0 21 -19

1 -4 -27 -27 40 -40 14 -31 -7 29 -12 -11 11 32 6 -16 -63 2 19 -11 -47 -20 -6 38 -9 1 -14 17 -4 2 -10 33
12 -13 0 -77 -34 -50 15 17 1 -14 5 15 12 -22 29 13 38 19 39 -2 -29 25 13 -36 45 -17 1 14 1 1 13 -24
27 -44 -92 -2 1 0 22 -73 -58 -20 20 15 -34 21 -38 8 -2 31 23 -37 -16 -4 13 39 13 -65 -33 13 -49 3 -8 10
16 21 -33 10 2 -8 -6 -15 -26 7 -21 -31 29 -13 34 33 17 15 12 16 32 13 1 6 -5 20 -3 -12 1 2 8 -7
-46 25 -5 23 -12 2 -11 71 -15 -8 -2 34 28 -51 38 50 -6 -44 10 -6 20 16 -33 8 45 12 11 -30 -11 -12 22 19
85 -43 1 -24 -59 2 18 -65 -27 -7 -17 31 -3 20 24 40 13 5 3 4 8 25 -1 13 -27 -68 -15 28 -58 -2 2 17
27 10 -14 1 7 -48 -22 -29 -20 5 -13 -22 31 57 -12 11 -14 21 -11 3 7 -23 26 -19 18 -14 -19 -51 19 -12 -16 32
-35 18 18 30 4 -74 -1 6 12 16 -21 -25 34 -9 -41 -8 7 22 -10 7 -10 3 -4 -19 -1 -12 25 16 17 2 12 -10
7 27 19 -10 -6 6 -18 -2 -22 -1 -13 13 14 -39 47 -14 16 -17 -7 -31 -4 -8 -8 -3 29 -15 9 27 -18 -13 -5 -4
-2 -4 -7 20 -22 -9 18 -4 -45 19 27 22 -5 -31 4 30 -5 -6 -11 34 39 -10 11 -3 37 -7 19 1 -8 -1 -21 12
57 -5 -20 10 10 32 6 -34 7 22 38 -19 -29 -10 26 0 10 57 -21 26 -7 4 42 -41 36 -14 -5 -16 -14 -10 33 8
41 -36 -42 -9 14 -17 29 -51 45 13 -10 -10 -23 25 22 13 39 -6 17 26 45 -6 -5 -49 -20 -26 1 5 3 -14 38 -19
46 20 -5 -5 -18 -17 -5 -13 -15 1 22 13 41 -3 -13 26 44 11 0 -3 37 13 -25 32 -1 30 16 52 -28 -1 -75 16
-41 -29 -11 4 21 -16 -5 -30 -30 -48 7 -3 -7 -35 -4 48 -23 -21 21 6 5 -24 -33 24 -1 -11 -8 43 -20 -5 -26 -47
-60 19 55 19 20 -95 2 14 21 10 6 -7 3 -23 -3 14 -15 -29 10 15 9 -17 -29 29 7 62 -19 7 -2 -8 -9 -13
-14 30 28 3 12 -34 31 -9 -18 24 -47 -21 -38 -8 -12 13 -16 8 24 13 15 -7 3 -17 9 -16 -9 12 -2 -12 -11 14
26 31 -27 5 -4 26 -39 -11 -3 11 -8 -7 39 7 -17 -19 47 -35 12 -41 6 -27 0 1 7 11 5 10 -28 -15 32 -18
-13 -48 -38 31 -7 -62 -11 20 -28 22 -6 3 -19 20 -25 -20 -53 18 -5 16 17 -4 3 24 19 -3 -13 25 -1 3 -23 4
10 -33 -8 23 28 -14 -10 50 -25 -37 5 -11 -30 -16 -14 -34 -78 -33 -23 -17 27 -14 9 24 -2 40 -52 -14 6 3 3 1
-15 -18 11 -20 -15 24 -11 -26 -12 -27 35 12 -7 -16 -4 22 10 0 11 17 45 -5 -12 13 2 22 -4 0 12 -12 -23 -26
-10 27 -21 45 -13 13 22 -36 8 17 12 -31 -1 5 -28 5 -3 12 -9 -9 4 -7 -31 -12 -27 2 1 12 -9 -6 -35 -26
12 -53 24 5 -13 -89 10 -4 19 -29 -11 31 17 -14 6 24 -12 -9 3 9 -28 -19 14 -1 -28 -64 -33 9 -42 9 53 -8
-99 -25 -6 2 -35 -37 -7 37 10 29 17 2 -5 -21 -27 -16 -6 37 -18 -11 39 13 15 8 16 12 -28 17 15 -12 14 -2
12 26 19 21 -4 -53 -19 18 35 -4 22 -2 20 11 -33 8 -32 21 13 25 -18 11 8 -23 8 -32 10 23 23 4 0 5
7 -38 -24 -63 30 5 16 -14 -22 -11 21 31 24 33 18 7 1 -62 -9 7 -8 -70 -15 0 5 -1 -26 -15 -45 -8 34 -25
-6 -35 10 -10 -19 -41 8 8 12 12 -32 -16 -48 24 9 -32 -14 -4 31 11 -35 1 3 -53 15 -33 -11 -4 -11 -17 2 -27
14 2 -64 3 19 10 2 8 -11 27 -15 24 10 -8 -21 -7 -24 -20 -2 6 -1 9 13 7 23 -23 10 -2 17 2 -24 16
-14 6 26 -3 17 -26 35 -31 -12 0 8 3 17 -12 7 7 -3 -6 17 2 3 -9 -2 22 -7 -10 10 -11 25 -17 7 5
-5 15 1 64 17 17 6 -1 -22 10 5 5 -28 -27 12 -14 -7 -9 9 0 -12 -7 -1 -1 -22 10 21 33 -7 -11 -8 -16
-44 -27 33 -29 14 -20 18 -9 31 45 23 -23 4 34 17 21 18 26 -37 39 -11 13 -42 -21 -40 2 10 12 44 9 16 -51
-20 54 -27 -14 -13 -20 -10 -50 7 -3 -24 -56 -16 15 13 -15 27 27 -9 -13 -17 16 -38 -16 14 4 -15 -7 8 4 2 -14
32 -2 -51 6 28 65 2 -38 -43 -53 -33 -16 -18 -12 -29 4 -29 -33 -14 -21 -7 -38 67 -7 17 23 -16 -46 -2 -4 3 13


-40 22 -1 -8 30 -25 20 2 15 -12 -22 -29 -25 -9 1 -9 12 14 -4 16 -7 48 -5 10 -14 22 1 -10 4 -2 -3 1
17 -18 -36 -13 -24 20 -32 -48 -19 -5 -24 -19 -18 15 -30 -10 10 -37 0 -3 20 -2 -33 31 31 -19 -3 -20 8 -2 -14 -2
-65 -3 29 -11 -4 39 6 -12 45 -55 -43 -56 -11 -18 12 -26 35 16 22 -48 -18 -29 40 -55 -25 -33 -10 -27 12 -16 -26 4
-31 -9 3 25 -28 -12 28 -27 13 -25 14 22 -34 12 -5 -76 16 -37 2 -15 -32 7 22 -29 28 -25 16 -23 -1 4 34 9
-3 -30 -37 -1 7 11 -14 -13 -8 -3 35 44 24 22 -54 44 1 32 6 -49 20 -26 -36 47 28 3 -43 -38 11 0 8 33
-78 21 11 -15 -97 38 10 7 46 -34 25 -15 -96 41 23 -28 -9 -1 -8 17 28 -2 3 -27 -69 39 -23 -31 -1 5 -12 -6
-14 14 -6 -43 9 35 -9 5 23 -32 -11 19 -28 -7 6 4 -4 45 -41 -10 -5 -17 26 12 16 -36 -5 -6 16 -10 -33 25
-12 9 0 -7 16 -33 -23 12 -33 12 26 23 17 13 -31 -11 0 4 4 -20 -9 -6 -24 7 -12 0 38 16 11 1 -7 10
-15 11 -7 24 13 11 30 12 -23 19 22 30 0 -9 -52 7 7 -43 18 -42 34 4 24 0 16 -7 1 4 -10 -5 -5 -20
-15 -2 -3 5 18 32 -3 23 48 -9 -10 32 -6 -11 36 -16 -34 31 2 -31 -15 22 46 -31 6 -3 -18 -41 2 -1 50 -32
-52 -27 -1 -23 -28 5 10 40 -29 3 7 53 -1 -30 33 2 28 17 19 -22 11 45 -14 -13 11 22 15 -23 17 2 2 -27
35 -23 -11 -11 -30 -8 -5 29 -40 -3 23 26 53 -6 1 7 -49 14 -10 3 -36 -8 -36 31 6 33 -10 20 -1 6 16 2
-25 19 29 -27 -8 29 24 12 39 -43 17 -25 -36 13 14 -1 -23 2 16 26 -22 -14 -16 -19 10 -19 18 5 31 -8 20 -18
2 -34 -27 -14 -10 53 15 -12 33 18 24 -3 -24 -24 4 -17 1 -28 -30 1 -40 -25 17 -10 -98 -35 -3 8 2 4 49 25
13 -25 -46 6 21 25 -5 -8 12 0 -19 2 2 0 -10 16 12 -42 -1 2 6 12 -7 20 -14 -6 8 -14 7 -14 28 19
-35 19 13 2 44 -31 2 -12 0 -43 -30 -3 -38 -1 -26 -13 47 50 -37 11 -15 23 12 -16 -5 -6 8 7 -12 1 -1 2
-12 2 24 15 1 -2 -7 -8 -15 -24 28 -18 22 10 8 -33 -27 -19 1 -58 20 -55 -8 -30 10 -38 -20 -20 -17 -10 -32 -6
2 12 36 -29 12 15 -12 23 40 -4 23 2 -5 -14 25 4 15 44 -48 4 4 -13 19 -19 -66 27 0 -24 7 -19 12 17
-38 14 29 41 -15 -10 48 -32 11 -35 -25 -18 -4 -21 -24 22 49 -11 27 -3 -24 19 20 -31 -11 -11 -16 5 35 8 -11 5
5 -38 -66 24 -10 29 6 1 22 0 -25 -13 9 36 20 12 -4 -24 14 -3 6 6 14 -5 -26 -24 10 -20 -2 -14 -2 -44
51 8 21 -11 47 -24 -6 -8 -38 11 25 14 26 -10 4 -25 5 6 -8 -41 -9 19 -65 18 11 10 -28 27 -1 -18 -41 -24
-7 9 3 2 -3 31 1 3 41 -9 -20 -44 -22 7 -16 -26 -36 -21 -16 5 14 11 13 -5 15 2 -26 7 1 4 12 -8
-23 -15 -23 26 2 13 -19 8 30 25 12 3 3 4 22 3 2 42 -17 17 -12 -25 -6 0 -34 -2 -15 -31 -10 0 -1 12
8 -34 12 6 12 31 -15 4 -47 17 -32 8 -6 -14 38 -21 18 32 -29 3 8 -17 -30 26 -8 4 -5 -4 24 -1 -4 7
-36 -6 -7 -25 -61 0 -7 -14 -5 -18 -30 -51 -17 43 3 -17 -30 -58 23 -30 58 45 -32 -20 10 -10 -18 -2 -1 4 -63 2
-19 14 -29 -2 -20 62 40 39 2 7 0 -16 -12 15 11 18 13 19 -24 10 6 9 11 -7 19 -47 -1 12 23 -1 -57 30
-21 -8 20 0 5 38 -19 -6 0 0 -17 -31 -23 -30 -24 12 3 -12 -10 12 17 -3 2 23 10 -32 0 -11 -10 2 3 7
0 2 -20 -6 8 6 -9 26 -10 -12 14 43 21 10 -45 -7 -10 -41 24 -14 4 27 -12 27 -30 -14 13 -38 12 -13 17 21
-4 5 11 -16 3 4 30 26 29 -16 -3 16 -33 -40 20 -19 -32 4 29 3 -52 -4 -16 -80 -12 -17 -11 52 -9 7 -17 -29
14 -10 15 2 30 3 40 -70 -2 43 1 -30 21 -8 -45 21 40 -12 2 29 17 2 -25 0 -33 30 -4 -7 -5 0 -1 -18
22 11 -1 -13 -28 17 8 -5 11 -34 -6 37 -5 -19 17 29 -12 13 32 4 -13 33 -60 -47 29 31 4 -8 25 -12 -19 -29
-40 10 42 1 30 16 -9 17 -1 -61 -25 -22 38 14 -58 22 -9 17 10 -20 -39 35 -2 -11 -30 -15 -21 1 -59 7 6 -40

-6 22 -12 -39 20 0 6 -26 22 -23 23 13 -12 9 5 -63 -29 13 -18 -19 -49 -34 9 7 1 19 -4 3 -6 -9 23 23
15 -28 -23 -44 -81 22 -29 3 -43 -6 -11 -9 -18 -13 3 0 53 -18 14 -6 13 28 -28 -14 28 -28 -5 20 6 -12 -62 -44
-38 -20 -29 10 -4 27 14 0 -20 -32 -25 -43 -20 -53 -18 -32 -45 22 -9 -68 -20 -31 45 10 -3 -57 -23 -89 -28 -1 3 -5
6 -25 18 16 -35 -11 28 -5 -30 -41 -30 27 2 -28 3 -46 -13 -3 -7 18 24 -38 25 -9 45 31 3 0 -58 -12 24 -24
-2 -41 34 15 5 27 4 39 -7 -36 19 39 -12 -5 18 35 0 -23 17 -49 26 -3 -36 -28 26 -52 -46 -9 10 -11 -7 18
-45 -21 -35 -21 -54 29 2 -11 16 -1 7 -31 -63 29 37 -87 -12 24 -61 28 -25 3 -17 1 16 -20 -20 -12 -28 -5 -8 -28
-27 4 -8 -27 -27 39 17 -51 29 -48 -44 -11 -16 23 -10 -23 31 6 -63 -8 -8 -12 10 13 4 -33 17 -16 22 -4 -40 40
9 14 -17 -20 6 -28 -12 10 16 6 33 -3 47 9 -60 0 3 -3 1 1 -24 -9 -9 -14 13 22 30 13 -12 -7 -20 12
-11 26 11 11 -18 8 31 7 -17 4 -7 28 -22 -7 -9 -26 -30 -28 -2 -44 5 8 6 1 26 0 -6 3 -29 1 -16 8
-3 -11 -4 -19 -5 36 -5 -40 -35 -9 3 -26 19 -24 -32 22 -40 -1 -13 -38 -25 -34 7 38 16 0 -17 -54 -18 6 8 -4
-22 -35 -17 -37 -18 -38 -11 13 19 -5 -22 48 -41 -54 1 32 18 53 16 -24 -10 26 -8 17 10 -38 9 -84 -17 -10 17 -50
21 1 -17 -20 -45 -2 -42 1 2 33 -8 -23 -4 5 11 24 -10 3 16 7 23 31 -25 45 32 17 16 3 11 -10 -33 -26
3 -21 -7 -30 -38 13 12 -45 -23 -42 24 5 -17 -17 2 -13 -4 6 12 15 -47 -39 7 23 36 5 3 5 -53 -3 -7 -45
30 -51 -14 -6 0 61 -60 -6 -12 8 22 12 -19 -28 2 -20 -40 -42 -53 -10 -43 -7 20 -1 9 18 11 -9 -19 -7 30 -6
35 -1 -21 -19 21 34 -28 -13 -2 6 11 -13 3 11 -35 30 -20 -50 -10 4 -16 -9 -16 -37 -18 19 -6 1 -1 -12 20 26
4 9 -5 -22 -1 6 2 -10 1 -78 -33 39 -22 -19 -44 -40 -2 1 -22 -4 -62 -31 16 -16 -8 -21 -20 -18 -66 -5 15 14
-17 1 18 -4 -26 8 16 1 -2 1 29 -5 36 -14 15 -27 -26 -2 11 -103 14 -15 -9 -5 26 -8 -36 3 -43 -4 -53 -28
-25 -30 -3 -6 -7 10 -13 -11 21 -26 4 -8 5 -17 -19 -17 -14 45 -58 1 -43 -66 1 -5 -13 1 26 -34 -10 -2 -2 17
-17 -27 41 50 -13 12 4 2 16 -52 -24 37 -65 -56 -10 -18 -39 -41 6 -37 -24 -33 44 -40 -41 20 -9 -53 30 4 21 29
22 -16 8 31 -14 11 2 -23 -26 22 1 10 -58 -4 4 42 -8 -4 42 -14 28 26 45 -55 -27 -37 -5 0 -16 -12 36 -40
40 33 -32 13 17 18 -5 -31 -12 12 7 -14 5 -16 -13 -27 -4 14 -15 -34 0 20 -52 33 28 18 -24 15 -28 1 -57 -42
-26 -22 -63 -16 6 -8 -17 -1 12 -10 -9 -74 -48 21 19 8 -5 -38 -32 6 -4 3 -18 17 45 -15 -4 15 -15 -12 -46 -24
-26 -38 -5 39 -3 21 -7 3 12 27 36 19 -14 1 1 26 8 27 19 21 10 -25 11 -2 -28 -25 -21 -38 -6 -3 -4 32
2 15 -39 -19 3 45 2 -13 -25 4 -48 3 20 -25 -4 19 5 -16 -22 -5 17 1 -58 10 -35 -22 -17 -2 18 -11 -12 24
-19 -27 -10 -22 -92 28 -7 7 0 -21 -5 -17 -50 43 46 -24 -2 -74 16 -35 60 21 -34 -21 19 -21 -23 5 -13 -15 -86 -13
-12 -13 -24 -26 -16 63 41 8 22 6 -2 -25 -17 19 11 25 24 26 -27 21 -17 28 -43 -46 13 -79 12 -25 26 -2 -62 -10
-48 -4 40 -34 0 34 -23 -1 -7 14 -40 -25 -24 -22 -12 -19 12 -34 -46 20 -9 -8 -9 19 -10 -22 44 -35 6 -11 -8 -12
10 0 -9 3 -1 -27 -11 1 -7 -30 0 21 41 -8 -54 23 6 -54 27 4 -10 5 -45 -1 -4 25 -11 6 -5 4 -8 37
-13 7 23 3 17 -24 18 18 19 14 -20 0 6 -42 -15 -15 -16 -12 -1 7 -47 7 -8 6 28 24 -9 -46 -20 -17 7 -35
-22 -15 -36 -4 3 50 57 -77 12 38 2 -24 -34 36 -20 -15 47 25 11 12 15 13 -24 8 -37 -10 -24 -10 19 -4 -10 -64
-35 52 -18 -46 -10 11 9 -8 18 -46 -13 17 55 -21 1 44 22 36 21 -6 -13 -15 -34 -6 35 49 4 -11 -18 -8 -89 -43
-27 -15 28 30 41 -41 -1 13 21 -79 -7 -9 30 -22 -37 15 -18 -7 38 -27 -14 -54 -3 -25 14 -44 -34 -16 -20 -13 36 -3

28 -24 -54 -56 17 13 22 -56 -35 -7 6 1 0 22 2 -9 -53 -14 -6 -9 -41 -9 12 43 1 -2 -24 5 24 -1 14 33
-17 41 21 -39 -52 -11 1 41 20 24 6 7 48 -34 13 -14 43 -20 39 -2 3 -4 -1 -45 53 36 -22 7 -2 -1 -66 15
3 -62 -101 9 4 19 10 -56 -35 -10 2 -37 19 -12 -58 -40 -11 11 -37 -44 -21 28 1 30 1 -91 1 -7 -13 10 4 15
6 -26 -21 19 -9 16 27 -12 4 -41 -47 -14 -21 -11 -26 16 7 9 0 -12 28 -39 -12 -6 17 26 -3 7 -32 -7 3 -19
-59 13 22 20 -33 -4 18 50 8 1 0 -4 -16 -19 51 33 17 -8 8 -13 24 14 -88 16 34 -23 -23 -30 -40 8 -8 30
43 -17 -50 -37 -4 19 18 -56 25 3 -17 13 -4 53 13 -23 30 28 -40 3 -30 33 -6 20 -18 -56 -17 22 -7 -9 0 0
-3 21 22 -20 -2 -1 -10 -18 -14 -25 -47 -10 20 9 1 -24 10 8 -41 13 -10 2 8 -36 3 -55 -3 -36 36 -2 -19 24
-15 12 34 -3 22 -54 -26 -3 32 0 -2 -7 27 4 -45 22 -6 -9 11 -11 -21 -12 -10 -22 16 21 41 4 11 -5 -8 10
-10 -30 -7 13 -11 -32 36 -25 13 -8 18 9 8 -33 31 -11 -49 21 1 -35 -36 -21 5 14 33 -8 -11 -15 -50 -8 -39 1
-7 -23 11 -1 9 -3 18 16 -57 30 2 -30 4 -25 -31 36 1 -58 -21 -19 24 -14 1 18 18 -27 20 3 3 -5 -1 44
6 -26 -36 -17 15 25 3 -15 -11 22 1 -3 -21 -31 -10 16 2 52 -46 -13 -19 18 16 -30 13 -11 -4 -32 -1 -15 48 -27
33 3 -11 -26 -27 5 -14 -57 19 10 -16 -27 -61 19 0 5 39 -8 22 -1 31 37 -19 -42 16 -1 16 16 11 -14 -16 -48
59 -1 -24 -13 -17 -19 3 -35 -3 -4 45 39 12 -2 -23 33 19 -1 8 12 -16 14 12 44 13 19 -9 13 -45 -17 -27 16
23 -41 0 -17 2 4 -28 -14 -18 -7 0 31 -53 -29 -27 18 -11 -35 -11 28 -15 -1 -5 12 -12 3 6 51 -52 11 22 -30
-18 -5 30 -3 14 -2 -11 11 9 5 25 -30 4 -1 -13 18 -16 -61 32 -1 -16 -27 -13 -7 2 20 4 -6 11 -7 1 12
16 -6 9 4 -16 -38 18 31 -42 -55 -46 6 8 -3 5 8 -29 9 2 12 -14 -14 18 -26 15 -18 -42 0 -39 4 3 33
5 -10 18 1 -21 10 -20 -37 15 -15 3 -14 6 -29 -22 -17 32 21 16 -64 -22 -12 7 58 33 -17 -3 -16 -32 3 -11 -6
47 -44 -18 31 -15 23 -20 -10 16 -11 -2 8 8 50 -20 7 -62 9 -24 15 1 -12 0 -3 -3 -39 25 12 4 -17 -17 8
-3 -26 8 40 -12 -9 29 28 -40 -35 -35 22 -21 -29 10 -26 -123 21 -19 -5 3 -19 32 13 -18 13 -16 -48 -11 -5 29 12
-20 20 35 1 26 22 -6 -62 -19 24 35 19 -44 -28 -2 31 -3 12 42 1 27 -7 17 27 -4 -8 -18 -8 13 -4 3 -43
30 44 -26 14 27 28 29 -80 40 8 42 -30 6 14 -10 15 -7 -3 -7 -31 11 10 -39 -4 15 38 -19 8 -19 2 -58 -30
-10 -40 3 -14 29 -11 30 -32 23 -4 -24 -23 -6 -16 30 20 4 -48 -35 -11 -3 -2 -13 -6 17 -37 -12 32 -32 -7 -23 -9
-66 -47 29 26 -16 2 -19 34 23 7 38 21 -32 19 -14 6 1 -25 20 26 4 -4 9 -8 -23 -48 26 -8 29 4 11 -7
33 51 -10 13 -10 -22 -9 5 7 -3 -7 -14 21 0 -16 8 -32 -18 -17 7 -11 13 -59 -50 -12 20 0 2 29 -11 -15 7
5 -5 12 -60 -83 -19 -14 -10 -12 -10 13 -8 -52 40 48 -32 17 -18 -9 -13 24 -18 -44 -5 15 55 -28 8 -61 -10 -55 -36
-33 -5 27 -26 -22 38 44 21 27 11 -5 -9 1 2 15 17 31 0 26 7 -52 -14 -88 -59 16 -55 21 -11 -2 -8 -25 -6
25 -13 -14 -19 26 25 -4 11 -17 9 -27 8 -43 -15 1 -39 -19 -32 -20 18 -7 14 -13 6 6 -19 19 -29 -5 7 -9 28
13 -6 23 -7 12 -31 -8 -22 6 -2 20 22 8 -5 2 39 11 -24 21 7 12 -26 -30 1 -2 16 11 3 30 -10 -5 10
5 -1 -53 8 11 18 24 -16 -15 10 -5 2 0 -5 -6 10 -24 -2 -7 3 8 -1 4 37 -9 33 1 18 0 -5 14 -26
-58 -17 15 -12 17 23 56 -46 31 36 14 -8 -2 37 -8 7 25 3 -24 16 17 10 -20 -22 -22 6 -12 -13 23 -1 12 -22
-53 12 -32 -45 8 22 -13 -46 48 -1 -19 -31 18 -11 -37 33 44 4 -2 -5 -26 -28 14 -21 44 -2 -3 -75 -14 3 -32 -18
10 -35 -8 22 29 29 24 -10 20 -29 -45 1 39 -3 -11 -4 -16 -25 16 -33 -7 -23 14 25 -7 -68 -34 18 -47 0 22 -4


-40 50 6 32 3 -16 -30 -25 8 5 -3 -9 -55 15 29 9 60 23 23 -12 48 48 26 -12 -33 -10 -36 10 -2 11 -21 3
8 -16 -10 18 -58 5 -43 16 -5 -10 -14 13 -12 12 -20 11 22 -20 33 3 4 -33 -6 40 25 -7 21 -28 -15 -1 48 0
-4 -1 28 26 16 19 -19 -8 44 -87 -28 -13 -15 -53 -2 5 1 19 38 8 1 -22 -18 -37 -16 -15 -6 -15 -45 -3 6 -45
-37 -15 -17 -26 -71 -4 3 7 49 7 24 -26 -24 41 -31 -35 10 -10 1 -3 -23 -26 -11 -25 -37 -30 20 -19 -32 5 16 8
-4 31 -27 24 -14 5 -26 28 8 -3 -8 -9 9 3 -7 10 -3 36 10 -10 -1 1 -18 7 -2 -8 -23 -35 34 -3 38 15
-65 4 72 48 29 2 11 -8 17 -32 -3 -67 3 13 42 10 -25 13 36 15 -12 -13 -7 21 -8 25 -25 -23 -3 -6 -42 -56
-4 6 14 8 -40 -9 -17 2 22 -2 6 26 -34 -6 -47 12 -13 13 21 25 -2 -44 31 6 27 -4 11 13 -8 -1 -33 18
-1 38 -22 -6 1 10 -29 14 -28 7 20 7 -9 0 -45 17 24 -12 -16 -4 14 22 11 16 -22 16 15 15 -5 -11 -5 40
13 24 -12 19 1 -7 -87 19 -28 23 -5 14 -32 -26 -35 -9 8 -36 -22 -3 24 16 12 -5 -22 4 -6 -5 -3 -3 -5 26
36 26 -6 23 -5 1 -11 1 27 -55 -23 20 16 -47 24 14 -9 24 23 -28 -11 15 5 -17 21 0 -3 -14 31 11 20 10
-43 12 3 -17 -27 -8 15 36 -10 -23 -5 29 -18 -57 47 -24 12 38 33 -15 5 32 22 -14 23 -20 -25 -27 4 7 -5 -3
14 -14 -3 21 -17 8 29 10 -22 19 23 48 26 -13 -12 -10 -39 9 -4 -10 -38 -11 3 43 -3 21 1 -1 1 -3 32 21
-47 -19 10 9 1 10 -3 8 16 -5 -5 -4 16 10 38 28 -19 -7 34 39 24 -5 -11 9 -23 -41 -18 12 -6 -9 43 -23
-11 -28 -3 -26 -49 11 30 -25 17 -30 0 -22 25 -36 -5 22 11 -33 -30 26 -8 -38 -19 -72 0 -24 -21 -26 14 -7 21 12
0 12 -27 17 7 -5 -31 -20 15 -5 -29 -15 -2 3 -24 22 1 -15 -13 -3 18 4 -23 -2 -28 10 1 1 6 1 23 33
-59 61 -18 3 -7 -24 5 -45 31 -20 -7 -32 -45 -2 18 28 38 -29 -19 -7 -7 35 10 -29 -49 26 25 11 -11 -9 -9 3
-4 22 0 -15 -16 5 -24 1 3 7 37 2 -16 3 25 -16 4 8 3 -89 -24 -25 -4 -25 -37 -61 1 -12 -4 -8 -3 11
-8 -13 1 -41 -4 -4 -31 -13 12 -23 5 -27 -35 -60 14 -13 27 25 -17 12 25 -4 15 -23 -18 -13 -19 1 -26 -8 -23 -24
-24 28 7 2 -34 -11 4 -8 9 -9 -17 -31 -5 -2 12 34 41 -30 21 26 6 35 -34 -35 -35 -10 -3 12 35 5 -9 34
-52 2 -40 29 -26 7 -16 -12 8 -3 -16 -15 37 6 6 12 -31 -6 4 -2 3 17 -3 -7 -10 22 9 -33 -1 -9 -16 -40
13 1 -2 -2 57 -2 -48 -31 8 -8 10 9 30 -19 -32 -19 -31 5 -9 -45 -26 19 3 30 -1 -7 -23 -6 -24 2 -13 -38
38 -17 -15 21 48 41 13 -25 14 20 -10 -1 -12 5 -4 -14 -46 -19 -8 9 -16 -1 22 17 34 17 -21 -6 -17 4 16 4
-26 -18 -12 31 23 -32 -12 5 6 9 2 -11 -25 -11 16 -19 25 30 6 34 -11 -3 21 -16 -44 -43 1 -16 -23 -10 7 -3
5 -38 16 11 -13 -17 -36 -1 -24 15 -12 -17 -20 -23 32 -19 9 -8 2 -2 1 -33 -74 11 -3 -19 -4 -30 -3 1 -2 29
40 6 36 33 -14 19 13 16 4 -11 -33 -68 10 55 12 19 -40 -49 -3 -24 31 28 -97 10 3 24 -36 1 -6 -10 -3 -18
35 4 -6 12 7 -12 -12 18 4 11 11 -57 -6 8 28 4 38 14 -20 -1 2 30 14 2 5 -42 1 19 12 -3 -34 -9
2 -32 30 20 8 16 32 3 -7 21 -13 -2 3 -28 -21 22 20 1 12 10 10 17 -4 7 -22 -11 -9 -16 3 -5 12 2
19 19 -16 -12 -33 9 -18 0 -9 -4 2 25 1 13 -6 21 -7 -23 -1 -17 42 17 -7 4 -18 32 16 -8 13 3 31 40
-19 -1 -2 -9 -1 10 15 10 22 -13 -4 -1 -57 -46 29 -29 -6 -3 28 -11 -40 22 15 -47 -17 -11 -25 25 -12 -1 -20 -71
25 -16 -2 -1 19 -47 13 -42 -23 -25 -19 -18 38 -7 -18 1 -15 14 45 5 8 -29 -2 11 14 13 1 -9 -18 -12 2 -7
7 38 29 3 27 17 9 16 -14 23 16 30 -57 0 15 34 -4 18 20 -17 6 64 26 -26 -19 5 -21 35 33 10 6 -38
10 35 33 -19 9 26 -41 6 -29 -45 -44 -20 17 -27 -40 -18 -25 -44 -22 19 -38 60 -53 -58 -25 59 16 -26 -12 4 -48 -24

-37 -12 8 -4 -38 25 -24 -26 6 13 10 15 -65 10 38 -32 35 -9 9 -15 9 -14 36 -9 -25 2 -48 32 3 -3 2 -3
-11 20 -21 2 -56 26 -37 28 -2 23 -4 1 4 -30 -4 4 39 -16 -4 7 33 22 18 10 11 -29 -6 -24 -28 -2 17 41
-2 -5 8 49 -14 4 3 8 -20 -62 -29 2 14 -62 -14 -11 -25 34 10 -1 -37 -12 -10 15 2 7 14 -34 -20 4 21 -4
-3 -45 17 -10 -70 -12 -10 -8 2 -12 -14 12 -58 23 -40 -38 -37 6 4 -30 -11 -58 20 -2 12 -41 23 -9 -34 -8 30 -26
-21 1 2 -28 -27 12 -27 50 11 5 6 28 12 -9 38 38 11 6 -26 -35 18 21 36 -47 -2 -33 -29 -1 -22 4 46 6
-39 3 33 0 59 -5 3 -33 -51 -22 -22 -44 -41 8 19 -81 30 45 -36 6 -27 17 -13 37 30 -13 -30 -52 -9 -1 -56 -33
8 -10 22 -10 -16 31 -21 -14 15 -19 -21 -12 -55 26 -23 -2 23 -5 -8 32 2 -51 22 -9 3 -25 16 -1 28 7 -8 -15
19 30 -34 -3 -18 -24 -31 5 17 1 23 11 9 23 -78 7 0 -19 13 -2 -1 0 24 -23 -4 17 19 4 -7 -5 -14 34
0 5 2 6 -27 -15 -61 11 -11 7 13 22 -39 -30 -18 -22 -29 39 -26 -15 -10 -6 -19 -29 -22 -19 1 -7 -40 -14 -30 12
15 -20 -38 19 -17 33 -23 -38 -36 -26 -56 34 -9 -6 -29 -7 -24 -45 -3 -33 -25 -31 0 48 23 -24 -20 -1 31 1 19 35
-41 -5 -19 16 -22 -2 -55 24 15 -23 -4 60 30 -40 -13 -17 14 9 41 -15 -13 30 29 26 26 -55 -11 -71 -20 4 -17 1
0 15 7 16 5 19 21 15 -4 16 0 18 -7 6 2 18 -26 -14 -14 -11 4 14 8 25 41 19 -2 -12 19 -4 -23 -39
-22 -45 -4 -4 -30 4 20 -29 -24 5 18 -16 19 -18 6 -19 5 4 9 25 -36 -4 1 47 5 -33 -9 -13 -31 -14 44 -21
-30 -95 3 -19 -41 33 -6 18 -27 -17 -5 -22 -20 -32 -21 -33 -21 -43 -38 19 2 -18 -6 -5 40 -36 2 -25 4 5 22 12
23 8 -20 -27 -12 5 -71 6 -8 -18 -26 -40 -31 5 -22 -11 -28 -6 -4 1 23 3 3 -49 -38 -7 12 10 -9 -12 15 13
-36 7 -29 -23 8 19 -5 -24 21 -45 -12 20 -12 3 8 -49 16 -13 -11 -15 -39 -58 -20 -4 -31 -18 -15 -11 -20 -4 1 9
-7 -23 -8 -11 -19 4 -8 -9 2 -32 48 -2 -20 -22 20 -45 -14 34 18 -97 -48 -49 17 8 -16 -62 -21 -28 -37 -10 -53 -22
-7 -10 -18 -39 -22 7 -30 -32 -8 -14 -9 -6 -6 12 -22 11 30 -8 -36 1 22 -24 -8 -14 -4 4 2 0 6 -9 -17 6
-16 -47 18 3 -27 2 -22 16 4 -20 -26 4 5 -38 35 -2 -27 10 15 17 19 -27 -34 -23 -67 -19 7 -10 2 -4 -4 27
-27 -18 -18 17 -22 12 -12 -39 -33 18 -31 -29 11 -28 -11 11 -39 12 12 -1 9 17 3 -41 12 -28 1 -21 -26 -9 24 -38
13 21 -38 -4 32 4 -7 -6 26 -14 0 38 -2 28 -56 -10 6 3 11 -46 6 26 7 20 36 0 -16 -15 -40 -2 -40 -41
-1 -13 -56 -21 53 10 -17 10 -23 27 -6 -34 1 20 12 -12 -1 5 -31 5 -6 10 16 33 56 -2 -6 15 25 4 -22 -34
-19 -44 -20 6 -6 -7 13 24 -2 -1 12 -17 -17 14 -4 -7 -2 -46 8 -1 12 -3 30 -35 -31 -44 -25 1 16 -8 6 -27
21 9 -42 1 0 41 -39 -24 -8 5 -33 -7 30 -24 -16 -12 -10 -28 -17 -23 -1 15 -61 -1 -3 43 -2 -6 -12 -1 -11 46
11 -15 38 40 -2 42 5 -1 -10 -14 -29 -52 -29 12 63 2 -17 -27 20 -17 45 31 -84 23 27 -16 -47 14 -18 -14 -51 -41
-7 26 -12 -8 1 15 -26 2 8 17 20 -41 -3 18 29 24 3 23 -6 -15 0 20 14 -3 18 -22 -13 14 6 5 -35 -4
-50 -7 23 -16 17 23 11 16 2 15 -2 -28 3 -6 -6 12 30 -23 12 16 5 -18 -20 7 -32 17 3 -32 -10 -4 -2 -7
23 19 -8 2 -15 -8 -5 -9 -2 -2 -12 34 -52 4 6 -11 9 -4 -11 11 48 16 -18 -9 -16 2 -2 10 7 -5 7 7
-31 -9 6 0 -15 -19 -1 15 2 5 -17 14 -23 -37 17 -27 -10 -12 32 -24 -51 19 13 41 14 5 -1 -58 12 1 -3 -45
7 23 -19 -5 -35 -5 35 -45 -7 -16 -24 -47 -64 1 4 -3 10 25 20 -15 47 8 13 9 25 -17 -24 -13 4 -11 26 -13
-5 9 19 -36 1 2 -9 -25 -4 -7 0 37 -42 -4 9 24 34 8 40 -18 -2 7 50 34 42 14 -2 17 11 9 -6 -36
2 -1 60 -6 -9 -14 -61 13 7 -22 -5 -7 36 -55 -12 -17 -25 -34 7 -7 -43 0 -36 -41 9 25 -19 12 -6 9 -31 -32

11 -49 -33 -13 -4 9 -31 -23 -11 21 29 6 -45 21 14 -24 -5 11 -13 -18 12 -12 26 4 -5 5 -9 20 10 -9 27 -13
-13 24 26 31 -42 -6 15 52 31 37 -11 21 26 -35 3 -21 -8 5 23 -9 13 -2 50 3 6 34 6 -50 -1 -17 -39 38
12 17 -44 38 -12 24 40 -11 -38 -31 -46 -6 23 -50 -34 -18 12 6 -28 -12 -64 34 -30 47 -33 -10 28 38 41 -6 -15 6
25 -47 -17 5 -66 -18 -23 -8 19 4 -46 21 -71 25 -31 -9 18 13 -3 -23 6 -35 11 9 -16 -23 37 27 -60 11 33 -17
4 -6 8 -4 -48 -26 9 30 2 22 4 -24 8 6 44 36 4 24 11 1 2 -11 -6 -7 34 -26 -16 -29 7 9 27 -11
1 -5 -25 -17 77 -3 48 -18 12 -6 -29 -19 19 28 6 -21 41 10 -30 -3 -31 37 13 6 -14 -53 -23 0 26 -9 -61 3
-24 21 35 -16 -7 8 -66 -15 -31 -17 -36 -55 1 26 -6 -16 11 13 -9 16 16 -13 -23 -19 -8 32 22 13 3 -8 3 -14
7 15 28 1 -11 -16 -61 18 14 13 5 2 -22 -6 -35 28 3 -14 33 2 11 -14 7 -27 3 30 43 12 16 1 -13 -15
4 -59 -5 -6 -26 -3 -70 -3 12 1 30 30 -5 -27 -9 -11 -26 16 2 5 -32 -23 3 -1 -13 -23 2 -17 -12 -13 -50 -6
23 -32 -13 -4 -23 -10 -7 7 -25 4 -50 -13 -15 -8 -23 52 28 -9 -18 -32 25 -39 -11 25 11 -34 -23 23 16 -12 15 27
-31 22 -20 42 -1 29 -33 7 -33 -13 -1 58 39 -11 -22 -24 -2 -11 11 -19 -5 40 33 -23 36 1 -8 -45 13 13 22 16
-10 2 24 -4 5 3 20 -9 8 10 -26 12 -35 -9 -9 23 -7 -17 19 5 12 29 -15 -56 17 0 -6 -7 25 -8 -17 -25
37 -13 -34 4 18 -46 8 0 -33 22 22 21 40 -2 -23 18 25 18 -42 25 -39 15 29 46 -22 -29 -9 2 1 -13 37 17
7 -35 -43 6 1 -40 31 -3 -20 8 -28 -34 -4 -6 -29 -31 -24 7 0 37 20 10 -11 1 15 -26 18 24 -19 -6 29 -28
11 -5 23 -49 -17 -16 -64 33 8 0 -9 -59 -19 17 18 3 -42 1 14 5 18 -7 26 -36 -10 -7 20 0 -22 -17 30 -5
45 -39 -56 2 6 10 -37 18 3 -48 -8 16 -1 7 5 -71 9 32 14 -5 -25 -67 4 7 -27 -2 -24 31 -7 -9 26 8
12 -20 -36 10 -5 -4 -38 -35 24 -20 29 4 5 7 -26 -24 12 11 26 -75 -82 -68 10 50 17 -30 -3 9 -20 -10 -31 -22
9 14 31 -6 -28 16 -35 16 -18 -24 6 -10 5 21 31 45 -25 11 -25 -5 21 1 -2 11 9 -12 8 34 34 3 -33 -24
4 -53 -18 18 -21 -44 -10 16 -26 7 -25 -5 38 -27 34 -36 -76 20 29 11 -3 -19 -21 31 -52 2 20 4 0 -9 12 24
7 31 14 -17 28 -17 -4 -41 -27 14 5 -6 7 -6 -4 18 9 14 22 2 8 15 -11 8 18 -13 8 -26 -14 -15 18 1
27 19 -34 4 25 45 27 -40 33 -9 -2 -3 3 23 -82 17 6 -29 31 -45 18 19 -6 -28 37 16 -14 -27 0 -2 -27 3
22 -12 6 -26 55 -19 15 11 22 15 -17 -22 17 2 9 9 -25 -34 -33 -3 -8 -33 28 -20 27 0 -20 61 17 -3 -15 24
-31 -64 34 14 15 -1 -8 41 -26 14 15 -19 -26 -8 9 26 -6 -47 33 18 24 12 -4 -39 -18 -53 -7 15 10 -8 21 -16
13 33 1 -9 -10 -20 -20 11 8 3 -24 -14 12 -34 -33 -15 -50 -26 -15 -4 10 14 -43 -22 5 47 -4 -15 -2 -1 -27 0
-20 1 52 10 15 -19 34 1 -5 -21 -17 -25 -55 1 37 -53 39 5 17 -24 5 -11 -61 28 35 15 -56 -18 -46 -19 -35 -54
-28 -4 3 -10 -1 12 1 5 22 -1 21 -28 12 1 13 13 -1 6 1 11 -18 -1 4 -7 -9 25 -4 19 9 -16 -1 -17
-50 -7 5 16 39 0 6 1 7 -5 -17 -2 -12 11 -6 0 -6 -26 19 11 1 -8 -4 -14 -15 5 31 3 -4 -1 -3 10
18 5 6 17 -25 -17 -25 -10 8 -4 11 14 -34 15 11 6 17 10 35 4 23 -5 3 -22 -15 23 28 3 -32 -11 11 0
4 -9 -18 18 7 15 12 -13 -18 -4 -19 11 -30 8 3 17 14 -5 13 -18 -3 -16 -6 47 -1 21 1 5 17 -10 27 -18
-30 23 -7 -7 -18 -27 55 6 -2 -19 11 -43 -45 5 -10 -16 4 -2 9 -14 18 -10 -13 -6 12 17 0 -11 23 -3 41 7
-1 -11 -12 -40 59 8 -16 -38 -13 -5 -24 4 -9 19 -24 -2 61 30 7 -7 -35 -25 9 3 30 23 -1 -42 30 14 2 21
26 -26 53 -37 -15 2 -65 -4 -30 -10 -26 -3 14 -49 12 0 -72 -2 16 -9 -17 -29 -11 43 -7 9 -7 15 -19 -10 4 -9


