7 -58 -2 -15 -36 6 22 10 -5 17 -10 -11 -48 14 -20 -25 -8 -12 -10 10 10 5 -41 3 -3 -13 3 -10 25 21 0 51 11 4 -16 19 -3 -83 40 23 23 -11 -2 5 -27 0 8 -19 39 20 4 12 31 20 -5 -31 0 6 5 25 7 -37 -17 30
-4 -71 -63 9 -2 -2 1 -2 -16 24 37 -28 6 9 13 9 -4 21 31 10 -7 -3 20 10 -5 -12 8 -12 3 -4 20 -35 33 10 29 6 -4 -62 -13 8 41 2 1 -26 -3 7 11 -23 14 3 -8 -35 3 10 -15 -5 22 -21 14 20 -39 -10 24 20
-4 -30 -24 7 -11 4 -32 34 -15 40 -10 -3 14 12 -11 21 -11 18 14 34 10 -9 -27 -45 -31 19 -23 13 -9 -18 -9 -5 16 22 30 -40 8 -55 3 -5 10 -1 -23 -18 -40 -46 5 18 0 21 9 -6 8 27 -3 -17 0 -22 8 0 6 -3 11 -5
-6 -30 5 1 23 -1 -39 31 21 19 3 5 1 -10 5 40 -13 -54 2 -12 12 -3 -57 4 -35 -5 4 -7 -2 -3 -11 16 -11 14 -2 2 -38 -10 6 18 5 -3 -8 -41 33 -16 -1 3 8 -2 40 9 7 -23 -11 -14 9 1 -10 -36 -13 -24 -9 32
-50 -106 16 2 -11 0 12 43 -3 37 -8 13 67 20 23 -4 -4 -14 -19 -5 -28 2 -68 11 9 3 5 -11 47 -5 -20 -29 2 26 23 19 -27 -52 28 30 4 22 -10 -22 56 8 1 11 3 -11 11 37 7 -27 -1 13 31 21 9 -5 10 19 -10 -22
-71 -1 7 -47 47 -11 -19 -22 -2 -41 14 15 33 -4 -17 -14 -12 -18 -35 -42 33 -3 11 -17 -11 -27 -42 36 -1 -66 -62 -12 -11 -11 -1 -5 17 -3 -30 -23 -29 2 -9 -11 19 -18 -18 4 -27 -14 -8 -36 -9 -71 -2 -24 19 -17 -11 14 21 -30 -51 -99
-54 35 9 -24 14 -9 -7 -32 38 -59 4 -7 16 -32 29 5 -7 24 -28 -24 12 -9 21 7 6 -17 -46 45 -5 -54 -81 -7 -10 -44 -14 -5 5 -13 -16 8 -34 9 18 17 -27 4 -6 -32 -25 35 1 -24 -21 9 5 -8 -6 11 14 -11 -7 12 -27 -58
32 -33 -50 16 -31 6 6 40 16 -8 -21 27 -7 -36 -6 -4 -6 -5 16 24 -41 -10 -16 -34 -32 -18 -5 -14 -15 -2 76 -15 -28 26 16 -12 0 -45 -20 -9 16 -54 -41 -6 3 -5 7 -4 19 44 -18 -7 -28 -10 -18 22 19 -40 15 7 -1 41 36 9
-25 -23 -17 2 42 -2 -50 -13 -2 -15 8 -26 11 -24 -31 3 -8 22 44 -4 39 0 -14 -13 -25 -7 -38 6 13 -9 -17 -15 10 -12 10 -15 35 15 -7 -23 -17 -16 7 -22 2 -15 11 -37 -11 15 -28 -29 -57 13 -3 -25 31 21 -27 3 5 -1 -4 -35
23 -8 48 24 -32 -10 13 -19 1 37 -26 50 14 12 -40 12 1 -20 -2 14 -13 -15 16 -20 4 21 30 -19 2 18 25 11 -28 37 18 2 -43 -19 3 -3 -53 -27 1 -13 -3 -23 11 -8 34 10 -19 29 -5 -48 1 23 56 33 -28 -5 -6 1 18 -8
3 -35 40 22 9 -12 6 44 18 25 17 -38 2 -16 5 21 -8 10 -14 -9 3 8 -42 26 24 -8 12 12 -7 0 7 15 27 -7 13 -3 -19 -23 -9 -8 7 -8 -17 -11 7 14 -18 -9 49 26 -29 9 10 -17 -7 11 10 15 -5 -2 -36 3 -10 -13
-16 -51 18 -11 19 -8 11 29 22 1 -46 -11 -12 -1 19 22 -4 -29 -2 16 8 -11 -78 -5 -2 -14 7 19 6 11 3 35 19 7 20 -7 -5 -76 -1 -10 0 -30 4 -22 -19 27 -20 -44 -15 31 -7 23 6 -6 -10 5 -23 8 -16 20 0 2 -9 -12
-20 -60 -28 20 -22 5 -19 4 15 25 -18 5 -61 -2 10 22 -2 2 33 20 27 -9 -14 -8 -10 4 37 5 -1 -6 17 -13 -11 20 -20 -7 5 -19 36 -27 46 -23 2 -46 28 -39 6 7 14 21 -18 -20 28 -48 -12 8 6 -18 24 -12 12 8 -9 -32
19 -26 -15 20 -24 -13 21 -49 -14 43 26 -15 -40 -18 -38 11 -11 18 32 -18 12 1 -8 -3 19 15 -14 12 -29 5 -1 27 -9 -8 22 37 23 -49 35 -13 1 -7 10 -2 -40 -7 -33 15 44 -7 -36 -8 36 -8 -11 23 15 -2 2 -1 20 21 21 -40
-41 -10 -35 -60 -21 0 -4 -32 0 3 29 -11 11 30 -2 -7 3 -29 -31 -21 -24 1 31 23 11 -2 -12 28 -9 -22 -36 -49 26 -9 31 7 22 -45 -26 -15 17 -53 -30 4 -27 -21 -6 -33 9 4 -29 -38 -17 4 -3 12 13 -28 4 -15 -40 22 -19 -15
-12 17 -56 -39 -46 -3 29 8 4 29 -49 4 -107 33 -39 13 -8 9 -16 17 60 -7 -6 -20 -12 -30 17 2 24 0 -1 7 6 -47 -10 -58 42 -59 23 4 48 -51 -3 17 -14 19 25 -14 -13 6 -2 -19 18 -14 -10 0 -10 -17 -52 16 -3 -8 1 -26
31 -4 -19 22 -28 -6 -18 -4 -21 -37 -1 35 -10 23 -18 -16 -3 6 -12 21 31 -11 20 -14 7 -40 9 12 -48 14 -1 17 32 -61 6 -2 21 -30 -42 -8 -38 -26 6 15 -4 -4 -15 7 39 3 10 -17 -22 2 -3 -2 -21 40 -45 40 1 -19 -6 2
0 -75 3 27 3 -6 -38 19 -11 14 18 16 10 -18 12 46 1 -20 21 -20 -21 2 -2 20 -9 -19 41 4 -14 -8 10 -58 45 9 17 19 -11 -45 -6 1 11 -32 12 -27 -4 18 32 -22 -8 47 14 10 -16 -19 -4 22 18 -17 24 -15 19 49 5 -3
4 4 -19 16 -21 -8 -6 14 -22 -6 73 -19 -23 50 -34 33 1 -13 -3 -13 -18 -12 16 -7 12 -26 -4 35 -13 9 -4 54 -10 -51 -8 -74 5 -61 -24 -37 -26 -14 18 24 5 -17 -20 14 7 22 13 -4 -5 36 -6 -4 8 -34 -44 -1 -22 -15 24 0
20 34 -16 31 -59 -4 -11 -6 -22 -29 -18 13 30 12 -2 -13 0 -5 -19 -6 29 -12 3 -7 8 22 36 11 20 6 10 5 -48 12 -13 43 -56 -10 -17 30 14 -5 -2 -32 -17 13 3 -50 -21 -44 -18 20 -30 2 -6 8 14 25 34 33 15 -6 -29 19
-6 -19 -31 6 -45 -6 59 -5 -22 33 -25 10 -27 2 -71 -4 -3 4 12 3 19 6 -20 -14 5 -24 30 -25 -2 20 -17 41 -44 -36 18 -51 15 -35 -3 42 29 -40 -7 17 13 -24 15 37 17 6 19 -2 36 6 -7 22 0 -25 -22 6 0 -46 17 23
-3 -41 -81 54 -40 -9 45 -26 -2 7 -13 5 13 -26 -42 17 2 -28 20 18 1 -10 8 -47 3 -48 -6 -50 -36 -1 24 -29 -10 -4 24 -5 17 -52 -14 -10 -10 -26 2 0 -6 -43 -17 -54 16 14 -3 -19 -17 -53 -8 3 -3 -12 -19 -8 -85 -13 17 4
-30 -41 7 12 -6 -12 -15 52 34 -40 -9 13 42 27 29 15 -7 -4 -69 37 -32 -3 -33 11 -13 -28 -2 13 30 31 -56 -18 1 27 -21 2 -31 -53 -8 -11 5 23 -24 -5 32 -24 -24 11 18 -2 13 16 -34 7 -11 -2 -38 10 6 -3 -16 16 -3 6
-10 11 46 58 -15 -14 -5 -47 23 40 16 -2 9 33 15 13 -8 12 -2 -13 -2 -6 14 -56 0 -36 15 -3 -3 -3 -10 -45 21 -5 -10 18 -5 8 54 -39 -25 -2 -18 -22 -18 34 -10 4 31 39 -21 -23 -26 5 -6 23 62 -23 15 -9 5 39 -24 -51
-25 33 -15 -13 -7 -5 -3 -27 31 -55 10 -2 -13 -1 -8 -31 1 -31 7 3 -30 0 21 -22 -16 -33 -13 19 2 5 4 -9 35 0 -12 -8 22 -1 -35 -12 -3 -24 2 14 -25 4 -23 -13 -5 31 -65 -36 -36 -15 4 15 1 -16 -48 12 -6 -20 -55 -25
-14 -61 -44 23 -4 7 -5 27 22 6 15 24 16 2 -4 6 -9 26 12 26 -26 5 -22 12 26 7 11 17 -13 -10 -25 -31 21 25 6 -2 -25 20 -20 15 -26 -13 23 -27 -18 -66 0 -4 28 4 25 34 24 -46 -3 -16 16 -3 2 -6 -42 -7 32 28
17 -37 17 7 -27 -9 -20 -11 23 42 -15 32 -45 -9 -10 7 4 5 21 51 34 -11 -24 1 -36 -14 36 -14 -3 -9 39 -19 23 36 5 28 -63 -103 2 7 -23 -38 -10 -63 7 6 12 -40 19 13 -12 12 -18 -31 -17 -7 20 -3 -23 17 -9 -25 24 6
34 -14 33 26 -25 -7 -19 -39 18 0 6 14 21 5 23 -3 -11 16 12 3 -33 -6 -9 26 9 20 9 -8 -9 40 22 1 6 52 -29 16 -20 -47 1 -21 -28 14 -15 -42 -9 16 6 -18 22 12 -38 10 12 -6 -6 6 31 31 13 -34 -1 16 4 -21
12 -38 -11 11 -64 -3 9 -4 -19 10 -5 18 -4 7 -12 24 1 3 -2 2 -2 3 10 -22 17 28 -18 -18 -27 -23 25 -31 14 50 38 9 -13 -47 7 38 -12 -30 -11 -13 -25 -20 15 -27 6 -32 -10 28 19 -14 -3 30 29 -15 -38 24 22 21 34 15
-9 -2 -4 3 4 6 10 0 -5 -5 -4 2 -7 4 -1 -5 -8 4 -9 -3 1 7 8 -9 -3 -11 12 -10 -4 9 -1 -7 -2 11 -6 -1 -1 3 12 -8 6 6 0 -8 4 -5 7 6 -8 -6 1 4 1 5 -8 4 -6 2 4 -6 0 3 1 4
13 -12 53 8 -22 0 17 38 0 -29 -24 -31 12 31 4 -19 1 -43 -60 -7 34 0 -35 6 3 3 7 10 26 27 -40 23 -13 6 1 -29 -31 -29 7 27 -7 -7 -12 6 4 7 -18 -17 -23 1 -13 32 -1 6 -17 -28 -4 -19 -64 18 5 -5 -9 -29
34 -30 1 -14 12 -5 -3 20 11 8 -5 8 1 15 -1 13 4 -32 -2 9 20 -7 -14 34 24 30 31 5 37 -1 55 -1 12 37 12 8 -34 -43 30 23 29 -9 -12 -49 -30 21 14 4 -11 -2 9 19 -2 -15 -12 36 -4 -6 0 8 22 41 10 33

17 11 -11 -21 -29 1 -16 -20 -6 14 -17 -24 -105 19 12 -23 -1 46 -8 21 -26 -8 3 33 12 11 40 -15 32 7 30 -9 9 -23 -14 -4 -3 -32 42 38 30 -15 9 13 -9 1 42 -35 26 7 21 10 19 27 -14 -17 3 -19 -16 2 14 4 2 48
-24 -74 -82 -43 -13 -9 -8 -6 -16 -16 24 -38 -20 11 18 -4 -11 4 8 11 -48 -6 -12 9 -43 6 1 -18 -14 14 -9 -25 -1 -31 -5 -3 -7 -38 -8 -11 25 -13 -9 -7 -22 29 27 -25 -5 -9 -12 -37 33 37 3 -5 8 -23 -52 5 -26 28 14 -18
1 11 -6 1 10 7 -51 -1 15 52 -29 -33 15 -50 31 17 -7 -6 15 11 -30 -5 -54 -13 -22 -18 -13 21 0 -16 -29 -19 36 48 13 -13 -1 -45 54 9 5 -10 -44 -31 -62 -56 -8 11 -20 15 2 12 -28 -36 -2 1 4 -47 32 2 19 32 8 1
-4 32 7 7 30 -7 -27 -13 7 18 8 -16 0 -4 -3 28 4 -20 15 -37 -46 -15 -31 -14 -28 12 -4 -3 7 7 -4 -6 -5 26 17 26 -27 4 14 10 -1 -21 -24 -45 16 -1 24 3 31 19 43 10 -27 -38 4 7 26 5 16 -51 14 -3 -1 48
-30 15 -14 -27 -11 -15 1 -22 -11 7 -25 -5 -31 23 32 -3 -11 -2 -50 -8 -22 3 -49 28 -18 -4 -16 -33 56 -6 7 -33 -5 32 4 3 -17 13 38 18 31 13 1 -22 35 28 5 -19 -18 -23 19 35 26 -3 -1 -8 23 14 2 -16 2 20 -14 -14
-61 -7 25 -75 41 -1 -11 10 -26 -38 -12 22 27 -47 -28 -33 1 -46 -27 -33 33 -3 13 -29 -17 -3 18 27 -11 -36 -61 29 -9 -10 -23 12 13 8 -101 -41 -30 13 -21 -22 -10 -17 -17 1 6 -8 -12 9 -23 -85 -2 -22 27 -53 14 -4 -15 -23 -110 -72
-26 9 47 6 5 -10 7 8 17 -35 -40 -25 2 -22 20 30 1 26 3 -23 11 -3 -2 1 11 27 19 35 2 -46 -69 19 -14 -5 -22 4 -2 3 -47 0 5 32 -26 -9 -31 10 -6 -39 31 38 3 14 -38 -48 -12 -4 3 -20 38 -30 4 37 -59 -22
-3 10 -20 -19 13 6 12 2 20 1 -5 -6 14 -81 13 11 5 -22 7 12 -10 5 17 -37 0 -41 -7 10 16 3 4 -10 -3 -6 21 -16 14 -41 -15 9 -38 -70 -47 -10 -37 4 -32 -39 4 35 -43 -16 -36 5 -18 8 -33 -25 -19 -39 12 1 28 0
-31 -60 -20 -42 43 -1 -48 4 -16 -1 -5 -17 -1 -27 -4 -32 5 24 7 -3 24 -4 -5 -17 -36 -34 -48 11 1 12 -51 -32 -10 -24 -24 16 24 -1 27 5 -8 -11 -8 43 -30 -29 12 -8 -41 -3 -29 -17 -58 -21 10 -3 58 -4 -20 51 -40 27 -29 -34
31 -8 -2 22 -18 -5 -5 6 -13 55 -24 -7 -30 -6 5 36 4 21 -15 10 -17 -4 29 -19 0 -3 -6 -33 0 -6 37 -4 -44 -7 19 -13 -35 -65 12 11 -31 -45 6 -20 7 -34 11 -27 -16 -18 -12 34 -12 29 -7 -4 46 19 -35 8 17 0 6 -12
-19 -6 -8 21 4 -6 -35 -13 15 26 25 -34 -18 -40 19 -11 -8 7 8 -5 5 -10 -11 -1 6 -13 16 16 -3 9 5 12 28 -27 -7 -4 -26 -15 28 19 -55 6 15 -37 -4 14 -1 -9 13 33 -28 -10 13 2 -3 22 8 17 -2 -32 -18 -17 25 -46
-17 -7 -13 -33 16 -2 -11 12 28 6 -28 -28 -24 -9 5 8 -6 -29 -25 13 -13 -1 -14 17 -4 -11 -6 -6 21 -8 3 15 16 -13 -17 -19 -4 -55 14 20 -7 -6 21 -51 -6 -18 26 -17 11 7 3 9 -8 -3 11 34 -31 -4 -18 -18 -1 24 -6 -19
-17 24 -61 31 23 3 -27 -2 4 37 -4 -65 -44 -2 3 5 -4 -4 31 20 -43 -2 -45 -36 -12 23 9 9 12 -19 -19 4 12 19 -33 -39 -13 1 18 -39 -17 -5 1 -36 10 -34 29 -4 7 45 -11 4 30 -9 5 4 1 -47 8 -13 -2 -8 4 -39
9 -6 -56 -10 -27 -7 -6 -23 -25 -2 7 1 -40 -13 -30 13 -4 14 -1 -16 15 -6 1 -13 26 -24 -6 19 -87 12 -39 21 -6 -28 12 4 31 -68 -1 -16 -43 10 15 12 -15 -12 -18 -1 4 -3 -2 6 16 0 -10 -3 29 21 -18 23 -46 -37 30 -62
-68 -16 9 -55 -22 -9 13 10 12 -24 -8 -15 10 -4 31 -28 5 -64 -37 -2 10 -10 44 -5 11 -39 -6 12 -16 -17 -36 -10 41 -62 27 -2 41 -27 -43 -2 13 -24 -101 2 -37 5 5 -36 30 13 -11 -44 -22 -74 -10 10 -37 -12 18 -3 -60 11 -72 -32
-20 68 -64 -26 -12 -15 16 -1 -11 44 -26 -14 -72 -1 -55 2 -11 4 -25 32 10 -7 1 -9 -23 -16 2 -20 9 -13 -18 19 30 -36 11 -29 -9 -74 22 2 -2 -32 7 13 8 -45 16 -74 -11 -5 17 1 -12 -3 -3 4 24 -47 -26 16 -41 7 14 -17
7 -15 -61 -8 -17 -15 -19 22 -7 0 16 -17 16 2 -6 -11 -16 -4 7 17 -14 -9 11 4 10 -29 -25 -9 -41 9 -5 18 4 -54 19 -10 5 -75 1 6 -15 -50 -9 12 -16 -23 26 10 -15 12 -27 -31 4 -4 -10 7 5 20 -55 46 -51 19 -24 -1
-27 -56 -6 -8 -3 1 9 7 -12 -8 34 0 14 -23 34 26 -1 -27 -45 -6 20 -7 12 -22 -12 -30 -17 8 1 -11 -12 -45 16 29 -3 21 9 -45 -6 -16 -2 -41 -3 -33 -9 8 19 -26 -13 34 4 19 -14 4 5 -8 -13 -29 1 -18 -2 15 -14 -21
-13 41 -9 1 -2 3 -6 6 19 4 40 -20 -5 31 -1 -14 6 -18 10 -18 -20 4 -17 0 9 -15 7 28 18 -15 -30 -2 43 3 -13 -3 2 -12 10 -6 -24 -3 8 14 10 -17 11 18 12 26 34 -20 -38 -21 -7 34 6 -46 -23 -25 12 23 12 6
43 36 -23 4 -34 -17 -22 -5 -8 -8 -11 26 5 17 0 2 4 1 -20 -5 15 0 -1 7 1 -10 8 -4 21 -9 29 -12 -103 14 -6 5 -58 -31 -22 9 1 0 0 -33 -2 -14 -33 -79 -29 -58 -11 28 -32 -34 2 -21 36 4 39 10 13 4 -13 4
-16 29 19 1 -14 0 42 28 -12 8 -39 -43 -10 1 -36 11 -10 1 11 4 -15 3 -4 13 -1 0 20 -26 -10 12 -36 22 -41 -86 39 -26 29 -2 17 21 -1 -46 -27 -5 16 -17 16 -1 0 4 2 -19 11 10 -7 -4 -9 7 -18 36 -57 -31 -4 24
-28 28 -65 2 -41 6 32 13 -10 9 -6 -39 -6 -3 -35 -27 -9 21 -22 11 12 7 38 -6 24 -31 13 7 14 2 -29 -20 -30 -34 10 -12 29 -11 -7 48 -4 -53 5 13 -19 -44 -4 -57 -8 1 -20 -38 7 -17 -4 10 21 -16 -14 22 -20 -3 -9 3
-3 -6 19 8 -2 -3 -38 10 31 -6 -17 25 -21 27 22 -23 0 -1 -15 21 -29 0 -12 -7 -29 9 -30 -52 17 14 -52 -51 16 -5 -37 22 -25 -50 1 -27 0 -3 -14 -40 29 3 -5 2 1 -16 -20 1 -28 -12 -2 7 -14 38 2 -9 -6 13 14 -24
-20 -7 -11 -16 -28 -4 -10 -12 18 17 18 5 6 -10 20 0 2 7 0 11 -2 -1 6 -52 -1 -23 -3 28 -7 -5 -6 15 10 -17 -4 13 -4 27 1 -47 -46 9 -29 1 -7 6 -42 5 7 10 -28 -25 -42 -6 -17 8 27 29 6 -3 -8 15 -35 -64
-14 5 8 -28 2 -2 -23 -6 12 -19 -18 -8 7 0 -13 -33 -8 -22 -25 25 -3 -14 43 -24 -12 -53 -36 -14 9 2 -42 5 37 -39 -18 2 31 8 -28 -3 -27 -11 -18 24 -21 -21 -26 -35 11 22 -49 -61 -51 -7 -11 19 2 9 4 -4 -10 31 -21 -25
-10 -19 -32 5 6 -6 -17 -3 19 -2 -10 -26 26 18 17 11 -6 28 21 4 -53 5 3 32 24 16 -30 -26 -27 14 -23 -41 13 -19 -1 0 -49 46 -24 20 -6 -16 10 -42 -16 -23 -8 -14 -31 -18 -7 17 23 18 -2 -2 1 -13 -35 -42 8 24 10 1
17 -9 -56 -4 -29 0 -47 -21 12 13 -4 -22 -27 -2 13 1 -5 10 13 49 -8 -1 -25 -8 -51 -12 -11 -15 -7 10 19 -23 42 24 -22 -1 -65 -36 13 8 -14 -21 -2 -29 8 4 -6 -57 -6 -10 -25 9 -21 11 -19 -13 20 -17 -39 -5 17 21 29 -5
32 -26 17 26 -54 4 -52 -18 16 1 23 -27 -13 22 24 -13 -9 38 3 30 -30 0 -16 -6 6 25 -13 -4 -21 24 6 -18 17 28 -11 -32 -30 -38 3 10 -49 14 -6 -6 31 -4 -5 -57 5 8 -59 3 -3 10 -8 -10 44 26 -14 16 0 -9 23 -27
-1 -23 -40 28 -47 -17 24 -28 -31 -16 9 10 -6 5 1 21 -11 -6 -24 9 -8 5 6 -30 24 22 -29 8 -42 -21 -4 -1 -44 18 31 18 -17 -54 9 -21 10 -46 9 1 -40 -15 -10 -71 -33 -30 24 28 8 9 -12 28 -5 -12 -46 39 -39 7 6 2
-3 -5 5 5 3 -2 -5 2 3 7 11 -5 3 8 -6 -6 2 7 11 -12 1 -2 -5 -4 -7 -5 0 3 -3 -4 -6 -10 -6 -7 3 10 -4 1 5 0 6 -12 -8 5 5 0 -7 -10 -7 -7 3 2 -10 -1 2 1 8 -5 -9 -6 -5 -12 -7 6
23 9 26 1 -16 4 2 5 6 10 -33 -19 -33 48 -20 -50 -5 -23 -34 -7 -18 -11 -24 18 16 5 11 3 27 10 -13 -28 -6 -18 -11 17 -43 -8 24 13 15 12 -2 -14 18 -6 -38 -16 12 -7 3 5 -18 -38 1 -1 18 6 -18 -2 0 29 -23 5
17 -22 -41 -44 11 7 -18 -29 12 -15 -1 -3 -13 3 -8 15 -4 -63 4 17 -31 3 -24 -2 -2 -4 -15 -37 19 -12 40 -9 0 11 19 21 -52 -67 -10 -18 14 -29 -8 -52 -25 2 11 -49 -5 19 -17 9 -13 -18 -3 0 -2 -12 -17 -26 -1 25 7 8

25 43 -22 13 -31 -13 -6 -33 -8 -32 1 -22 -93 19 24 -9 0 31 2 8 -3 4 10 28 -7 10 62 -3 20 26 32 -20 19 -25 24 17 26 -41 44 8 38 -34 -2 18 -16 -15 24 -36 -22 -3 24 15 29 47 -4 -16 29 -24 -8 -3 -12 11 5 46
6 17 -64 -41 -27 -7 10 2 -34 -12 -5 -37 -34 11 16 27 -9 2 20 11 -24 -8 10 -25 -29 -19 -58 5 -2 18 -19 7 13 2 -27 -55 20 -6 24 -11 15 -41 -18 10 -22 27 2 15 -22 0 35 -10 -1 37 -9 -11 -28 -60 -40 7 -10 -21 -6 2
14 51 -28 31 -27 -2 -26 -17 5 37 -39 -40 3 -35 33 36 -7 16 24 20 -16 1 -22 2 17 -3 -29 2 -38 -15 -22 -23 -6 23 26 13 -31 0 26 28 0 -22 -4 -21 -54 -53 -16 34 -47 37 26 3 -28 17 6 -26 -6 12 33 -5 16 35 -1 -2
7 45 -24 19 -4 -6 -25 -77 14 -8 12 2 -4 -10 -3 52 -9 -37 7 -15 -8 -4 -17 6 -43 10 -2 17 -7 13 -54 18 -4 39 -2 7 -17 9 -16 11 0 4 -1 -48 18 -25 13 8 18 28 32 -10 -9 30 7 -16 4 6 36 -43 14 6 13 -5
-5 37 -46 -11 -30 -12 6 -41 -19 -11 -19 6 -55 -2 12 10 -4 -39 -71 22 -16 -10 -10 5 -22 -1 -2 5 47 14 -28 -39 -13 30 24 -3 -29 32 54 5 7 -7 7 12 38 22 -1 26 9 17 20 17 0 21 6 -36 -9 17 -24 -5 14 13 5 -19
-86 -73 0 -70 21 4 4 10 -10 13 -12 -16 34 -27 -38 -19 -11 -26 2 -45 25 3 -12 -31 -24 27 -7 -3 -2 -71 -8 63 -16 -20 -24 7 12 5 -79 -42 -36 20 -11 -23 12 -12 6 -11 -16 -34 -11 22 -19 -87 -4 -30 35 -56 37 10 5 -23 -30 -50
-14 -46 13 -21 -15 0 -10 -2 11 67 -25 4 9 -62 -3 42 -10 8 58 -14 17 -3 -18 24 12 36 45 16 9 -56 30 36 -39 4 -20 13 -18 5 -35 0 3 29 16 -28 3 32 32 -1 16 44 3 3 -18 -24 -6 -37 -3 12 55 -26 3 9 -4 -27
5 23 12 28 -15 -1 8 -52 31 -14 -3 -31 -20 -45 5 -10 -12 -6 -25 -6 -17 -1 23 -2 -2 25 -43 20 0 0 -29 -17 10 15 -4 -25 -8 -9 2 -17 -36 -34 -14 -23 -18 -17 -1 -34 -23 54 -8 -31 -17 28 -8 27 -11 -6 -9 -4 22 24 33 -13
-3 3 -31 -23 40 -10 -7 -4 -3 -16 -31 -1 1 -8 -16 0 -3 1 44 -5 26 -6 16 -1 -12 -34 -47 9 6 0 -5 4 -24 -43 -54 -9 -11 22 27 -7 2 -20 -1 5 -15 -2 8 4 -6 -17 -11 -44 -72 -40 -1 -20 57 -1 11 31 -22 -10 -40 -1
25 12 -57 18 -25 -3 -4 17 4 8 0 -16 -39 9 7 30 -12 22 -25 1 -5 0 10 7 5 2 -51 -25 21 -7 -5 -14 -23 -27 10 -29 18 -53 48 4 -34 -37 2 -43 -6 -22 -16 -16 -66 -27 -4 20 -12 12 -1 27 34 29 -49 34 0 26 -7 -12
17 23 -43 5 12 4 -31 -42 12 25 -3 8 -8 4 -8 9 3 -3 26 -11 8 4 21 1 -7 10 -14 32 -16 19 -13 13 28 -13 -29 -3 -37 -14 32 23 -3 -2 10 -23 5 -20 23 32 -23 15 7 -4 -11 19 -11 -5 8 22 5 -33 10 -8 13 -14
0 -12 -40 -33 20 -5 -14 -57 12 -5 -25 21 -42 15 -20 -26 0 -8 -27 14 -32 -13 9 18 10 10 12 3 34 31 -12 -5 35 8 -2 3 4 -60 8 5 21 -44 -22 -25 6 -43 22 21 1 -16 34 3 15 7 0 27 -62 0 0 -27 6 44 13 1
10 0 -25 30 -20 -2 -25 30 -25 35 5 -46 -66 17 7 25 7 -9 7 12 -52 8 6 -17 -5 -31 -27 37 -12 -5 7 3 16 -3 8 -21 3 9 13 -37 -1 -32 -19 -20 16 -18 38 27 -6 5 -7 16 24 17 4 17 7 -45 17 -17 -3 -10 -13 8
12 17 -61 31 -33 4 15 19 11 31 -12 -38 -22 -1 -11 21 -10 1 32 2 16 -1 -6 5 16 1 -8 19 -59 3 -23 17 -5 -64 -7 -10 -23 -27 17 11 -55 -2 0 28 5 11 -15 -23 -90 -10 24 22 28 -27 -13 11 9 15 1 29 -10 -34 38 -51
-56 -18 -10 -18 -39 -1 6 7 13 51 15 -14 8 -34 7 8 2 -25 -31 0 -8 -9 22 8 10 -14 5 -9 -18 -24 41 0 18 -21 31 -6 -3 -23 -8 32 11 -9 -24 -27 -9 -9 13 -26 -25 16 28 -7 2 -65 -11 -11 -30 -15 -1 6 -22 5 -2 53
18 34 -104 11 -23 4 -5 13 -8 10 -44 -20 -13 13 -2 18 9 20 -19 13 -16 6 12 -10 -5 -13 10 -18 -39 -2 -9 -2 -6 -9 32 -3 14 -43 -9 11 -14 -14 16 24 -12 -83 14 -64 -31 -35 21 -15 13 -32 -15 -2 -4 -19 10 9 -13 18 25 -2
17 -12 -96 7 -17 8 34 17 -1 -59 17 -30 -13 20 31 1 9 -6 4 10 -29 -11 32 -14 13 8 -25 -34 -8 -5 3 18 31 25 39 -15 11 -37 5 25 26 -56 -16 -7 -48 5 -23 55 -32 -1 -14 -26 -19 4 -2 20 -2 -11 -30 -9 -5 17 -1 45
-14 -21 -19 -7 21 5 12 -9 -32 -14 37 -7 -10 47 18 10 -5 -1 -43 -6 16 -2 22 -32 -22 -18 -32 18 -6 -7 4 -23 23 11 -15 -33 21 -35 7 -12 -3 -25 28 -14 21 -33 36 15 5 -5 49 -15 -15 1 -3 -7 -17 -30 -22 23 -7 -27 6 23
8 32 -3 7 -19 -14 6 -6 25 10 21 43 -5 17 17 16 -1 -16 31 -25 -1 -8 -6 7 -6 38 22 15 0 6 17 -32 37 66 -10 9 -50 -8 -10 6 30 24 22 5 8 -18 23 22 2 30 38 -13 -11 -14 -4 -2 -4 -48 0 -23 25 62 -1 10
39 4 -46 21 -23 -21 -1 2 4 -30 10 -17 8 39 15 0 -7 2 -6 0 -36 -15 -2 -1 27 40 -13 8 14 -19 32 -9 -52 1 30 10 17 -33 -31 -2 14 -14 22 8 8 -6 -55 -54 1 -82 -8 -24 -10 -54 -11 -20 15 11 22 -18 23 26 -20 12
-3 41 -28 -7 -6 -4 16 20 12 6 -25 -62 28 -12 1 21 3 6 1 -13 -15 -9 7 31 -4 -10 10 -30 -15 -10 -21 6 -10 -52 22 -9 12 19 6 18 -8 -4 -21 -2 3 -16 0 27 -44 13 0 -17 20 9 1 20 -12 17 1 40 -40 -12 1 -2
13 25 -106 -18 -34 -17 9 24 -12 2 0 -32 -40 26 -9 -36 -10 42 17 -21 -2 -5 0 13 23 1 7 11 28 21 -16 3 -3 -15 -28 4 21 -4 31 9 1 -84 -5 -6 -39 -4 30 -6 4 -20 -17 -26 9 9 -10 26 28 2 -22 38 24 -3 5 12
4 27 -22 18 -9 -16 -17 -51 -4 26 -5 47 -68 31 -9 -25 -6 -7 -35 32 -12 2 14 -2 -23 21 -36 4 30 30 -20 -69 23 12 -19 13 -29 -48 -16 -25 -12 -13 -13 -33 37 -1 -19 48 26 -12 0 -32 -27 5 -1 -7 -54 42 -16 -20 -1 20 0 -30
-19 -21 -4 2 -9 -3 -3 11 4 19 5 2 2 -18 -5 -15 2 9 -2 13 -5 -7 19 -26 31 -40 -35 10 -17 40 55 18 34 -15 -16 -29 27 -2 28 31 -12 -16 -14 20 -23 -22 4 -10 -7 -24 44 -12 -25 25 2 -13 -18 29 -9 23 -10 -40 -1 61
3 -8 11 18 2 -13 12 -4 25 -22 -2 15 -22 -8 -21 -35 -7 23 37 -17 9 0 35 15 -3 -13 7 7 9 -1 9 15 42 16 -27 -21 -10 1 -12 17 10 -3 -10 13 0 -34 2 -12 -43 17 -12 -12 -11 27 -2 15 -8 -5 -17 21 6 3 -17 51
2 8 -76 17 -27 -2 15 -35 -24 -34 17 5 13 17 8 26 4 28 -14 11 -56 9 28 11 25 -7 -23 60 -1 9 -13 -14 -8 -9 21 -27 -36 35 -3 5 32 -16 -11 -19 -14 40 -39 31 -24 17 -1 7 16 35 -6 -14 -5 -2 -19 -32 2 10 -52 -22
26 27 -63 -1 -32 -3 -25 -1 3 -17 17 -47 -69 28 26 10 0 -1 7 22 -3 4 2 -23 -45 12 -51 16 17 12 -6 6 48 -14 -8 -36 -8 -32 11 -14 18 -30 -6 -10 0 -13 -27 17 -14 -27 18 9 -13 27 -3 3 -1 -18 -11 -32 11 13 -8 5
31 4 35 21 -9 9 -23 14 3 -29 -1 -21 -8 14 3 -9 -5 13 11 24 -12 1 26 -6 -10 -6 -39 17 3 25 -10 -16 -11 -20 -10 -13 -66 -12 3 -8 -26 5 1 5 14 -2 -11 -16 -26 -9 -22 17 21 7 -15 -25 21 14 -16 19 9 -11 -6 -11
11 6 -39 33 -38 -10 55 22 -27 28 15 -52 5 18 9 28 -9 19 -26 11 -7 -9 33 -14 10 -11 -20 8 -38 -23 2 -9 -63 -28 27 -33 8 -1 2 13 -10 -26 31 21 2 -18 -33 -9 -46 -28 6 -11 12 -14 -7 33 4 -13 -30 9 -37 -18 16 9
4 -8 -7 2 8 -4 -12 -4 1 9 -5 7 1 -11 -12 -8 6 9 11 1 11 -9 1 5 0 1 1 6 4 -7 6 -3 -5 -8 -4 7 3 -7 -4 0 2 -12 7 -8 12 -8 -1 6 2 -6 8 6 -9 2 8 -4 4 5 -6 -4 -4 -4 3 -1
0 13 9 12 -43 -6 -12 -16 7 27 -26 2 1 15 8 -20 0 -52 -26 -2 -16 3 -2 36 3 -33 5 -6 30 24 15 -63 -21 25 8 23 -10 16 -27 6 7 17 20 -3 13 0 9 2 9 0 17 -38 -41 -37 6 -35 -2 22 -9 13 -5 22 -17 -24
16 19 -26 2 5 -1 -16 -63 20 -15 15 -10 -19 7 -4 28 2 -57 -20 22 -54 -11 1 -22 12 -1 -43 7 16 -17 8 -27 17 -40 39 -17 -10 -91 -17 -13 -24 -49 0 9 -10 -9 -19 -19 -20 19 13 -10 -45 -11 3 13 -18 -6 -44 -51 -32 14 33 5


24 -26 -7 -3 -13 2 3 27 3 11 -19 -34 -3 16 -46 -9 -13 -5 -10 34 -29 -9 -15 -8 6 3 0 56 -22 38 2 54 38 15 6 -5 26 -14 -24 -22 36 42 9 7 -19 -23 -64 -49 26 31 -21 10 12 16 1 -16 11 5 -22 -57 43 -21 24 -1
-9 -54 -24 -11 19 0 23 30 17 9 24 6 -4 17 -7 27 -1 -10 -8 27 11 7 -29 25 -1 -51 -26 27 21 1 26 -53 -14 19 14 29 -21 -45 -1 -34 12 -7 -13 29 -18 45 -12 -18 -6 -19 11 -33 -16 24 -2 -16 10 21 0 9 -47 41 17 15
4 -77 -27 17 -4 7 2 40 -11 7 4 -41 -18 -4 2 -6 -4 -22 16 39 29 -10 -30 -7 -39 6 13 8 -33 -7 -14 -3 -40 -2 4 -34 11 -52 -2 -52 20 49 -22 10 -22 -57 8 37 22 -21 -35 -4 5 37 -2 -24 -17 -35 -12 32 20 13 16 37
9 -40 13 -16 -29 -4 45 50 -6 1 -3 -68 -41 -2 -18 22 3 5 -15 14 46 -14 -33 -16 -22 12 25 -23 -13 -7 -32 9 -30 -12 -13 -48 -8 -18 8 -13 16 32 -10 -16 11 -12 -31 -2 -37 6 16 16 48 -22 4 -10 -24 -5 -12 -1 9 -15 13 21
8 -89 32 17 3 -2 4 56 1 23 29 -1 -4 34 -20 6 -11 -37 -19 -28 -39 6 -65 13 9 18 -6 8 29 0 -14 14 -16 -3 2 17 -30 -93 36 -20 5 26 -30 8 -5 -50 17 -32 -17 4 7 26 -6 22 4 -43 -44 19 -27 34 17 5 4 16
-77 15 6 -18 28 -2 -9 -34 7 9 -32 25 13 -65 6 -22 -7 -36 -10 -24 12 -4 -1 -30 -30 -9 -32 -13 -4 19 -37 -29 -14 16 -31 -10 18 10 19 -39 -21 -37 -20 32 -14 -7 -27 22 -28 3 -27 -28 27 3 -11 -8 13 -19 -42 26 -11 -19 11 -60
-1 18 18 -36 -34 -11 -16 10 14 -30 -4 -19 8 -58 -15 -5 0 -1 -14 17 -5 -2 19 -25 -5 -4 -1 10 6 10 -55 9 -41 -27 6 -15 21 15 -16 15 -15 -10 -4 11 26 -5 -16 -26 -46 5 -59 -7 56 46 0 17 -19 -18 -35 -34 -3 0 10 4
-1 -55 -26 28 -12 -10 17 10 14 8 21 -26 -1 -18 -26 -38 3 13 7 23 -13 -13 -35 -5 -20 -31 1 -18 -12 3 48 -4 -31 3 -8 22 -10 -56 -48 18 20 -4 -7 5 -5 -8 -8 -16 30 27 -15 -12 13 11 -8 11 -50 12 26 16 -2 1 25 27
-28 -55 -1 -18 18 -14 17 -33 -2 13 32 -21 -1 -20 12 -26 -9 -19 60 -21 28 -5 -10 7 -27 -28 -6 9 -24 -39 -31 -18 -16 -9 1 13 14 7 26 -56 -39 -15 -5 -3 5 -50 21 1 30 5 -47 1 -12 18 -3 -10 -50 15 -5 24 -12 -40 -5 -37
9 -13 -48 -1 5 -10 -17 0 10 18 -7 20 18 -10 1 -31 -2 25 10 -19 7 -10 -2 -9 28 13 11 -15 -14 -54 25 -20 -36 39 22 34 -25 -54 14 -3 -31 -5 7 -10 30 -39 0 19 23 -1 -12 36 -34 -10 0 3 29 33 20 -48 -52 -27 9 7
6 -10 33 17 4 -2 35 57 -5 -8 6 -63 -3 -7 -42 -19 -5 11 -13 -4 5 -9 -22 23 -13 -9 2 -15 -4 -14 5 12 1 2 10 -9 13 -1 -17 -15 31 1 -30 2 23 -6 -52 0 -15 -40 21 6 12 -16 11 29 -7 10 -21 -4 11 -18 -8 18
-12 -11 19 31 32 -8 41 23 9 3 -16 -63 -27 20 -14 8 1 -34 -42 -9 -3 -7 -16 -8 -10 2 44 18 -19 27 22 27 10 -16 36 2 14 -32 -31 4 14 35 -35 15 -18 -16 -40 -17 -30 4 2 20 46 -34 2 23 -15 12 -7 -3 0 -4 17 31
7 -74 -5 -22 3 10 -2 31 11 31 -12 -8 -53 4 6 12 -6 1 -9 29 29 -8 -48 5 -25 4 15 27 -21 17 16 -20 -16 46 -33 -35 1 24 6 -46 -36 30 14 29 -35 -12 -5 -28 28 5 -11 7 34 -35 -2 16 -26 33 -38 4 14 -24 20 -40
-19 -41 21 5 17 1 -34 -22 -7 -9 34 43 4 0 11 18 -6 -8 24 2 -12 -7 8 2 22 -51 -27 -3 -27 24 11 -31 -6 -9 6 4 -11 18 22 3 39 -36 2 2 36 -8 36 15 38 -11 -25 -34 -26 16 -7 7 -23 -13 14 1 -42 -40 3 21
14 1 -33 0 -17 -11 -41 -43 2 21 25 5 -9 10 10 22 -10 -10 13 3 -13 -11 10 -15 14 -31 3 -18 17 -14 -19 -23 -41 -16 3 19 31 3 -52 -40 23 -12 -13 26 -25 25 -5 -32 0 -61 -30 -39 14 13 -10 26 -31 15 -26 -19 -24 -62 -25 -2
25 -35 5 -40 9 0 1 -11 -15 -14 -35 5 -40 24 -27 -15 8 3 12 44 23 4 8 -26 0 1 30 34 -26 17 -15 13 -13 18 -3 -67 56 0 -17 -10 39 22 18 19 -48 -41 -18 -30 15 1 -41 -23 1 8 -5 -6 -32 9 -24 -8 34 -57 11 -16
11 -15 -27 6 5 -14 -36 4 8 22 -5 29 10 24 15 -19 -7 -4 -22 8 23 -5 7 -23 25 -40 27 2 -60 4 -34 -18 -1 -33 23 4 -4 -3 -28 -28 -20 2 -9 -15 -1 -22 5 35 75 3 -57 -48 -23 -18 -1 14 -21 1 -22 14 -18 5 -2 9
-20 -40 -3 21 -31 -16 -12 -12 -58 -8 47 -8 22 -32 25 27 -5 5 12 -6 20 -2 4 28 7 -23 23 -44 9 -21 -9 -31 -8 15 4 31 19 -48 -13 -13 -5 -23 -8 -40 -25 -1 13 -27 -18 -27 14 -13 14 16 -14 9 -16 29 12 -1 4 4 -35 -4
-5 -17 -26 -4 -7 -15 14 9 -51 16 27 -83 -20 16 -35 -25 2 6 -13 1 -23 2 3 -15 6 -24 22 -13 -39 32 3 42 1 -31 20 -86 31 10 -43 -17 7 11 54 29 -22 -10 -60 19 9 -26 -33 28 11 5 -10 10 8 -13 -12 27 22 -23 32 -1
-9 10 -7 31 -27 -15 -5 -10 -32 -7 -8 50 16 -18 10 -9 -7 20 -18 7 36 -4 28 -3 4 19 28 15 -33 -12 -59 -8 -50 -10 -16 -2 -52 -24 -15 34 11 11 11 6 4 -27 9 -15 -19 14 -46 32 -21 -1 -4 1 10 6 5 -4 -33 3 -16 -46
18 -47 -16 -5 32 3 11 -20 -4 2 -40 11 8 -3 -61 -12 -11 14 25 20 6 5 -14 -17 -21 -11 29 18 0 18 2 19 -21 -17 10 -38 9 28 -15 5 37 12 9 8 -47 -50 4 25 34 20 3 -3 -4 0 5 15 4 -70 28 -9 26 -97 41 39
-20 -64 -57 62 7 -8 6 -25 21 19 2 25 17 -12 9 8 6 32 15 3 -18 -14 12 -39 21 -26 5 -9 -15 0 36 -28 -6 -8 23 13 13 23 -1 -7 15 17 28 0 -37 -40 -3 -41 43 -3 9 -14 4 3 3 -14 9 -17 26 -14 -23 -38 34 42
-20 -17 26 -8 5 4 28 60 12 -18 -25 -26 -27 9 -1 -22 2 -23 -67 1 2 0 -14 0 13 38 27 12 3 25 -87 20 -15 10 4 26 -25 -20 -4 -27 -23 9 -36 -36 9 -26 -18 -17 -63 -7 29 13 -4 5 -6 27 -35 -5 -52 15 1 13 -19 -15
-36 8 35 26 -5 -11 -32 -16 19 27 3 1 16 16 -25 -27 -12 18 26 -27 -20 -13 -4 -88 -7 27 5 -31 22 -17 -23 -59 -8 36 1 17 11 26 54 -34 -73 -11 -26 -32 -72 22 -43 -1 17 -1 -71 2 -29 20 -7 -3 15 -1 8 -19 -6 -32 -24 -33
-15 7 -17 -9 3 2 -18 7 23 -48 -35 -18 -16 -3 -6 -41 -5 -31 -26 -21 7 -2 -16 -3 -12 -14 1 2 2 1 -12 -7 2 -25 2 4 14 8 -37 -26 -38 -39 1 4 -14 13 3 -21 1 -1 -32 22 -20 -21 -10 -9 -11 -37 -18 6 3 -30 -66 -32
-16 12 10 -5 15 1 38 47 35 -12 20 -45 -18 18 -17 -7 -9 10 -2 44 -44 -6 -74 32 -14 -27 3 14 2 -39 4 18 -7 30 -38 -1 -20 -24 11 8 -38 -23 -1 27 39 -68 -25 13 -20 -22 61 -14 29 5 -8 -19 -5 47 -45 4 -30 16 18 34
-16 -22 -19 -1 -3 -5 11 -5 17 14 18 -13 -21 -18 -28 -5 0 3 17 15 33 3 -5 29 -14 -1 14 21 -25 -17 20 19 10 17 -22 12 -45 -35 -14 30 -33 7 -5 -6 38 -26 -9 -9 15 2 -4 3 -29 -33 -4 -10 11 -10 7 22 -39 -33 32 -27
20 44 2 17 19 -1 -6 22 13 32 -5 -3 14 4 -14 -7 0 0 13 -15 -10 -6 -15 24 13 19 -13 27 -7 -12 16 -5 0 40 -17 -10 1 22 40 -13 -22 -2 -30 8 41 -7 -37 -10 53 -29 -22 11 -15 -9 -6 36 20 42 -25 -14 2 -6 2 -2
-5 -9 -34 -14 20 -16 -3 15 -11 -7 21 36 20 4 13 4 -9 3 20 15 -3 8 0 17 30 -9 -17 -6 -48 -24 35 -45 -27 35 25 7 -16 -12 -3 9 2 3 5 -10 -41 0 33 -12 4 -5 -13 28 2 -4 -11 -14 1 -3 3 20 -42 12 17 42
2 1 -2 2 10 5 13 -11 -5 -9 6 -9 7 -10 8 2 -7 -3 6 -6 10 -9 2 6 6 5 6 -2 2 -12 -10 -6 0 -3 0 -9 1 0 0 -5 -3 8 -4 -7 9 -10 -4 8 5 4 -3 11 1 -7 10 7 8 10 -3 8 1 8 6 -3
22 1 34 16 12 0 7 15 -2 -6 -28 -31 -41 -3 10 -12 -11 3 -19 -1 -19 -15 9 -27 19 23 36 15 -32 36 -15 29 14 26 24 -11 30 19 1 26 12 27 8 11 -38 -2 -1 -39 -80 28 -36 33 -2 -17 -15 -29 -2 -31 -86 -18 16 5 42 -9
21 -28 25 -32 11 -6 15 38 9 -2 34 -10 30 16 -24 -8 -1 -57 -33 1 20 -9 -12 29 7 20 19 9 24 37 5 -4 -20 36 13 37 -4 -54 -1 0 7 14 -24 -23 -6 -18 6 19 6 16 17 4 20 -26 -14 -3 -3 18 15 22 -10 19 -15 5

30 -38 -37 -75 21 -10 -20 39 21 -21 -36 -9 -86 -1 17 -25 -1 5 -31 0 -20 -5 -12 30 39 1 10 13 -11 -5 9 7 -15 9 -27 -32 23 -4 6 4 -3 46 -2 8 -21 -20 32 -50 36 -12 -5 9 7 7 -6 -37 -1 -2 0 -48 7 16 16 12
10 -26 -45 -60 -5 -5 2 2 17 14 15 9 -13 10 23 -16 -6 -38 -9 14 -14 1 -27 -10 -26 17 -63 -9 4 31 2 -37 -22 -21 -22 -3 29 8 -24 -42 -21 34 -19 32 -23 55 17 6 -18 -10 -38 -50 -27 10 -6 -36 -10 33 -24 9 -22 30 -14 -12
-11 -17 -22 -6 3 -13 -24 3 36 12 -54 -29 29 -35 31 -2 -7 11 13 21 -1 -7 -45 -14 1 -71 20 26 -34 0 -29 26 31 5 -2 13 13 -42 59 -7 -25 34 -44 1 -63 -23 2 -12 10 -10 12 24 4 10 -6 -23 -18 -62 23 40 -28 -18 2 -25
12 18 -5 8 8 4 8 -14 -24 14 -39 -12 -4 -32 -72 -14 5 56 -9 1 -6 0 -31 -27 -27 0 -18 -26 2 2 -9 -6 -4 -1 -1 22 5 -13 33 -25 2 24 -12 -28 -8 -56 -28 -9 9 13 24 9 33 -21 -7 3 -9 -21 40 -12 22 -14 15 -1
26 -4 27 2 15 -13 -24 11 -22 -32 5 25 -78 17 -7 -3 -14 -37 -34 -23 -45 4 -14 -9 -8 26 -31 7 13 -11 -39 -16 -33 13 -33 -5 1 -15 23 -24 24 9 -22 2 -15 16 20 -21 0 -3 -23 23 -10 0 -10 -51 -31 12 1 2 21 26 8 3
-43 7 6 -38 20 -2 9 -3 1 6 -41 -18 12 -38 -39 -42 -21 -15 -34 -19 7 -3 -12 -41 -35 3 24 -22 -3 31 -79 6 -21 6 -37 -5 17 26 9 -71 -30 -26 -29 -18 12 14 -63 7 26 -38 -31 17 49 -38 0 -12 22 -40 -29 32 -13 -8 -33 -39
12 3 40 16 -14 -20 -7 -1 -7 -29 -14 -13 8 -32 -35 -27 -8 29 -20 38 0 0 -15 -21 -1 28 -1 2 11 23 -96 16 -46 -10 -10 12 21 30 -20 14 -2 -16 -65 -21 42 24 -29 -50 -4 -4 -27 -7 48 -11 -9 31 -11 -16 12 -22 -15 11 15 -1
-29 -41 14 1 15 -6 12 -9 -1 -8 -11 23 -9 -48 7 0 -14 27 22 4 -21 -4 -14 -4 -12 -49 20 -16 16 8 20 -2 2 -16 14 19 7 -30 -30 42 11 -62 -29 -1 -4 14 -25 -4 -17 -10 -23 -9 41 25 -2 22 -58 -24 37 27 -13 -49 36 -7
-38 -54 9 -7 14 -15 18 -27 -27 -10 7 -17 -8 -39 15 -30 3 -14 6 -24 24 6 -12 -59 -42 4 -18 31 -28 -5 -62 -13 13 13 -24 2 29 28 41 -1 -11 1 -15 28 17 1 -14 28 -7 6 -64 -11 25 -11 -4 20 6 -4 -51 54 -2 -46 -36 -29
2 -1 -58 24 9 -17 -17 -16 15 -4 13 -4 -17 -25 35 -19 -12 30 22 -19 6 -2 2 20 17 -18 -5 -42 -21 -65 17 -5 -48 -18 13 0 -27 -37 5 8 9 10 6 -14 8 25 5 1 -5 -27 -12 3 -34 8 -15 -10 -25 -12 26 -11 -24 -29 -10 42
-23 -14 -14 -14 15 -5 14 6 -2 -32 10 -9 -33 -43 0 -25 -11 26 21 -10 20 -13 -12 24 -2 -25 -5 -31 -2 -19 8 13 -11 -48 -3 16 7 10 8 -12 4 19 -55 -35 33 -13 6 16 -19 -40 8 -9 23 -3 6 26 -24 20 10 -4 6 -49 -8 -25
0 -34 17 -28 36 -7 6 -7 0 -11 -24 13 -128 -1 -12 10 -2 -38 -5 6 5 -2 -31 -17 7 1 0 2 0 3 12 27 -32 -77 19 -10 -8 -58 -30 4 -30 25 -26 9 -37 -39 -1 -14 5 15 -13 -7 3 -34 -3 15 -43 16 9 -17 -36 -31 -15 -6
0 -69 -60 -51 30 1 -19 4 -4 7 -33 0 -1 -27 0 38 -9 12 27 57 6 -10 -37 -9 -24 -10 -15 -16 -28 33 9 -11 -16 -67 -37 -60 -29 10 -7 -59 -97 39 0 34 -36 -29 49 -5 24 4 -11 -11 35 7 -12 -8 -34 11 2 24 -52 -9 34 -12
-16 -2 -50 -41 -18 -23 -11 -6 -3 -4 -2 20 2 15 15 21 0 -29 8 14 0 0 3 6 12 -77 -8 26 -42 -15 -19 5 -20 -16 -3 -38 1 39 -1 7 10 26 31 14 32 38 44 3 15 -31 5 -40 -7 5 -3 6 13 -23 -21 18 -48 -19 -3 -5
-36 -25 22 4 -20 6 -21 -1 -3 23 9 -7 15 -57 -5 8 -6 -6 -31 22 8 0 6 -38 -7 -27 -44 -25 36 22 -6 -16 8 6 10 -19 37 7 -10 6 12 -51 -105 -5 -23 18 -5 -30 16 -68 -3 -70 9 -15 2 12 -62 -11 -28 20 -38 -52 -15 31
-10 -32 -35 -45 29 -1 18 -23 2 -9 -55 -7 7 -6 -19 -4 -8 -7 -1 15 -1 -13 -1 14 -1 -35 12 -10 -14 -10 -5 18 0 -27 1 -37 -18 -30 -13 15 -23 12 3 26 -49 -60 2 -83 29 -1 -3 -20 11 32 -9 -17 -8 -41 -41 3 -12 -48 -11 -29
13 0 -90 -35 7 -8 -37 6 36 40 7 -24 15 -7 38 -28 4 -33 23 12 -4 3 -3 -14 34 -26 -13 23 -38 5 6 5 -3 -65 3 -11 27 26 -12 18 -3 31 2 30 1 -10 14 23 -26 35 -5 -79 -16 -11 -13 16 -29 -11 -20 37 -73 -10 -3 23
-26 -16 -1 -3 -14 0 27 -1 -48 -21 51 22 6 -9 13 5 -2 20 -17 24 16 -12 12 -18 10 1 -75 -37 9 1 -28 -19 5 6 -6 41 27 3 -29 -6 5 -15 -32 10 -31 44 -13 -6 -12 11 -25 -41 41 -23 -16 9 -63 2 -5 58 -15 -6 -12 -3
-8 28 -1 0 -6 5 10 13 -23 18 -53 -38 23 -14 -44 -23 -1 -16 -6 -13 -31 -13 -21 -6 -2 -8 -4 6 -4 2 4 36 33 -19 -1 -11 8 19 1 0 -74 -18 30 30 -7 -57 -1 30 11 -12 3 18 9 -25 -6 30 -22 9 -28 16 25 -46 5 -10
-10 24 -13 13 -23 -22 -23 10 -15 -21 -5 24 6 -2 -14 -24 -8 18 -47 4 35 -14 28 17 4 -27 23 1 -12 -12 -34 -14 -60 -26 -7 -41 -55 -29 7 8 13 9 29 2 38 -7 -42 -42 -19 13 -28 17 -3 -14 6 4 36 -31 -28 -16 -30 40 -15 -29
-10 -39 -15 -52 28 -14 -12 -8 16 -7 -72 -50 34 -11 -7 9 -6 -9 -9 9 -28 -5 -21 2 -32 -84 17 -22 19 0 -6 17 -34 -46 -1 2 1 23 -20 -19 29 21 -7 3 -35 -39 29 20 15 6 29 -29 -25 3 -4 -41 8 -61 49 23 -13 -36 -25 27
-15 -38 -41 -28 6 -6 -22 7 19 23 -15 -8 -10 -3 -2 -9 6 4 0 26 -2 -7 11 -26 -9 -7 -20 -24 16 9 -21 3 -30 -49 2 2 5 37 -46 36 -4 -14 10 29 -31 -4 3 -32 -27 -6 -19 -60 -21 19 -9 -28 -9 -38 2 3 -29 -40 -12 21
11 27 12 4 -9 -19 32 30 0 -15 6 30 -67 7 16 -40 -13 23 -24 -6 -7 6 -2 -26 2 37 -14 -31 -21 16 -56 -5 -37 -9 -21 26 14 -23 14 -52 -4 -17 -32 -58 5 5 14 -25 4 -5 8 -4 4 -54 -4 0 -9 1 18 -10 -5 -9 10 -17
-28 7 -18 -37 -18 1 -1 -16 -15 2 37 38 27 1 32 -67 -11 13 8 4 -23 0 -24 -44 5 -15 -46 13 1 24 -19 -48 -6 4 6 46 12 26 10 -44 -91 -1 11 -82 -14 40 9 12 6 -60 -36 -18 -16 0 -11 -5 -13 33 -50 23 12 -8 -15 -3
-6 -22 6 -38 7 3 -12 -7 12 9 -61 14 0 1 31 -33 1 -32 -43 -5 -16 -15 -35 -54 -21 -62 -43 -56 21 16 -55 5 -19 -57 26 29 13 30 -28 -9 -76 -38 -14 -4 23 -10 -7 -28 -1 16 -56 -23 10 -35 -14 28 27 -35 21 11 -18 -19 -70 -55
-6 -10 -3 -21 17 -4 26 20 38 -10 -5 11 -19 12 26 44 7 -6 16 1 -52 -2 -22 36 -4 -49 -12 -58 -1 -8 6 9 -37 -28 -54 23 -24 3 -7 0 -9 -22 -8 -4 16 1 30 -19 -20 -14 27 -14 -24 30 -3 27 -17 35 40 -11 -28 22 10 10
5 16 -20 -45 5 -13 -1 -3 -2 -16 5 -23 11 -10 4 -7 -7 16 -4 14 28 -12 -7 23 5 -42 -19 -11 -29 -6 -1 -4 -5 -40 -23 -24 -57 11 -20 9 -19 24 23 9 30 3 -12 -31 -20 13 -18 -18 -45 6 -10 15 10 -6 -8 16 -51 15 2 -17
3 22 -10 -1 8 2 1 3 34 16 0 -38 -6 7 27 -19 5 1 12 -4 -14 -13 -17 -3 0 -23 -13 -20 -2 -44 20 -42 -1 -46 1 -33 -13 47 40 12 -59 17 -10 -4 55 -14 -3 -36 33 -47 -51 -27 -12 8 2 25 22 46 -25 9 -64 -18 15 -11
-23 -9 -29 -13 7 -15 11 -2 -14 -32 19 24 32 -6 10 9 -5 0 13 -2 -6 -12 18 21 21 -4 -13 16 -45 -29 0 -14 -12 -24 28 -23 -8 8 7 4 33 -20 0 -7 -3 41 -7 -71 -16 10 11 10 -5 14 0 17 -8 -43 -27 37 -38 -6 -9 44
-4 -5 -8 -8 -5 6 4 -5 -5 6 -3 -4 6 -10 -6 3 -2 1 -12 -3 10 0 -6 4 -3 8 4 -5 -2 -6 -10 10 7 5 0 8 5 -8 -9 -6 1 -1 11 8 7 3 5 4 4 0 -4 -4 6 -3 -9 7 6 -4 -6 7 -2 6 -4 2
46 -2 22 -7 17 5 -7 -9 -32 -22 -46 5 -50 -14 -23 -32 6 12 -62 -16 -2 0 11 -9 19 39 3 12 -8 28 -23 -5 2 11 16 35 16 6 25 -15 17 -8 8 -17 3 -24 -34 -39 24 8 -9 29 14 -27 -13 -13 14 -4 -33 -36 33 14 19 -12
17 -8 13 -47 8 6 -4 -29 -3 -34 33 21 -34 -21 4 9 4 -55 9 28 -41 -8 0 1 14 -5 -17 -9 -24 8 14 -10 -34 1 27 8 31 -44 -25 -20 -4 41 13 20 -18 32 -2 -36 12 -1 0 -14 1 -25 -8 -9 -15 4 27 3 -15 -12 17 0

-10 -15 -21 -10 -7 -4 8 -24 28 -20 -34 24 -36 18 21 -20 -5 -8 0 8 -1 -5 -13 37 39 -9 47 -6 16 12 32 -22 5 -19 14 25 2 29 33 12 9 -27 -16 22 -27 25 25 -52 -25 26 41 -20 12 23 -8 -19 -7 1 13 -50 -17 30 0 -4
9 16 -23 -19 7 10 -13 -26 -6 30 5 22 -30 -2 4 -4 -2 3 -3 18 2 8 28 -41 -15 52 -92 74 -7 43 -21 -2 16 30 -19 -49 31 41 9 -23 8 53 -29 30 -40 28 -17 19 -7 3 -3 -56 -22 38 -9 -20 -35 21 -29 -41 17 25 19 2
-33 47 -26 42 -35 4 -5 -18 10 2 -56 13 21 -18 51 -7 0 36 5 -10 -19 -12 -8 -12 31 39 1 10 -41 -12 -16 -2 17 -23 -19 54 17 -36 48 -10 -11 8 -7 2 -57 11 -1 10 3 -25 30 4 -14 11 4 -22 -10 -13 46 13 -18 -7 -26 -43
18 35 -24 27 -25 -5 4 -84 -22 7 -16 19 -2 -49 -37 -2 -10 18 -32 -1 5 4 -17 4 -6 -11 -8 2 0 -14 -3 -10 -15 5 -2 32 14 12 10 -15 -3 -12 -17 -18 -1 -43 11 -8 27 -32 -1 13 -14 2 -2 -11 -13 -6 25 -33 30 -10 -3 -34
29 32 20 25 3 -19 -7 -23 -13 -9 -10 38 -88 21 0 -4 -2 -43 -24 -4 -36 -11 33 0 2 27 -25 3 28 4 -11 -36 1 -8 20 6 -27 5 10 -7 11 -8 5 22 -15 46 -1 25 38 0 -22 -2 -17 24 -2 -73 -50 24 -37 -14 28 22 25 -29
-61 -57 -18 -73 16 -7 8 21 -20 13 -25 -29 18 -63 -11 -47 5 -53 -15 17 15 -13 -31 -11 -15 -28 7 -20 -13 -2 -32 48 -31 -13 -39 8 12 10 -5 -57 -38 7 -27 -24 8 -24 -30 22 14 -6 -8 3 40 -64 -16 -49 18 -35 -34 31 -40 -26 -17 -7
16 -28 5 -16 -10 -6 -10 28 20 40 0 8 -5 -66 -47 -28 -15 13 12 21 42 -13 -21 38 3 -1 35 -2 -5 12 -29 9 -52 4 -11 50 -6 -7 -28 37 -21 18 -18 -31 35 15 28 -13 20 -25 -8 -20 55 -1 -4 13 -8 4 -10 -23 2 -14 11 3
-12 20 8 36 8 -10 14 -23 1 -42 -15 19 -18 -36 5 1 -8 8 -34 -20 29 6 -1 -8 -7 20 -14 -7 -1 -6 -5 -3 3 0 -7 20 16 10 -19 -5 -26 -32 15 6 7 4 -16 -25 8 31 -9 -12 18 14 1 39 -21 -4 18 35 -13 -31 -12 -22
-29 21 2 -1 11 2 33 13 -17 -19 -18 -23 0 -46 -3 -11 7 4 21 -31 36 -3 32 -58 -14 49 2 8 -11 1 -12 6 10 8 -62 -7 4 31 69 -35 11 9 -8 12 6 -7 -69 8 64 -36 -40 -31 11 -30 -14 -6 30 -13 -20 19 47 -47 -8 -1
4 10 -72 9 -12 -15 -18 -18 2 -50 5 -12 -13 6 18 11 6 3 7 -29 -8 7 5 -18 7 23 -4 -17 30 -55 -8 12 5 -25 0 -24 4 -10 36 7 24 -3 16 -17 22 26 -36 21 -5 6 -45 16 -60 7 -15 31 -11 -20 29 9 -1 -35 -52 3
-2 3 -29 -26 3 -8 26 -46 -10 7 -11 41 -13 -18 3 -11 -10 -1 22 5 11 -5 20 4 -20 29 -7 2 -9 -13 0 19 17 -58 -19 30 -31 14 25 -9 -3 8 -20 -24 29 8 24 17 -10 -13 -4 -4 10 8 -15 16 8 19 34 -20 3 -40 -28 -30
21 -9 20 -16 21 -18 -16 -51 -5 -22 -42 44 -3 29 -14 25 -2 -36 -27 5 11 4 -11 3 14 -2 -14 -6 28 26 -4 6 13 -30 5 15 -42 14 -26 -6 -20 -6 9 27 -22 -31 15 28 -8 6 12 8 -19 -3 0 15 -69 16 -6 21 -3 7 -13 -7
15 7 -88 -6 -11 -6 2 -16 3 15 -30 1 -23 -12 -5 62 -8 -12 16 4 -30 -3 4 28 -21 -6 -20 10 -29 25 12 7 -23 13 -25 -21 -49 42 15 -51 -26 7 14 23 -33 -21 28 30 -28 -20 9 20 50 37 2 21 -52 -6 12 27 -13 -3 -4 -1
-3 1 -70 4 -14 3 -4 27 32 13 -29 -45 -11 11 10 9 -15 -15 62 20 -47 -3 -11 3 -7 -21 5 5 -40 25 1 31 14 -64 -38 -29 -36 38 38 36 15 4 27 25 46 2 -5 -1 -35 -5 26 -64 -4 7 -2 5 -14 -39 28 -7 -23 -42 46 -21
-18 -6 5 33 -29 -4 19 38 21 25 23 36 -11 4 0 5 1 9 16 19 9 0 5 3 -9 -18 -9 -19 8 3 14 35 16 13 19 -12 -7 -26 -10 11 40 18 3 -12 -21 -81 16 -18 -21 -41 25 -53 16 -26 3 -14 -46 -36 -5 15 9 -75 27 55
-1 22 -110 27 18 5 18 -7 5 21 -34 -9 -17 22 15 19 0 18 7 -5 4 -12 -2 37 -2 -21 25 -4 1 -37 7 29 -24 -54 27 12 3 -14 13 30 7 -21 16 43 -53 2 -16 -71 -42 -39 13 -17 5 10 10 -8 -19 -8 5 -1 -34 0 6 -18
8 3 -95 -4 29 1 -29 19 7 -27 23 -41 1 -18 36 -7 -11 -1 24 34 -33 -5 15 -20 21 82 -19 22 -31 23 -14 6 -3 36 -2 4 25 30 -5 1 28 31 0 22 -15 6 14 42 0 0 1 -61 -34 7 -8 26 -7 -14 46 20 7 -9 34 52
3 2 -6 -8 15 -7 54 23 -64 -57 33 16 -12 36 -20 0 -13 26 -37 42 6 -3 25 -25 -7 32 -66 6 -12 16 -11 12 17 5 -26 -32 27 27 -33 4 41 32 16 -10 -11 15 -30 36 10 -23 -9 -56 6 -9 -11 5 -17 16 -16 30 24 -2 33 11
-17 43 -10 1 -7 -11 -16 -16 -17 10 -11 50 16 -18 6 6 -12 -36 12 -20 7 -11 -8 40 -1 -8 12 -26 6 -6 11 -26 31 18 -21 39 -20 1 -8 7 -13 -41 7 12 -23 -34 42 5 -23 18 40 27 -15 -13 -8 17 -10 32 -2 -13 30 25 -22 -7
-1 -3 -4 8 -14 -22 3 19 -14 -38 8 -14 -6 26 -1 -13 -9 23 -23 7 6 -5 -19 11 33 16 -16 -2 -3 -21 2 1 -50 -41 25 -33 -15 -31 18 -20 26 7 24 13 22 32 -54 -28 -1 9 -44 -14 -6 -16 8 -6 13 -29 -10 -21 -28 43 -20 -26
-22 -18 -71 23 11 -4 -50 17 34 4 -36 -32 21 -6 45 0 4 -1 -4 4 -28 -11 -10 8 19 -9 27 -4 26 5 -2 18 -3 -23 9 11 16 10 -13 9 8 -7 -4 24 -27 -21 39 54 -24 16 12 -59 -7 -37 12 -18 7 -31 47 26 -9 -17 -29 5
7 -22 -108 -48 27 -18 -47 17 20 -17 -2 -8 21 4 -5 -18 1 -15 9 -4 6 -2 0 -20 19 16 -16 31 36 25 -9 17 3 54 -43 -22 -9 13 14 10 36 -21 -13 21 -40 40 18 14 1 0 -24 -56 -28 20 -1 17 -4 12 11 -1 13 -54 10 34
15 -5 19 38 23 -5 14 -14 -48 1 20 21 -71 9 -20 -13 3 19 -44 9 -5 -12 30 -24 -12 22 -35 -36 -6 35 -25 -27 14 3 9 2 1 -47 -21 -42 -17 1 -17 -34 -8 24 -1 39 58 1 -18 -16 24 -26 -9 3 -44 8 -2 -10 31 4 3 -33
-54 -4 -47 -28 42 0 7 6 17 2 -16 14 42 -8 -12 -9 -3 -34 14 14 -19 -2 16 -15 25 9 -42 -15 -3 37 46 2 49 -39 -11 -30 -7 10 14 48 16 58 34 4 -54 29 27 -5 -26 -54 45 -21 -25 4 -9 -28 -68 31 10 19 -4 -26 11 75
19 -7 -5 18 44 -13 31 -8 1 -1 -21 14 -22 6 20 -25 -13 -42 -22 -28 8 -9 4 -21 6 34 -30 -9 -5 15 -9 26 -4 -7 -26 32 2 -4 -67 14 -19 -8 -26 8 24 -35 11 -24 -15 31 -42 -21 2 -6 -4 12 18 -15 -1 -2 6 -4 -35 -13
-10 -10 -2 -1 -5 -10 24 -65 5 4 10 52 -20 13 0 38 4 -16 -67 -5 -60 -11 12 3 -9 -13 -3 39 -11 7 -18 -19 2 18 -3 27 -8 13 -16 -19 18 -61 -6 -23 32 51 -23 32 -7 10 10 -15 -16 77 -1 21 -19 62 8 21 15 25 -55 -22
20 38 -34 -37 -3 -10 -7 -14 -9 -50 16 -25 12 -4 13 15 -11 6 1 1 33 -8 6 5 -19 9 -22 33 -13 11 -15 5 -11 -13 21 -30 -49 28 8 -13 23 -4 18 38 43 30 -36 46 10 13 17 -16 -28 19 -9 20 -10 -7 -10 3 -47 20 -38 -16
22 16 13 -18 8 -1 -2 -18 14 8 2 -44 6 -1 18 -27 2 -12 14 -11 -27 -15 13 -18 -17 6 -28 4 -9 -1 33 -10 -12 -61 -32 -6 -30 61 48 15 -45 -5 -2 -4 33 -3 -7 -4 -14 -5 -46 -12 20 19 -11 21 11 22 -14 18 -23 3 -36 -8
-13 26 -60 12 18 8 29 33 -22 -20 36 -26 6 26 38 12 -2 13 -10 7 -14 -3 18 5 -13 24 -16 35 26 -8 0 26 -12 -62 16 -67 -7 25 13 -1 29 2 35 18 -8 26 -34 -25 -20 0 -8 -13 -2 23 -1 15 8 -28 -6 -2 -20 23 -18 -6
-4 1 -11 9 -9 -11 -8 -9 0 -2 -11 -10 1 -2 6 1 -10 3 1 -8 6 -4 7 -10 0 -10 -6 3 -10 -16 2 -7 10 3 -7 1 -9 4 1 -8 3 -7 4 -6 3 -10 6 3 0 -9 3 -2 -9 10 -4 1 -4 -3 -8 -5 -7 3 -4 -7
30 -12 28 23 35 -4 -8 -43 -20 -11 -45 12 -18 -38 32 -24 7 -35 -53 2 38 -9 -12 30 29 -17 24 -13 20 19 7 -39 -18 39 2 41 -11 -4 3 -37 -9 -38 -12 1 -12 12 10 8 29 3 -6 4 -5 10 0 -43 -12 6 -29 12 17 4 -3 -19
-8 33 33 16 6 -11 -12 -40 -5 -19 7 14 -34 -26 7 23 -11 -28 -11 -8 -31 -13 2 -24 -5 2 -33 -4 -12 12 2 -7 -8 -58 26 -27 9 5 -37 -9 -20 26 43 42 -17 31 -13 15 5 10 1 -24 35 -4 -4 -16 -10 -5 6 3 -16 -14 31 -2


7 -10 -9 67 -6 0 -17 -1 8 0 18 -16 22 35 -9 -7 -2 -36 12 -11 -26 -10 32 -3 -13 32 -1 87 0 -14 -4 21 59 4 13 9 17 15 -41 -23 -5 8 12 -29 -9 -21 -60 -8 5 23 14 49 -9 -17 -11 -22 3 37 -11 -43 28 -10 33 14
-22 -13 28 -13 -5 -11 -2 11 0 -5 10 -3 10 15 22 17 1 -17 -22 10 18 8 -2 3 -62 -40 10 17 -3 -14 -4 -37 16 21 0 30 -14 -8 -46 -12 -28 -10 -28 14 26 5 -24 7 1 -41 11 25 -60 31 -9 -55 26 10 -3 -29 -5 44 -37 0
-12 17 5 1 -4 -11 8 -4 31 -7 55 2 21 -8 -5 -44 -9 -35 3 -45 24 -8 14 5 -61 16 8 -31 -7 -74 -7 -20 5 18 19 4 14 -25 7 -4 4 15 -4 -4 22 -41 12 -9 -26 -4 10 -13 -16 -17 1 -73 -8 -19 16 41 54 -6 -52 20
16 41 37 -6 -36 -13 35 22 -3 -5 2 -3 -17 9 3 0 -4 12 -20 8 44 -6 0 -5 -15 -2 27 -5 -25 -28 16 -10 -4 23 12 -90 37 18 -24 9 17 30 29 13 18 -13 -33 -9 -35 -4 -2 -21 -1 -21 -3 -15 17 25 -15 14 -19 -8 24 -6
-6 -42 24 32 5 -7 15 13 25 15 4 -19 4 1 -2 -31 -3 -33 -16 -38 3 5 4 6 -1 -7 30 -18 -13 -5 18 5 -27 8 2 16 -14 -33 -1 29 29 16 -16 30 14 -43 24 -44 -12 4 27 -11 13 -27 -15 -22 -16 4 2 32 24 10 9 63
-46 -2 1 -1 -35 -6 -8 -16 31 -1 -14 51 -8 -80 50 38 -11 16 39 -10 -55 2 -27 -16 10 1 5 -10 -9 30 55 1 -68 34 -23 -38 -32 -7 9 -11 -6 -26 12 -42 -37 -22 55 21 -1 65 15 7 19 14 -1 1 8 56 -91 16 3 35 32 -30
-28 25 19 -17 -32 -15 -77 -39 -11 -20 -65 -16 -27 -18 23 -16 -5 1 -42 -30 -35 -7 -23 -10 15 -6 -12 -15 23 -3 -10 -15 -1 -14 18 -7 32 -8 17 -3 18 -54 -1 10 -3 28 -16 -27 -24 -3 -45 2 30 -5 2 40 6 -17 -24 9 -20 -6 -15 -42
-12 -7 -2 17 0 -16 11 39 2 -5 1 -34 33 1 -27 -14 -4 25 -6 29 9 5 17 5 -16 7 12 -22 -8 -51 26 -31 -7 5 -13 28 -20 -25 -45 38 -15 27 -7 12 0 -29 -12 -38 -14 -58 11 -2 -2 12 -7 -23 -48 -8 -5 38 20 -9 -13 0
-52 13 38 -38 -19 -14 29 -61 5 22 0 28 29 17 22 2 4 -17 8 -48 -22 -7 21 40 -68 -25 12 -4 -16 -71 -37 -10 -26 3 4 32 1 2 4 -46 35 26 -31 10 -57 3 23 -27 -2 27 -12 65 12 10 -13 -87 -76 -13 42 -14 30 -13 -42 -16
5 22 16 -20 29 -14 -7 5 7 1 12 -14 -4 9 -7 -31 -10 31 7 6 16 -11 18 -6 -12 34 9 -16 4 -61 3 -9 -30 -18 -21 28 14 -39 3 -14 -14 10 -2 -11 27 -10 -8 24 12 1 20 7 -16 21 -2 -14 11 -28 13 -34 -28 -3 -20 16
30 18 44 15 4 -7 34 39 -17 -29 -9 -32 5 10 -29 2 -5 29 8 4 23 1 27 6 -51 17 -11 13 14 11 11 18 49 10 -13 -19 -14 12 -49 -5 24 6 -23 7 -9 -23 -59 5 -28 -105 16 -6 -3 -17 -4 -25 14 -8 -15 -25 -8 -15 3 -9
12 -22 15 45 4 0 16 -15 18 -17 19 -21 14 37 -30 2 5 -16 12 -69 -33 -4 32 -11 -50 -8 33 0 -58 23 20 9 6 1 15 -5 25 28 -31 39 -57 -27 5 14 15 -23 -22 -12 14 -38 53 27 0 -45 -10 -44 -6 17 11 7 -12 -9 11 -4
20 -45 10 -3 -31 -9 17 30 12 -16 5 -29 -13 15 -23 -15 -5 -25 -16 4 5 -9 -15 39 -24 12 -2 22 -31 -2 63 12 25 31 -35 -18 47 4 -8 -1 -26 -4 19 -29 18 -7 -57 -13 -26 2 20 41 -40 -23 -13 -36 -7 32 30 21 -9 -10 0 -6
-36 -22 11 9 29 -1 15 -1 5 -16 25 48 3 13 26 21 -12 -18 12 27 10 -6 -16 14 -15 9 -14 18 50 2 -2 -37 3 43 6 35 -4 4 -5 -36 53 -20 -49 2 12 3 32 13 20 26 -15 -11 12 -11 -7 -15 -9 -25 17 -29 13 -2 -35 19
41 -9 -16 -33 -31 -7 -52 12 -2 33 -30 11 -17 -62 42 31 -11 12 -7 -10 -33 6 -21 36 25 9 12 -11 17 1 32 -56 -78 -9 6 21 -4 -20 -51 -33 -1 24 17 -1 -8 48 28 -38 18 -30 -12 22 11 -24 7 15 -31 15 1 -23 11 -24 -1 -39
10 -5 -12 21 6 -2 -13 10 -15 -17 7 38 34 19 -37 -6 -4 -36 11 -21 9 -8 -7 12 -8 11 5 35 10 -26 5 7 28 11 -1 -7 51 36 -34 -20 7 5 7 -35 1 -52 11 -42 19 24 8 32 -28 12 -3 -45 -42 24 32 -37 28 -45 5 -7
-21 -26 20 8 25 5 16 -9 -4 39 6 15 39 34 39 -3 -5 13 21 -6 16 9 1 -10 -54 -14 29 -36 20 14 -30 -19 31 33 25 12 8 1 -66 -26 13 -4 -8 -7 6 -5 -1 44 32 -6 -9 44 2 -2 5 6 -5 -32 18 -57 30 54 -24 15
-17 -20 1 12 -31 0 -2 0 -51 39 13 3 -25 -24 32 22 -11 33 -3 10 23 -4 -10 27 34 2 40 -18 5 15 2 -51 -26 -12 7 17 9 -7 -27 -7 1 -11 -11 15 -74 -18 13 -22 -20 -63 32 -20 -11 34 0 -28 -19 11 -20 24 -8 -18 -12 8
30 5 -17 32 9 -3 -2 -9 -44 4 9 -4 22 -2 -18 -25 -8 15 32 3 3 -1 -10 29 24 10 23 -1 6 29 11 1 0 -4 45 -32 23 49 -5 0 12 11 60 -28 1 -13 -21 28 -9 -10 -2 33 -22 9 2 -4 37 3 6 27 2 -29 23 19
-25 -13 16 14 24 -8 25 -13 -2 26 22 25 17 -29 -16 -12 -1 26 -18 19 -1 -10 40 -4 29 10 19 8 23 19 -10 8 -36 -1 -27 -26 -48 -11 11 7 29 4 16 24 8 -49 18 -18 20 27 -39 5 35 30 0 17 20 -16 -28 -3 12 9 7 -4
4 30 -42 -11 36 -7 -34 -11 -21 -36 -17 3 6 18 7 15 -10 1 23 5 25 -7 12 -18 3 12 14 23 16 -1 24 -8 -13 3 18 -2 33 25 -36 -32 18 6 -5 -46 -5 -30 2 23 6 16 4 31 4 21 2 -4 -14 -24 20 -25 46 -48 17 22
-19 -10 7 26 23 -9 -14 4 21 3 15 3 26 23 45 -4 -6 37 3 29 -7 -8 3 -22 17 21 -6 8 -24 -10 19 -4 -6 55 3 29 22 27 8 5 -1 26 -4 -35 -22 -6 -27 17 -15 -2 57 68 17 15 -3 -68 10 -5 10 -24 46 40 33 3
-30 -12 2 -1 12 -13 29 8 27 32 -26 -34 8 -15 26 -11 -11 6 3 -10 9 -9 31 -3 3 36 20 -27 -8 -2 -20 12 16 9 22 -5 -8 8 4 6 -28 1 -4 -8 -22 1 -7 -30 -22 -10 11 -13 3 -45 8 9 -9 0 -44 12 -15 -6 27 -1
-19 27 50 -48 31 -7 -42 -13 30 -14 24 -9 -2 23 22 -48 -9 25 52 -5 3 -5 -17 -58 30 -3 -9 6 41 -15 -47 -20 -7 43 13 8 -22 13 -24 6 -12 -14 -58 -10 -56 -18 10 -5 -7 13 13 -10 -56 26 3 -33 -1 8 -22 -6 0 -56 -24 37
-5 3 -17 -33 2 0 -30 27 -53 -15 -52 -24 -17 -4 -10 -42 -4 9 -8 -19 -8 4 -47 -25 13 -22 20 -41 -9 -35 -14 -34 -27 -18 17 13 -21 -11 -30 -11 -42 -4 -15 -13 -32 20 -9 -7 -23 -18 9 31 -13 -42 3 -6 -13 -53 -10 -2 9 -48 -25 2
-17 22 5 -5 -4 -6 25 3 28 -60 -6 -21 -14 11 -12 -11 8 -40 34 -3 -20 0 29 -8 -31 -6 -13 11 -38 -41 13 10 26 -3 -54 -2 -28 2 -34 46 -27 -25 -7 -9 26 -29 -45 7 -12 -43 25 16 -6 3 2 -64 12 10 -29 -16 25 5 -40 28
-20 -26 -2 9 24 4 19 -7 2 15 10 -4 -7 18 -31 -32 -6 9 15 -56 16 8 32 27 -11 31 -7 19 -6 -50 20 18 12 8 -32 5 -5 8 -31 13 -6 12 -4 26 24 -40 -8 -32 22 12 13 9 -12 -8 -13 -10 0 9 12 -18 -27 6 -18 1
0 -7 -1 14 28 -6 12 35 25 -10 23 -16 37 11 -38 -11 6 -42 14 -12 1 9 16 33 -49 35 -8 47 26 -71 32 -6 17 39 15 -8 -36 35 19 -2 22 22 -23 17 5 -36 -40 25 -15 18 3 47 -53 -33 -3 14 16 12 9 -41 30 -17 0 45
-14 3 -50 -14 8 -3 -9 5 -1 36 26 10 53 0 -16 -9 -10 12 -7 -3 38 8 -4 34 17 -15 5 2 11 -18 10 -19 4 -7 -2 40 14 3 3 12 32 32 -4 37 13 -25 33 -12 9 1 17 -10 -21 0 4 -41 -11 -24 32 -37 -11 -6 -10 29
-6 -9 -6 -9 7 -2 -8 -7 -7 -6 2 8 2 -5 9 3 -1 7 7 -5 3 5 -7 5 7 -2 -4 10 -8 11 -12 9 5 6 9 6 -8 5 -1 6 -9 3 -7 1 -5 9 5 7 1 2 -4 7 11 7 5 3 7 11 -9 -4 -6 2 12 -5
22 27 -26 25 38 -12 13 -29 4 10 1 -4 -2 11 56 27 -8 9 -3 -63 -77 -2 46 3 18 26 15 13 -28 5 22 25 27 39 15 -41 -7 37 10 26 14 30 21 6 19 -29 10 -30 -53 34 6 -6 10 -11 -4 -22 -3 33 -24 -4 0 -3 37 36
18 -1 33 -1 1 -1 26 -9 14 10 30 17 60 10 -21 -1 3 -72 -32 -40 12 8 55 27 1 25 19 5 3 43 -8 -39 -11 35 -21 17 11 -17 2 21 3 5 -16 16 2 -43 25 -29 9 6 26 -11 -32 -31 -12 -15 1 23 4 13 -14 -5 -11 -6

-1 6 -15 11 -20 -6 -16 19 0 -40 16 -9 2 10 20 -8 4 -37 -18 -58 15 1 12 -20 12 -7 -14 28 -30 -3 -19 14 8 -11 -6 -20 -15 15 -68 -32 -23 45 27 -24 -34 -19 5 -76 -11 -23 -10 24 8 -1 2 -22 -8 6 5 -20 6 -9 17 7
-14 18 4 24 -23 -17 6 -10 13 -23 -11 11 -13 -2 5 -7 -10 -21 -3 -110 -3 -7 0 -9 -64 -22 18 -56 -13 -35 4 -22 8 -21 -39 -13 6 16 -29 -2 -52 42 3 1 10 19 -7 -15 21 -13 -4 -36 -26 -28 4 -97 2 -2 34 -6 3 3 -4 -3
-25 -25 4 -26 7 -2 4 8 42 -15 2 29 2 -36 9 -35 -7 1 8 -21 33 2 27 14 5 -29 12 32 -33 -65 16 -2 -23 61 -23 -20 8 -13 -6 25 -14 40 12 13 -12 -3 34 -4 10 -22 22 15 3 11 -11 -58 -1 -44 -32 23 -16 1 -56 -16
23 0 7 -33 -10 7 13 -2 -18 -23 -5 36 -56 -15 -63 4 7 45 -16 9 22 -6 31 -12 8 1 -30 7 -41 -9 18 0 -12 -15 -10 -14 -3 12 13 -8 8 44 35 6 13 -42 -42 -69 16 -14 -13 0 -16 30 -16 -4 4 23 18 -8 4 13 6 -2
15 5 22 34 1 -6 2 20 -1 -46 0 12 -44 5 -26 -38 -2 -19 5 -23 -43 2 12 -3 -12 5 -10 10 -43 -6 0 6 -12 12 -20 -12 14 -2 -11 -5 31 29 -20 22 5 -9 7 -10 2 -2 11 -8 -18 -22 -11 -33 11 12 26 -22 20 4 2 60
-24 -6 19 -8 -23 0 -64 20 16 -6 20 -26 21 -93 -16 0 -5 30 -22 31 -37 -11 -12 -15 10 -1 7 -35 -2 46 -40 -8 -61 34 -39 0 5 -4 14 -28 -8 -83 -92 -66 -17 -59 -17 6 3 24 48 34 29 39 -7 6 17 46 -14 22 -11 39 22 12
-12 -7 26 1 -24 -7 -70 -27 -18 -36 -35 -20 -13 -11 -15 -47 -4 5 -42 15 -33 -10 -33 2 4 19 -24 8 12 32 -21 -24 -3 -18 24 -7 33 -7 17 -20 -6 -61 -54 10 42 -25 -78 -34 -13 7 -25 14 8 5 -9 49 12 1 -2 15 -17 19 12 -20
-20 -5 36 -1 20 -2 2 -26 -19 22 -30 20 -9 1 -37 9 -3 53 41 -28 15 -5 -6 -3 2 -3 10 10 14 -58 24 -1 -5 1 -3 8 4 19 -46 31 -11 21 -5 3 8 -4 -8 28 -12 -50 -10 -7 16 23 -14 -30 -37 -34 -21 8 1 -32 -6 0
-37 -10 -24 -15 -25 -8 20 -56 -2 5 -19 -13 0 -21 7 -1 3 -21 -13 -35 9 -2 16 12 -73 16 29 38 -16 -47 -2 3 6 47 -30 -45 27 43 41 38 19 13 -8 -38 -53 23 0 1 9 38 -43 59 23 29 7 -30 -1 23 -71 6 42 -3 -16 -18
-1 -6 -34 9 9 0 -12 -16 -4 -17 21 -11 -1 -1 4 -25 -9 24 4 3 -6 -4 5 11 -6 10 9 -19 9 -44 -3 -34 -15 -16 -18 14 -8 -20 -35 -11 42 41 12 1 12 52 -6 19 11 -8 14 10 -11 23 8 -43 -10 -40 51 -45 -1 8 -48 38
7 -19 10 -14 -5 -6 25 -16 -13 -55 -3 0 -22 -21 -23 -19 -12 31 17 21 32 -11 17 3 -14 -8 -10 10 19 -7 6 17 14 2 -9 -43 -19 1 -38 -12 31 4 -47 -10 2 -12 -23 -25 -14 -77 9 2 -16 11 -5 -15 -19 12 -6 -33 10 -37 -13 -29
-6 -18 13 3 -1 -19 7 -21 8 -19 28 9 -16 27 -46 11 9 -23 0 -63 -10 3 19 -26 -23 -14 -11 -2 -57 10 12 19 8 -57 3 -34 -14 5 -13 14 -23 19 9 21 1 -36 4 -49 12 -41 9 -14 0 19 -18 -42 -51 -1 -4 4 4 -41 -18 15
16 -3 -33 -22 -5 -9 -2 16 -17 -16 -22 11 -17 7 0 21 -9 -6 4 -42 7 -8 -6 6 5 18 -44 -19 -41 -9 -1 -18 -21 -9 -41 -46 36 11 3 -13 -25 16 10 -4 -9 10 1 -14 -10 -6 -12 13 2 1 -4 -63 0 -8 99 41 -28 15 -51 16
-73 20 -12 -22 -5 -5 -13 26 9 4 -5 23 28 16 22 13 -7 -15 4 10 21 5 -40 7 -16 -2 -3 -51 24 -39 -5 -11 -4 37 -15 -8 13 5 11 11 22 -16 8 -33 27 44 27 8 -15 -6 -33 7 16 -26 -4 -23 24 -52 -5 -35 53 36 -51 -3
31 -26 41 11 -10 -10 -35 -7 -16 38 -37 5 5 -50 20 10 -3 25 -4 28 -23 3 -43 -19 44 38 -34 -10 21 43 59 -28 -31 -6 23 -11 0 -4 -26 -5 -48 25 -64 -12 -8 -12 8 -27 -3 -47 18 -33 5 5 5 7 -36 -4 -7 7 39 11 44 -13
-2 -99 -51 -24 9 2 -13 9 -16 -29 -6 12 5 7 23 4 -9 -10 15 -27 23 -9 19 -11 -35 -9 2 -44 -40 -2 3 -21 -8 14 -7 5 8 12 -37 0 -25 7 28 1 -19 4 2 -92 3 -11 4 19 0 46 2 -44 -5 -7 20 -21 11 10 -49 -28
-22 -17 -60 24 2 -17 -7 -13 19 15 -37 -28 32 18 74 20 7 -36 11 -3 15 -2 12 12 -42 -22 40 -52 -2 -32 24 -1 18 -46 -47 6 20 -9 -7 28 -15 24 18 -17 0 12 10 37 10 22 -9 9 5 -4 -7 -14 -44 -49 -11 -32 16 8 -6 -2
30 16 13 -8 -24 -9 7 14 -59 38 1 4 -55 -5 -6 -17 -6 26 6 29 4 0 -27 50 32 18 -7 -1 3 -12 11 -26 -12 -10 -3 -33 14 25 -40 4 -15 -6 -39 26 -38 33 -3 -32 0 -19 0 -38 -10 -7 -9 -19 -28 -26 -60 28 -5 -44 22 -6
-14 -42 18 -10 10 -5 -7 14 -30 -6 24 1 15 -31 9 -13 -12 15 20 -11 25 -4 -38 29 21 -2 -22 -16 8 31 -4 20 -14 -37 14 14 2 25 1 25 -13 1 34 -14 -11 -2 3 14 12 -38 20 16 -8 17 -8 -13 -22 20 -45 26 21 -28 -17 5
-11 22 13 -3 19 -17 12 -6 -1 -12 15 -43 18 -2 -24 -12 3 16 -30 9 -13 -7 20 17 20 -18 29 -28 12 9 -37 0 -28 3 -22 -47 -38 -33 22 1 22 -15 22 17 12 2 -5 -14 1 28 -11 26 35 39 -11 27 25 -41 -40 2 -30 26 6 6
-26 -22 -73 -23 3 -13 -36 2 -7 -27 -28 -43 13 -2 52 -2 4 7 -19 -5 33 -5 1 -12 -29 -29 9 -28 -13 8 25 -1 -56 -30 4 17 8 5 -38 -50 10 42 0 -14 -22 29 17 10 5 20 -11 9 31 13 -12 -44 -9 -30 13 -3 31 0 -66 -7
-11 -11 -31 -12 2 6 4 -11 10 19 -6 0 11 16 32 10 -4 -32 12 -1 5 -8 -15 -7 0 1 -10 -57 -1 5 4 -2 -4 -2 -10 24 -21 26 -54 1 -11 34 20 -45 2 54 0 -5 -8 14 12 13 -1 15 -7 -48 15 -11 1 -49 56 23 -23 -6
-7 5 -13 0 -2 -13 33 0 17 18 -5 17 -1 3 0 -18 -9 -4 8 -16 -20 -9 29 -19 8 23 35 -17 -20 -6 1 26 7 -12 -13 -16 11 -16 9 -19 -38 -8 23 1 -3 1 -12 -13 15 -28 13 -25 2 -35 -9 -1 -3 0 -12 27 -40 -5 35 3
-19 9 2 -35 -7 -9 -25 -19 0 -12 0 6 15 10 22 -42 -5 28 54 12 7 -1 -27 -6 18 -18 -67 24 12 6 -69 -26 11 22 1 3 -19 12 -44 22 16 28 -29 16 36 24 51 -6 -42 7 15 20 -52 -10 -2 -22 -47 23 -56 23 14 -48 -26 21
4 8 -15 1 12 -5 -50 -8 -54 12 -58 3 -23 -24 11 4 1 38 17 -3 1 -7 -49 -41 -19 -49 -29 -79 -1 -26 -60 -26 -39 -56 32 19 -6 -9 -16 -7 -40 5 -18 -16 22 -4 -7 -32 -8 -17 -3 -16 12 -19 4 34 25 -46 36 -3 -3 -19 -15 -7
-4 16 15 3 -21 -12 36 19 3 -17 -15 27 -13 -11 -6 6 -2 -48 8 -91 -28 -5 25 0 22 -34 -19 -14 -3 -45 14 38 -20 5 -94 12 1 -1 -59 16 12 -8 -47 -8 -14 4 -19 -5 14 -22 2 -15 -48 -6 0 -34 -18 0 61 6 24 -6 -16 37
-14 4 -10 -17 18 -8 8 14 4 -25 1 12 5 -13 -3 -25 -7 -5 -21 -77 15 1 17 33 -14 -24 10 -14 10 -71 -21 30 -9 -20 -16 -5 3 8 -23 1 0 5 13 12 8 16 8 -27 -7 39 -10 -11 -17 -1 -10 10 -6 0 27 -11 -34 8 -70 -10
-5 3 -5 11 42 -2 2 -2 6 11 -3 -17 39 -16 15 -12 0 -29 19 -34 20 0 0 4 -55 21 14 -14 12 -87 9 -15 1 -1 -8 -28 -17 44 6 8 33 13 -40 -13 22 -21 16 8 25 -9 -20 18 -32 -20 -3 -3 9 5 26 -1 16 -15 -4 28
-29 -5 -6 -8 2 3 -17 7 -11 -8 5 13 27 10 -5 5 -8 -17 6 -23 -22 -6 -24 20 14 -16 25 -17 23 -31 19 -55 11 -7 -13 26 15 24 13 33 18 3 27 30 13 16 9 -19 -4 22 30 -7 -12 -9 5 -6 -9 -21 22 -34 11 7 -39 0
-12 8 9 6 -6 -6 3 9 0 6 11 -10 4 -10 0 -11 9 3 -7 -5 -5 2 1 0 -9 -2 1 1 11 -1 -2 -6 1 -10 -7 -2 5 -7 3 -2 2 -6 7 6 -3 7 -11 -1 -5 -10 -6 -2 -2 8 10 -8 9 9 6 -7 -1 10 6 -10
23 3 -22 2 11 -10 10 -21 11 -25 -10 15 -26 -9 -39 23 -14 43 -17 -48 -42 -5 66 -17 5 10 -10 -5 -16 14 -19 33 14 -2 21 10 -9 -2 36 -23 19 -16 24 6 -6 -17 0 -50 28 -4 -12 18 -9 15 -3 0 11 34 -2 -13 -14 17 24 15
-16 21 29 13 -21 -11 5 7 33 -14 11 -2 21 11 -41 13 -1 -45 6 -80 -12 -8 37 8 7 13 7 -11 -20 -42 9 -18 -7 18 -6 16 32 12 26 27 -20 23 21 20 2 -3 16 -41 5 -14 7 -40 -1 -16 -8 -71 1 -7 23 -11 -13 1 15 10

-31 -18 32 -30 -30 -5 -15 -3 9 -12 -10 30 -16 -24 19 -7 -2 -66 -29 -30 24 2 -1 -3 27 -20 8 -24 -20 5 14 -31 1 -13 12 22 -6 14 -9 -21 7 27 19 -8 -13 7 17 -57 -5 15 52 19 -6 -20 -1 -34 -1 -22 8 -27 16 16 -23 -4
-28 15 22 28 7 0 0 -30 16 -74 12 8 -23 23 -19 7 -1 -49 -8 -22 10 -10 21 -11 -31 30 8 24 -10 -33 -14 -22 38 -21 -12 -11 -1 3 -52 -19 -38 38 -19 5 7 5 -13 9 -14 -8 21 -32 -14 -12 5 -50 -32 10 -2 -7 14 27 27 21
-56 37 28 24 19 3 30 -3 47 7 -38 3 -8 -17 15 -33 2 31 12 -11 1 7 15 20 52 24 -12 -8 -14 -46 20 14 39 -22 -36 7 20 -14 24 26 22 16 -28 34 -50 40 27 21 -2 -9 62 -7 -30 15 -1 -25 -12 -22 -51 -59 2 -25 -27 -32
-5 6 -34 5 -21 -10 25 -36 -34 20 -18 31 -87 -22 -20 0 -3 -2 -26 1 15 -2 -15 0 3 -24 -56 2 -9 -9 27 27 -27 -1 -23 -8 -10 48 10 2 29 15 3 44 4 -22 9 -21 54 -42 6 8 0 44 -8 -25 -7 20 5 -26 17 19 -19 -28
7 19 -7 39 4 1 -3 2 6 -11 -4 10 -9 12 -25 -14 -1 -45 4 -47 -32 -11 36 -24 -4 -1 -13 -4 -25 24 0 -15 19 6 -3 -33 -16 36 -16 -16 29 2 3 47 -2 -10 3 -2 18 -2 -5 -10 11 32 -12 -22 -12 42 0 -26 11 26 2 11
-69 -12 -20 -47 -24 0 13 26 -26 13 23 -84 18 -82 -5 2 6 -9 -17 20 5 -5 -49 24 5 -8 3 -38 4 0 -18 -3 -51 9 -28 24 -4 -16 -22 -10 -4 -9 -57 -42 -6 -19 5 -1 1 32 44 -4 17 2 1 -4 3 37 -55 8 -18 20 -12 57
1 -34 -9 4 -21 -11 -27 3 -34 17 -18 -35 -18 -9 -14 -38 3 2 -52 -2 20 0 -35 44 14 3 -27 5 8 28 -40 -43 -17 -3 33 12 -3 -29 5 12 -10 -31 -42 3 17 -59 -43 -17 20 -7 -1 -3 15 -3 -6 17 8 17 -15 -12 -35 3 -4 0
-8 18 44 5 0 1 24 -12 -6 -46 -6 20 -14 -3 -13 6 4 36 -22 -29 16 -10 -12 -25 16 13 6 -22 22 -28 -1 21 -17 6 -15 6 -12 39 -12 2 -25 2 -2 14 -6 -2 -15 5 -7 -18 -15 10 -34 26 -6 3 25 11 -5 -41 6 -60 -33 -27
-53 42 24 12 53 2 2 6 12 -25 -13 -36 20 -16 -11 -9 -6 11 -1 -15 -24 8 52 -7 2 28 37 39 -11 -29 7 -14 22 15 -33 -13 18 27 55 23 15 -9 -46 -10 -35 2 -60 9 23 -8 -11 -2 -4 28 -3 2 19 24 -60 -19 83 -21 36 -5
0 4 -12 4 -18 -10 2 -13 -5 -27 29 12 3 9 14 -24 -6 22 -7 10 -44 -2 -14 3 -48 27 24 3 37 -6 -19 -12 -22 -42 -37 17 7 -9 5 -27 46 19 20 -1 -3 52 -5 13 23 18 -21 4 -16 24 8 6 8 6 54 -39 23 -30 -71 -12
-4 -11 6 -13 -12 9 35 -26 -21 -3 -2 54 -38 -20 5 3 -12 6 0 24 27 1 24 11 1 -15 3 -12 -7 -35 14 40 35 -41 -28 -12 -28 -20 14 13 24 14 -40 5 10 25 23 3 -6 -38 0 -5 -26 1 3 -44 -17 13 -13 -14 2 -46 -26 -20
-12 0 40 17 -27 -3 14 -1 15 -26 -23 17 -31 25 9 28 1 -32 -2 -43 -2 6 -5 -18 -19 -24 -31 -1 -28 -15 -14 9 17 -11 2 -26 -50 38 -25 19 -33 4 26 26 3 -40 22 1 -12 -36 12 5 -14 -11 -4 -37 -57 -6 7 -7 -26 -19 -35 7
-21 -32 -11 20 -35 1 10 -12 -14 1 -24 34 -23 5 -18 62 3 -27 -12 11 -2 0 -13 7 -17 26 -29 -19 -49 84 1 -14 1 56 -33 -30 -9 -9 1 -10 -3 -8 28 -5 -6 12 -8 14 -12 4 14 29 44 49 -10 4 -29 31 49 21 -8 46 -40 13
-1 22 -6 -6 38 -1 -14 45 5 23 -8 6 37 38 37 26 -6 30 25 11 -7 4 -41 53 -13 49 10 -4 2 4 21 8 24 -20 -28 8 -8 7 19 43 33 -10 19 -38 5 15 10 11 -37 6 1 -47 4 4 -1 -28 -28 -39 25 -53 52 10 29 14
35 -3 39 25 -29 2 10 21 1 21 3 23 -12 -40 16 21 4 10 12 12 9 -9 -33 0 31 22 -27 -3 2 16 15 -5 -26 42 23 -25 -23 -1 0 13 -32 26 -49 -46 -2 -70 14 -25 -22 -40 16 -24 -25 26 -1 -33 -20 -37 1 -15 55 -29 58 34
-29 -28 -36 16 -2 -4 25 17 -1 1 -7 5 -10 13 19 30 -2 24 -6 4 22 5 5 11 8 8 25 -42 -6 -2 33 -3 -9 -37 -5 9 23 12 -4 15 -9 31 10 25 -37 40 2 -58 -22 -9 52 21 18 24 6 -52 -27 9 2 -78 6 33 -9 -27
3 24 -1 18 4 -10 -31 -5 -1 -34 13 6 -3 19 -12 23 -2 1 -13 -2 -18 -5 19 21 -2 57 56 10 1 -35 38 30 20 -34 -31 39 26 -14 -21 10 -19 17 -13 -6 -1 2 43 51 -2 4 21 -27 -20 2 0 -10 -22 -48 29 -21 32 -20 51 17
37 13 -8 -1 2 -8 6 38 -44 7 4 17 -39 30 -64 -11 -2 7 2 8 -1 1 -17 2 8 12 -13 34 -2 -3 8 -11 -4 14 -17 -66 -12 37 -51 9 16 21 -2 3 -9 33 -19 -2 -20 -28 2 -8 -20 24 -12 12 -1 -2 0 0 2 -19 62 21
-1 -11 4 -10 -17 -11 -1 -4 -41 -11 -4 41 18 -37 17 -10 6 -23 -8 5 45 -10 -19 65 49 -1 -11 -4 30 14 16 17 8 -13 -15 17 -17 -6 8 28 36 3 -25 47 -16 3 47 19 -13 1 46 18 -17 -23 -13 -46 -35 8 -16 -2 -11 -13 -23 13
3 -10 -19 -4 6 -5 15 17 4 -12 37 -84 -5 13 -15 8 0 24 11 5 -19 2 -6 31 36 11 -5 4 29 -10 26 33 -55 -5 3 -35 -16 -26 37 -10 31 -8 14 36 32 62 -5 -34 16 30 -7 -13 45 27 -8 18 17 -40 -12 -5 -13 24 13 11
-44 11 -46 21 -20 -13 -56 -2 15 -12 -30 -9 17 2 39 -2 -6 21 -21 6 20 -8 4 13 17 3 38 -15 16 6 50 9 14 -12 -12 27 34 2 -29 -12 11 29 10 -13 -1 15 13 62 -8 24 18 -2 32 -44 9 -66 -36 -58 0 -29 32 -3 -50 4
-2 14 -97 -41 -9 -12 -34 4 41 16 -12 15 19 -16 -4 -1 -14 -55 -16 -42 -7 -11 -5 1 1 18 4 16 33 9 -5 7 1 31 -63 18 2 -1 -40 -14 28 39 19 -19 -17 62 16 33 -6 25 -12 -30 -13 -3 3 -37 13 23 24 -62 38 -10 -23 7
27 5 -9 22 27 -1 31 -3 -9 28 29 -5 -40 -5 -20 19 -2 -11 3 -10 -44 2 33 -11 15 6 -17 6 -35 10 19 19 36 -4 -8 -54 -2 0 -4 -36 0 -7 21 30 -24 -3 24 36 51 -32 -13 -28 23 23 -3 1 -27 29 8 49 23 14 13 -13
-60 24 -34 -1 39 1 19 -14 29 3 -58 34 47 -21 2 -1 7 2 34 -2 15 -8 -22 7 34 6 -20 -95 3 3 8 37 52 0 0 -54 -13 -4 -24 78 46 58 31 15 -37 75 57 -46 -3 -16 22 12 -35 -12 -2 -40 -58 26 23 17 37 -18 -21 28
33 31 -43 11 15 -19 -13 -31 -65 19 -6 35 -19 -3 -14 49 -4 13 1 -8 4 -8 2 -45 -39 -8 -46 -37 -22 6 -14 -47 -23 -34 8 13 -23 -16 -20 -11 -9 -4 2 8 11 -14 7 -25 25 17 -6 -44 -2 -6 -3 14 28 -25 5 -35 2 -11 20 14
-15 -17 41 21 -7 -1 17 -17 1 -33 -8 48 19 -19 -14 -1 -3 -57 -27 -35 -39 7 24 -17 -22 -19 -21 -7 -19 -50 -29 18 45 11 -34 30 6 -20 -58 -34 4 -28 -34 -9 -22 13 -6 28 34 -17 3 11 -33 39 7 14 -41 49 31 0 48 12 -45 -11
16 12 34 -6 10 -10 26 25 -12 -37 1 9 8 10 9 -33 2 -25 -3 -47 4 -9 20 27 -22 33 9 19 49 -38 -6 -1 3 -13 6 9 10 16 -22 -34 2 -16 15 20 28 51 6 8 9 38 -16 -9 -21 7 -3 17 -11 15 15 -4 -20 -1 -97 -28
20 -21 35 -4 51 -10 9 -35 -5 10 -7 -4 37 1 2 11 -1 -19 10 -30 2 5 12 2 -33 20 -1 -52 5 -64 15 -12 25 -27 0 -16 -6 32 39 20 23 -10 -35 -29 3 -3 -3 7 17 20 -28 -24 -21 -12 -5 -18 -17 3 38 13 63 10 -8 -2
-6 25 -5 36 22 -1 2 31 -9 -38 25 1 27 26 -4 9 -7 3 20 -13 -55 1 -32 11 -2 63 31 41 52 20 10 -35 33 -44 18 -17 28 31 -13 3 13 -33 11 8 23 34 11 7 -32 3 43 -17 -38 4 2 24 0 15 17 -47 6 25 -11 -16
0 3 -5 4 -3 -7 8 6 -14 5 -9 -2 2 -8 1 8 10 6 -12 -4 -7 4 -8 -1 8 2 -5 7 1 8 -8 -3 1 -10 6 2 -8 -2 -1 -6 3 -6 4 12 6 -4 -9 9 6 -3 -2 4 11 3 -7 8 2 -7 9 6 -16 -3 4 3
17 -4 -7 19 10 -16 15 -3 8 9 -7 12 -74 -39 50 10 -12 14 13 -31 2 -3 42 3 16 -10 -62 -57 -20 32 -23 34 -4 31 14 -10 -45 6 28 -22 20 -30 -20 17 -51 26 67 -47 45 -35 -5 13 24 11 -9 1 -10 29 -2 12 15 20 3 -1
-8 13 26 40 7 -8 -1 -6 36 -22 3 -5 -3 9 -10 38 2 -26 17 -70 -29 -4 -6 -21 16 24 4 9 -9 -2 2 22 -3 4 15 4 19 26 -2 2 -41 33 53 0 0 14 15 -8 0 -6 17 -32 11 -6 -15 -50 1 -11 26 -31 7 10 32 -12


