-2 55 -6 -6 -55 30 -56 -55 58 22
-46 4 29 -42 36 -44 -1 -41 19 76
0 26 -15 -36 69 59 -1 34 3 9
25 -16 -28 43 -13 -45 -7 46 57 21
-28 -19 -34 33 -32 33 -15 69 -56 21
13 -34 -13 42 -31 50 37 19 -44 1
-30 -20 -24 -14 -21 -7 99 -1 -10 -42
-20 15 -48 4 -20 2 -14 -10 56 13
33 -21 -10 -17 13 -23 -46 45 37 15
34 -23 15 -50 17 -42 -9 -7 24 -25
53 -43 37 -2 14 38 -43 14 -64 -7
-57 -27 21 40 -4 -9 -15 21 -21 -53
16 -72 -6 -15 -20 31 18 85 46 -62
-6 3 -67 8 -12 17 -32 -15 -75 41
-25 -6 18 9 -39 22 -62 -37 20 44
6 40 3 -32 -21 -36 -9 -17 58 47
10 19 -27 -25 22 -12 -48 66 -43 -17
20 -23 -50 9 -55 -9 -4 -4 -36 14
-24 -23 -42 41 -11 26 -36 -61 22 -66
38 43 -14 -49 -66 -45 41 -10 -6 25
-17 -11 -16 -27 4 -8 21 -24 -22 25
-14 -41 -11 -10 -31 24 52 -45 -26 -51
-23 -25 91 1 -18 12 -1 41 -28 4
-28 25 -70 5 19 54 -28 22 -28 44
-56 38 45 18 30 41 -19 24 -54 -28
22 -26 -52 42 -66 -5 -41 -7 30 -33
38 -29 51 5 -24 11 -47 -1 -25 20
46 -41 2 27 89 -3 -15 7 -88 -60
41 15 60 19 -17 -18 3 -13 13 2
21 38 20 -8 -4 35 -66 -25 -23 -32
-40 14 49 10 43 19 -27 -21 -75 -49
51 14 -50 -2 45 10 -20 -31 28 8
17 78 -8 -34 -29 -29 -13 38 15 -7
-57 89 -31 7 -27 -8 -26 -39 -60 17
-19 46 -22 14 -40 29 36 -16 6 -44
35 -37 25 -10 -22 -10 -51 49 -22 13
-12 -7 -8 30 53 5 -58 7 32 -11
20 -20 56 8 32 -22 -14 13 -78 5
10 -55 82 -18 -42 1 7 -20 -37 -51
-54 -43 27 34 25 -2 25 -34 -37 -22
20 -7 -3 20 36 30 33 27 -64 -44
-34 -54 -10 -20 41 -3 37 43 -53 -53
-48 34 15 10 -24 -34 67 21 -10 27
-11 -19 0 43 -24 42 -13 -22 -5 38
34 -3 -35 -18 -36 -34 -55 18 30 -12
-62 67 12 0 -23 -6 26 -42 42 12
-19 42 -8 9 -6 -2 45 -43 -40 54
27 35 -16 -3 -17 -34 -1 -4 -27 69
-15 -36 -5 -49 -38 92 -45 -68 -15 -37
38 -56 24 24 34 37 7 -35 59 -16
4 37 -13 -3 56 -54 -40 -70 0 -5
-9 -26 6 -4 -53 44 33 35 28 -33
-13 -98 15 -6 36 -17 3 -8 7 5
-30 -25 -35 61 31 40 17 40 -1 7
-68 17 42 -23 -12 -25 21 18 39 -29
-22 30 -9 -26 -26 7 12 38 63 2
-26 -81 0 -2 58 20 -20 9 -56 -55
5 -8 15 -12 -31 -19 62 -53 35 31
39 29 25 -22 33 -12 31 -56 -39 28
-71 4 -2 -13 50 36 17 59 -22 33
2 50 -30 -36 -12 -31 68 -34 17 5
-43 -16 -28 -37 13 -31 4 -12 61 39
29 -46 51 6 13 -5 22 -12 4 -68
32 8 33 18 -19 -42 23 -51 30 -50
