  -378   -483   -393   -269   -643   -811   -440   -299   -712   -503   -260   -653   -624   -453   -226   -530
  -621   -347   -397   -461  -1046  -1390   -825   -347   -928   -995   -303   -434   -190   -523    147   -439
  -592   -473    346    285   -794  -1346   -204    -17   -988  -1603   -383   -100    389   -262   -330    251
  -568   -573    546    225   -842   -809    -50   -305   -778  -1391     72    166    629   -577   -521     39
 -1124  -1056   -301     89   -809   -142     30      7  -1252   -908   -204    335    -57  -1671   -313   -691
  -929  -1218    -33   -738   -175   -157     46   -783  -1270   -633  -1111   -211     79  -1590  -1184   -596
  -257  -1352    -34   -576    308   -252   -810   -982  -1277  -1209   -679    -94    -14   -888   -850   -236
   -10   -881   -122    198   -335   -463   -131   -870   -234   -611   -312    345    -69   -236  -1276   -519
  -157   -810    -71    466   -239   -618   -278   -855   -165   -919    369    660    104   -509   -259   -527
  -327   -939   -112   -133    888   -139   -195   -738   -681   -593   -121    202    644   -426   -752  -1319
  -442   -848    202     46    465    437   -427   -473  -1308   -279   -493     14    789   -121   -106  -1169
  -349   -785    236   1130    304    432   -453   -952  -1190   -317   -749    -41    111    349    577  -1262
  -217  -1188    292   1004    241   -486   -588   -801   -454    -90   -777      1   -839    602    486   -910
  -306  -1783   -154    587     59   -760   -535   -420   -486     76   -869     31  -1225    499    585   -720
  -377  -2015  -1226     56   -492   -791  -1219   -526   -469   -287   -653   -646   -594    480   -487  -1531
   -58  -1367   -900   -577   -640  -1319  -1184   -788   -466   -423   -525   -353   -573    551  -1043  -1991
