  -258   -657   -210   -164   -120   -371   -389   -391   -303    144   -485   -390   -821   -410   -346   -277
  -714   -774    326    153    363    369    419   -385   -353    -60   -808   -620  -1091   -765   -165   -199
   119   -882   -556     80    901    978    212  -1051   -901  -1323   -836     -8   -294    597    481  -1068
  -351  -1226  -1001     31    488   -182     23   -395   -371  -1147   -574   -188   -197    729   -777  -1587
 -1173   -740   -442    272    661    -71     16     99   -117  -1070     18    894    882    268  -1104  -1295
  -625   -103    -59    422    344   -831   -923  -1266  -1347   -692   -260   1051    369    481  -1371  -1587
  -735   -437   -217    111    424    -42    -20  -1345  -1383     56   -330    194     97    192  -1137  -1026
  -442   -649   -440   -688    -37    507    637   -658   -702    746   -572   -343    544    309   -640   -869
  -473   -494   -235   -341   -979    268    578   -557   -271    346  -1099  -1089    107    266  -1215   -605
  -476   -400   -485   -924   -990    663   1764   2032    500   -780   -526   -476   -771   -726  -1458   -726
  -687   -465   -265   -544    623    524   1442   1245    119   -194   -229     22    124    862   -295    260
  -703   -554   -507   -137   1145   1619    724    188    120     80   -582   -286    176   -340  -1540    229
  -527   -853   -897   -776    -19   2007   1000   -110   -562   -131   -244   -433   -955  -1098  -1504     14
  -575  -1109     84    295    971    395   -118     19   -460    208    189   -530   -623   -141  -1245   -470
  -358     28    555   -274    474    170   -142   -235   -423   -283    -76     -7   -589    -39   -155   -627
  -141   -119    207   -117    249    252    -48     -4    -77     81    525    144   -395   -360   -554   -334
