  -940  -1051   -551   -269   -428   -537    -41   -593   -515   -327    -37  -1089  -2012  -1759   -767   -254
  -641   -855   -771   -561   -979  -1172   -758   -662   -364   -655  -1048  -2000  -2708  -1507   -875   -677
  -517  -1408  -1173   -698  -1090   -901   -201    636   -495  -1258  -1366  -1287   -883   -103  -1294  -1163
 -2652  -3587  -2651  -1524  -2032  -1398   -569   -389  -1429  -1269   -904   -800   -678  -1063  -1926   -338
  -973  -1625  -1722  -1450  -1638   -406  -1060  -1972  -2496  -1710  -1505  -1151   -507   -408   -678     94
   587    373   -436   -512   -178    835   -468  -2315  -1475   -849   -801   -316    752   1766   -184    240
   679     51   -750   -946   -875   -205  -1620  -2138  -1239   -877   -157    486    965    969   -503   -243
   260   -378   -695  -1447  -2331  -2429  -2173  -2102   -825   -558   -589   -390   -278   -412  -2133   -987
    -3   -523   -741  -1509  -2903  -1865  -1043   -591   -668   -906   -708   -733  -1162  -2068  -2368   -349
  -506  -1819  -1968  -2530  -2049  -1035    205    507   -142     82    -27   -684  -1232  -1340   -908     47
  -477  -2041  -2587  -2692  -1184    134    881    710    713    381   -489  -1748  -1767  -1999  -1996   -273
  -538  -1791  -2665  -4043  -2581   -396    593    263     78   -347   -767  -1430  -2312  -3236  -2177   -398
  -896  -1985  -1763  -1569   -640    124   -366   -667   -439   -401  -1049   -836   -870   -686  -1078   -447
  -165   -397     99    181    717   -246   -610  -1013   -991  -1248  -1715   -858   -234    641   -396   -388
    54    291    842    442    237   -365   -324   -426   -631  -1052   -314      0    194    842   -984   -921
   572    281    426    515   1064    956    648    384      9    331    857    792    946   1123    425    486
