   240     46     57    258    109   -194     84   -216   -126    -72    100   -106    -68     83    233    -56
   -96   -420    -82   -208   -263   -548     18   -657   -815   -632   -371   -454   -293     89    268    -98
    98   -576   -232   -235   -499   -323     -9   -405   -913   -945    182   -108   -220    208    396   -159
   249   -576     83   -297   -896    -73    494    -25   -989  -1017    117   -360   -499   -152    564    286
   340  -1121    -17    178   -357    148    445    -84   -688   -866    244   -148   -320   -495    182    330
   664  -1678   -705    288     65     69   -870   -261   -355   -467   -358     83    -53   -398   -123      4
  1226  -1523  -1188   -290    114   -161   -921   -872   -304   -765   -994    -67   -149   -530   -715    175
  1426   -864  -1074  -1131   -125    173   -891   -957   -234   -478   -765    -74    302    -82    279    530
  1031   -636   -775  -1302   -522    514    -76   -981   -442   -335  -1022   -602    464    110   -162    259
   918   -385   -304   -731  -1044    576    331   -237   -819   -489   -199   -193    792    -27    -22    203
   859   -463     82   -155    -44     10    316   -266   -393    464    -51   -411    914    577   -135    127
  1001   -631    251   -335    398    507    -12   -297   -406    283   -142   -577    455    449    187    208
   856   -824    -99   -712   -172    295   -168   -367   -378    -81   -243   -225   -277    785    745    255
   924   -796   -282   -718   -660   -489    -46   -143   -373   -492   -447   -405   -393   1052    701    137
  1689    464    482    395    660    718   1493   1085    541    120    331   1104    652   2498   2520   1085
   486   -636   -643   -394   -688   -943   -378   -180   -280   -536    -61     34   -547   -232   -244   -654
