  -624   -560   -206   -387   -566   -833   -422   -291   -572   -645   -390   -404   -746   -690   -104     19
  -825  -1311   -648   -735   -668   -901   -474   -187   -985  -1370   -729   -501  -1000  -1120   -348    186
  -262   -167     31    287   -163   -243   -419   -411  -1087  -1095    -17    914    315   -173     97    304
  -733   -539     -4    622    341   -794  -1420  -1802  -1571  -1554   -529    695    572    -71   -559   -672
 -1824  -2044  -1128    -84    492   -237   -868  -1160   -681   -436   -512     99    201   -422  -1701  -1272
 -1356  -1743  -1158   -852   -252    -37   -377   -241   -243    258    -94   -567   -877  -1202  -2003   -840
  -402   -570   -188   -795   -650    200    547    194   -277    265    106   -721  -1448  -1678  -1303   -658
  -277   -123     73   -247   -666   -674    527     77   -939   -276   -335   -788  -1118   -959   -287   -390
  -391   -278   -262     53   -268  -1123  -1131   -191  -1181   -495   -614   -761   -509   -336    372   -260
  -336   -431   -259   -159    239   -377   -337    177    146    106   -134   -268      2   -318   -497   -402
  -373   -388   -267   -259     -6    636    582     68   -126   -283    410   -108    157   -378  -1153   -790
  -522    -80    416    526   -302    117    542    265    149    -13    269     37    605    -21  -1223  -1229
  -396    169    817    864     64   -580     18   -105   -101     97    282    464   1164    225   -588   -689
  -449   -243    258    631    377   -335   -720   -403   -189      9    357    469    959    100     27   -360
  -692   -696   -731    -56   -295   -734  -1049   -318   -105    -56    230      6    271   -348    -84   -356
  -282   -410   -568   -101   -383   -561   -960   -269      3    219    205    217    106    -99    123   -697
