  -243   -612   -534   -515   -498   -730   -590   -636   -291   -178   -710  -1379   -888   -410   -349   -362
  -239   -990  -1084  -1137  -1196  -1285   -769   -826   -276   -372  -1258  -2132  -1389   -613   -623   -394
  -507   -541   -681  -1438  -1373   -511    590    532    569    319   -456   -889     59    541    -78    444
  -430    384    -25   -724  -1336   -286    442     34    -97    407     72   -337    -36    430    490    715
    60    878    234    -46     44    403    315   -849  -1191   -960   -477    379    546   1151    807    492
   286    309    738    352    729    677    122   -992   -607   -937   -365    772   1313   1311    412    432
  -259   -656   -127    104    271   -121   -886  -1092   -856  -1091   -476    817    921    501   -184     90
  -558   -534   -335     85   -347   -156   -281   -660   -438   -270   -142    853    635     29   -852    -73
  -326   -124    -97   -338    184    259    575    118   -564    189     96    844    676     27   -581     26
  -424    -82      2   -694     32    430    676    262    -97    374   -605     66    377    510   -543   -165
  -411   -364    -52   -350   -220    619    518    111   -210   -304   -969   -236     50    786   -335     94
  -262   -476   -691   -766     54    648    626   -260   -686   -765   -815   -246   -276    539   -464     10
   -39   -676   -656   -407    618    910    328    330    -84    -91   -439   -303   -541     72   -368    280
  -208   -336   -287   -172    425    824    288    612     14   -232     91     40   -714     50    270    279
  -115   -125     21    -41    152    368     37    148   -100   -390    -86     37   -252    529    454    493
  -179   -242   -267   -576    140    405    319   -276   -199   -343   -138    208     85    353    218   -126
