   693    745    517    703    809   1076   1199   1164    861    631    541    914    900   1299   1523    902
   184    349    269    134     16    326    331   -322  -1148   -934   -136    500    238    500   1042    764
   -31   -236   -408    -44   -352   -358   -439   -518  -1797  -1701   -203    346   -898   -699    248    -10
   919    532    -31    447    -38   -461    -21    198  -1272  -1431   -458     77   -683   -596   -146    327
   737   -158  -1111     32   -198  -1039  -1646  -1558  -2045  -2461  -1256   -383   -491  -1236   -644    232
  -583  -2268  -2970  -1077   -742  -1245  -1841  -1243  -1029  -1146   -864   -716   -931  -1240  -1221   -279
  -242  -1213  -2385  -1497  -1026     53   -422   -582   -260    356   -479   -767   -136   -352   -810    -91
   533    261   -697  -1216   -656    438    -28   -959   -863    532    -66   -712   -194   -558   -399    151
   622    222   -537   -992   -825    426    160  -1286  -1325   -331   -360  -1161   -560   -562  -1227   -287
   609     86   -585   -567  -1422   -696   -838  -1327  -1489  -1468   -483  -1110   -179   -201   -766     95
   349    160   -125    141   -435   -926  -1068  -1023   -890  -1247   -633  -1187    132   -227    -85    595
  -126   -395   -651   -600     57   -275   -775   -947   -633   -866   -291  -1410   -166  -1084   -187    942
  -242    -13   -336   -933   -385    -87     55   -289   -169   -265    196  -1287   -717  -1686   -407    565
     3    -59   -420   -976  -1258  -1451   -542    132     87    248    604   -399   -449  -1110   -434    481
   172    172   -537   -315   -574   -732   -555   -371   -416    135    237    386   -165   -343     27    364
    90   -524   -421    -50   -241   -562   -774   -585   -481   -226   -193     36   -229   -383   -511    124
