  -576   -441   -159   -137   -337   -241   -261   -170   -127     42    166    284    227    146    -24   -163
   -50   -544     72    142    221    490    241    176    247    384    219    320    380    337    148    217
   118    156    333    457    433    654     22   -608     99    467    482    222     28   -347   -190    315
  -150   -239    382    695   1064    948    419     51   -108   -142    195    166    -73   -327   -468    -58
  -800  -1399   -453    328    775      2   -674   -535     29   -122   -477   -193    -38    -75   -561   -395
  -497  -1653  -1286   -185    415   -618  -1452   -407   -126      1   -386   -315   -730   -604   -417   -470
     0  -1210   -735   -781    246      2     55     80    123    260     47   -189   -377   -411   -856   -431
    -6   -968   -141   -593   -226    588    650   -476   -969   -459    582   -102   -282   -475   -484     80
   -30   -706    -11   -145   -514     46    601   -439   -465    202    560     59    -40   -437   -944   -760
   157   -571   -121     51   -579   -648   -660   -440      0     78    -80    135    233   -597   -673    -36
   152   -611   -223   -647    -45   -430   -521   -233   -309   -480   -593      6     90   -273   -337     83
    85   -270    614   -193   -677   -325    -57    201     63   -345   -583     63    771    377   -232    108
   -91   -189    864    480   -374    -81    222    229     69    -39    -59    574   1245    288   -953   -209
  -202   -732    102   -184   -315    210    214    434    180    159    582    684    681    -18  -1679   -530
 -1020  -1669   -966  -1429  -1558  -1624  -1272   -414   -501   -185    206   -458  -1442  -2217  -3367  -1118
   -19    -96     -6    -14   -220   -357   -332     45    199    102    363    -52   -480   -556   -854    -34
