 -1369  -1038   -611   -649   -855   -878   -703   -237  -1236  -1846  -1381  -1223  -2228  -2062   -791   -122
 -1331  -1612   -909   -957   -729   -666   -247    279   -997  -1577   -887   -310  -2009  -2508   -859   -250
 -1508  -1818  -1145   -731   -743   -711   -739   -422   -989  -1627   -637    337   -971  -1590   -812  -1160
 -3160  -3432  -2089   -690   -596  -1952  -2049  -1643  -1277  -1562    -50    456   -581  -1438  -1572  -2474
 -3112  -3503  -2042   -977   -386  -1186   -996   -709   -533   -785    306    213   -390  -1283  -1926  -3239
 -1971  -1568  -1092   -533      0   -187    559   -282   -975     74   -101   -124   -934   -562  -1389  -2557
 -1251   -846   -502   -776   -684   -889   -550  -1802  -1988     80   -389   -644  -1107   -569   -604  -2164
 -1202  -1292   -248  -1247  -1301  -2089  -1487  -2281  -1745   -379   -842   -956  -1457  -1246   -521  -2064
 -1058  -1251   -426   -879  -1887  -1992  -1899  -1151  -1398   -973   -844  -1163  -1749  -1855   -253  -1286
 -1204  -1668   -958  -1002  -2182  -1911  -1512   -414   -496   -567   -313   -934  -1972  -1937    -85   -636
 -1309  -1946  -1540  -1928  -1301  -1330     96    210   -405   -278   -169  -1106  -2719  -2526  -1099  -1439
 -1423  -1751  -1871  -2153  -1811   -821    416    379      9    -44   -240  -1025  -2092  -2290  -2116  -2359
 -1343  -1179  -1243   -784  -2227  -1167   -201   -155   -155   -116   -373   -836   -694  -1545  -2322  -2410
 -1094  -1137   -388    -62   -995  -1476  -1358   -849   -844   -824   -839   -691    104   -913  -1824  -2163
 -1673  -1125   -148   -182   -887  -1264  -1283   -441   -694   -564   -661   -388    275  -1102  -1474  -2198
  -454   -175    138    262    -61    -83   -120    349     43     38     28    155    558    121     72   -616
