  -385  -1264  -1064   -843   -347   -251   -709   -777   -684   -804   -777   -723   -652   -547  -1150   -457
 -1138  -2128  -1403   -979   -715   -618  -1318  -1769  -1697  -1385  -1463  -1632  -1529  -2083  -1985   -846
 -1519  -2560  -2118  -1576   -916   -885  -1029  -1127   -301   -655  -1659  -2142  -2242  -2607  -2474  -1841
 -1527  -3232  -2856  -1807  -1018  -1736  -2115  -1525   -713  -1807  -2125  -2127  -2529  -2033  -3068  -2011
 -2064  -4099  -4528  -2348  -2739  -2701  -3872  -1988  -1187  -3060  -3088  -2078  -2178  -3349  -4015  -2084
 -2410  -5375  -4814  -3193  -2485  -3087  -3797  -2005  -2607  -2921  -2330  -1654  -2014  -3041  -2359  -1736
  -930  -3308  -3063  -2998  -2307  -2886  -3494  -2984  -4123  -3383  -2517  -1970  -1470  -1496  -1500   -565
  -179  -1446  -1456  -2144  -2754  -2711  -3464  -4791  -5723  -2744  -2153  -1647   -175    415   -176      2
   313  -1183  -1258  -1707  -3438  -4032  -3313  -6047  -5232  -3895  -2895  -1995   -332      1  -1697  -1586
   366   -819  -1383  -2552  -4764  -5217  -4589  -5738  -4437  -5303  -3127  -2101   -426  -1145  -2086  -1407
    57  -1422  -2465  -3582  -4488  -4829  -4477  -2644  -3660  -3943  -2145  -2198  -1806  -3103  -2524  -1445
    12  -2057  -4061  -5361  -5213  -4066  -3354  -2174  -3027  -2859  -1957  -2468  -1921  -3468  -1648   -540
     8  -2403  -4772  -5667  -5548  -4424  -2539  -1864  -1905  -2205  -2127  -2556  -3307  -4121  -1741   -277
    65  -2776  -4496  -5615  -4951  -4063  -2809  -1784  -1998  -2192  -2819  -2742  -3986  -2984  -1454    -37
  -719  -2802  -3479  -3251  -3012  -2610  -2325  -2073  -1900  -1931  -3205  -2445  -2488  -1439   -653     62
  -343  -1762  -1869  -2111  -2129  -2367  -2215  -2003  -1379  -1993  -2678  -1891  -1553   -749  -1235   -886
