    31     63    253    142   -132   -343     74      2   -467   -167    121    222    279    416    278    324
  -345   -454     -7    -46    121   -578      3    464   -631   -979   -324   -183  -1066   -529    110    386
  -258    341    538    433     11   -478   -628   -357  -1240   -925    203    476  -1487  -1823   -169   1059
   233     84   1655    949    198  -1306  -1073  -1463  -2072  -1833    -88    455  -1109  -1756  -1453    472
  -718  -1556    568   1023    -86   -945   -939   -919  -1095  -1104   -347   -186   -705  -2084  -2595  -1084
 -1615  -2421  -1151    -55   -260   -835   -431   -118   -523    286    -24   -838  -1743  -2163  -3116  -1542
  -580  -1127   -147   -635    123    389     25    -95    319    653    308  -1375  -2122  -2342  -2753  -1287
  -518   -670    516   -572     20    427     32   -721   -213    322     95  -1172  -1806  -1195  -1815   -732
  -680   -700    562    921     63    365   -820   -364   -873   -121      6   -969  -1657   -711   -926   -514
  -654   -451    533   1145   1084   -144   -778   -510     90    239    -64  -1035  -1957  -1420   -893   -395
  -584   -597   1067    585   1286    -11   -138   -624   -647     97     73   -848  -1787  -1768  -1821   -356
  -678   -671   1706   1731    671    327    -91    -36    150    484     71   -270   -567   -658  -2575  -1528
  -688   -606   1472   1959   -104    159    -90     28    368    549    112    -24   -834  -1290  -2970  -1626
 -1141  -1132    386    757   -205   -385     44    -65    443    810    221    266  -1228  -2181  -3209  -1477
 -1247  -1928   -714    -72  -1367  -1820   -908   -320      1    486     -4   -314  -1388  -2606  -3172  -1557
  -480   -952   -475   -215  -1143  -2169  -1552   -761   -549   -334   -122   -284  -1192  -1706  -2818  -1485
