   378   -487   -604   -611   -308   -104   -308   -391   -441   -337    380    514    389    -69   -567   -338
  -575  -1220   -795   -331   -696  -1272  -1527  -1410  -1579   -713   -170   -232   -746  -1193  -1865   -816
  -777  -1404   -399    -37    309   -374   -997   -657   -384    291   -290   -641  -1119  -1586  -1583   -470
   342  -1648   -803   -603    322    183    -26    518   1104    962   -229   -670  -1017   -854   -754   -687
   486  -2215   -846   -661   -474   -459    113    429    278   -168     28   -661  -1348   -958  -1250   -148
  -776  -2587   -500   -319   -928   -792   -445     87   -378  -1161   -180   -695   -862   -610   -213    493
 -1154  -2495   -799    -48   -872  -1575  -1629  -1178  -1825  -1954   -908   -536   -332    395    886    685
 -1010  -2281   -991   -209   -118   -397  -1106   -934   -850  -1355   -931   -149    273    262    351    673
  -587  -1674  -1053   -924   -343   -868  -1737  -1683   -855   -607  -1030   -465    108    298    538    685
  -528  -1287   -732  -1230  -1156  -1211  -2063  -2276  -1036  -1436  -1938  -1137   -821   -914   -809   -289
  -549  -1344   -321  -1354  -1721  -1263  -1401   -895   -669  -1458  -1057   -711   -702  -1115   -808   -302
  -691  -1838  -1083  -1667  -1355  -1677  -1268   -671   -969  -1068   -614   -732   -436   -764   -896   -699
  -758  -2271  -2327  -2631  -2540  -1868  -1277   -979  -1183  -1203  -1210  -1139  -1080  -1293  -1145   -778
  -592  -2536  -2316  -2744  -2720  -1110   -705  -1154  -1314  -1152  -1284  -1775  -1945  -1668   -987   -379
   -91  -2145   -811  -1331  -1192   -656   -746  -1179  -1165   -849  -1717  -1924  -1356   -857   -357    199
  -316  -1312   -746  -1008   -728   -329   -523   -834   -790   -910  -1713  -1416   -745   -256    323    -15
