  -781   -907   -935   -660   -414  -1121  -1094  -1716  -1595  -1852  -1701  -1553  -1944  -1836  -1653   -661
  -319   -839  -1005   -842   -138   -661   -479   -624   -386  -1252  -1467  -2086  -2325  -2555  -2293   -828
  -419   -945   -457   -693   -567   -630   -620   -687  -1123  -2043  -2266  -2434   -974  -1329  -1948  -1089
 -1609  -2462  -2107  -2371  -2867  -2702  -2389  -1955  -1728  -2868  -3417  -3303  -1372  -1822  -2438  -1945
 -1505  -2735  -3644  -3505  -3801  -2388   -741    221    182  -1294  -2568  -2500  -1554  -1109  -2210  -1731
   502    100  -1900  -2858  -3253   -803    379    598    319   -990  -2062  -2188  -1673   -825  -1546   -499
   746    871   -753  -1746  -2594  -1809  -1542  -1183   -940  -2282  -2511  -2642  -1918   -434   -221   -100
   334    692   -215  -1061  -2623  -3307  -3318  -2199  -1414  -2740  -3419  -2855  -1736   -150   -189   -428
   134    534   -239  -1140  -2556  -3093  -3572  -1753  -1730  -1879  -3175  -2929  -1712   -163    681    435
  -296   -475  -1025  -1975  -1927  -2152  -1381  -1222  -1633  -1145  -2455  -2865  -1995   -634   -291    -40
  -458   -868  -1788  -2348  -2512  -1524   -124   -144   -209   -392  -1329  -2665  -2430  -1420  -2035  -1223
  -166   -248  -1335  -2108  -1637   -888   -238    249     39   -344   -705  -1995  -2951  -2050  -2552  -1376
  -103   -131   -761  -1940  -1178  -1392   -812   -550   -633   -776   -547   -918  -2306  -1786  -2112   -477
   -47   -183   -523  -1514   -401  -1414   -926  -1521  -1227  -1313   -796  -1015  -2482  -1774  -1406   -117
  -133   -427   -731  -1709   -778  -1401   -951  -1846  -1297  -1464   -827  -1422  -2417  -1949  -1434   -402
   357    742    246   -404   -251     42    642     48    230    404    274     66   -487     52    883   1008
