  -754   -465   -104   -816  -1176   -736   -494   -355   -504  -1206  -1300   -548     -6   -322   -502     -8
 -1830  -1957  -1499  -1555  -1415  -1128   -336    358   -747  -1454   -786   -425  -1202  -1169  -1020   -212
  -746   -922   -723  -1064   -398    343    -61    135   -585    -15    629    728   -741   -458    213    665
     9   -198    108    -10    507  -1033  -3148  -3424  -2586   -530    840    715   -478    165     15   -414
 -1925  -3172    324    973    264  -2407  -3253  -2065  -1795  -1062    859   1068    172   -175  -2526  -2112
 -4307  -4356   -664    764   -230  -1202   -425   -420   -227    -37    376    278  -1239  -1987  -4194  -1484
 -3046  -3021  -1309   -268    176     97    111   -191   -672    585    924   -694  -3034  -3102  -2559   -995
 -1935  -1673   -754  -1003    628    610   -250  -1501    103    485    157  -1103  -2003  -2012  -2385   -996
 -1473  -1255    -15   -320   -293   -120  -1757  -1227  -1291   -858    205   -385  -1369  -1430  -1859   -730
 -1406  -1082    243   1183   -432  -1588  -1887   -972   -919  -1065   -457   -299  -1517  -1287  -1700  -1246
 -1677  -2026   -503    128    -49  -1518  -1071  -1240   -805   -729   -251   -403  -1952  -2928  -2281  -1174
 -1660  -1300   -262  -1114   -503  -1038  -1371  -1131   -768   -536    156   -174  -1103  -2071  -2853  -2052
 -1062   -212    731     86  -2049  -1640  -1363   -540   -429   -710   -264    -35    707  -1067  -2936  -1833
 -1097   -607    -29    120  -2193  -1914  -1313   -971   -743   -758   -571    257    517   -999  -2465  -1605
 -2277  -2500   -821    114  -1709  -2161  -1890  -1258   -597   -572   -891   -359   -449  -1551  -2407  -1437
 -2370  -2215   -857   -855  -1890  -2417  -1201   -767   -673   -544  -1089   -948   -836  -1714  -3049  -1696
