  -101   -787   -681   -561   -193    409    -55     86   -130   -172    309    824    622    114   -214     41
  -598   -943   -239   -188   -888   -810   -882  -1120   -830     63    -55     27   -194   -687   -964   -678
    17    -61   -305    420    666     -5   -867  -1130   -449   -624  -1005   -143     55   -306   -323  -1265
  -580  -1228   -863   -689    186    -32    596   1225   1411    662   -256   -923   -474   -396  -1084   -979
  -614  -1361   -886  -1167   -773     -7   -920   -737   -689   -307    320   -315   -814  -1802   -704   -496
    59    642    484    233   -539   -420   -830  -1403  -1746   -347    -69    -78   -596   -741    -65  -1104
  -662   -273    577    524    214   -780   -966  -1245  -2008   -968    -21    -88    586   1074    583   -930
  -349   -939    413    177    910   -427   -472   -154   -691   -837     95    219     17    -47   -408  -1105
  -374   -999   -136    306   -553    103   -327  -1020   -542    240    614   -305   -540   -899  -1560  -1347
  -364   -748   -480   -299  -1268    -96    361     66      0  -1024    170    236   -684  -1846  -2022  -1792
  -254   -308    -60   -413    229  -1197   -299    684    635    273    217    154     94    295    344   -594
  -363   -203    -91    173    130   -627   -997   -248    -90   -437   -556   -592    -12  -1070   -336   -315
  -917  -1620  -1565  -1293  -1730   -928   -640   -546   -309   -642   -678   -308   -102  -1310  -1109   -551
  -754  -1761  -1172   -660    261    -20   -349    -38    -32    228   -526   -364   -304    115  -1277  -1027
  -475   -234    771    160   -217   -673   -957   -448   -433   -159   -655   -588    -98   -512  -1774  -1619
    65   -265    547    542    573    393    -41    161    139    212    467    191    348    162  -1132   -637
