  -729  -1174  -1156   -936   -948   -493   -466  -1305   -543  -1205  -1465  -1339  -1445  -1456  -1780   -774
  -664  -1604   -896   -273   -136   -343   -381  -1053  -1232   -716   -897  -1476  -1639   -319  -1937  -1169
  -671  -2565  -1229   -818    -78    568   -480   -985  -1482   -499  -1292  -2158  -1522     21  -1716  -1689
  -923  -3790  -2377  -1955  -1350   -969  -2017  -1990   -952    512   -777  -2141  -1871   -738  -1704  -1887
   953  -2632   -908  -1489  -1621  -1542  -1504  -1785   -211   -555   -603  -1017  -1086   -306  -2700   -915
   420   -670     -6    608   -625   -100  -1355  -2175   -319  -1440  -1488   -487   -127     55  -2708    550
  -421   -938   -675    312    770   -325  -2285  -2133  -1607  -2260  -1717  -1301   -698    127  -1134    943
  -328   -948   -557  -1554     45   -661  -3208  -2626   -933  -1399  -1714  -2249   -840   -514  -1854    779
  -408   -833    267  -1387  -1473    -28   -326   -506  -1996   -544  -1436  -2488  -1743  -1149  -2372      3
  -559  -1436   -625   -500  -2724  -1379   1011    342  -1114   -609  -1746  -2015  -1436   -399  -1709   -914
  -624  -1621  -1089  -1114   -996  -1992    243    137    670   -675  -1659  -2389  -2231  -1551  -1985   -407
  -535  -1090  -1007  -3177   -757   -695  -1294    -26   -136  -1164   -837  -1831  -2447  -2683  -3425    225
  -644   -602   -903  -2030  -1947   -134  -1540   -984   -978  -1713  -1476   -702  -1085  -2525  -4116    416
   284   -176   -985  -1521  -1819  -1132   -994  -1537  -1010  -1993  -1483   -741  -1492  -2073  -3595    390
   154   -662    340   -948  -1017  -1597   -766  -1396   -913  -1040   -699   -712  -1528  -1438  -2816    307
   100   -233    553    162   -278   -554    497    -55   -243     56    139   -510   -170   -706   -867    992
