 -1211  -1383  -1216  -1214   -891   -669   -445   -226   -680  -1058   -845   -959  -1227  -1123   -217    -60
  -775   -646   -956   -892   -896   -558   -717   -346   -878   -803   -278   -350   -726   -855    -21    180
  -504     80    153    272   -142   -502  -1219  -1034  -1517  -1020   -571     44   -602   -453    -97   -225
 -1594   -938  -1071    142    120   -818  -1522  -1269  -1355  -1317  -1203    -53   -323   -357   -912  -1101
 -2271   -950  -1476   -366   -303  -1166  -1548  -1441  -1482  -1428  -1110   -956   -729   -404  -1009  -1062
 -1641   -237   -509   -655    321    306    237     58    114     25   -173  -1224  -1234   -704   -738   -725
  -906    608   -200   -936   -376    436    636   -626   -568    482   -166  -1018   -740   -185    139  -1160
  -859    819   -373   -585  -1013   -960   -212   -728  -1173   -177   -969  -1074  -1246  -1200   -953  -2233
  -894    551   -249   -774   -905  -1522    -66    537     54    293   -182   -820   -895   -997   -731  -1571
  -922   -271   -838  -1176  -1198  -1319   -109    108    214    -25   -114  -1080   -902   -555   -411   -627
  -974    -87   -912   -768  -1734     -1    229    459    695   -211    -33  -1280  -1376   -970   -424   -582
  -781     82   -390   -840  -1149   -326    874    727    532   -109     28   -878  -1079  -1787  -1149   -856
  -825    430    496     -7    602    -80    744    576    370    474    498    177    671  -1173   -794   -764
  -959    296   -328    135     -7    435    236    526    218    318    886    240    774  -1421   -201   -682
 -1510    -89   -778      0   -999   -543  -1154   -188   -169    145    691   -202   -643  -2575  -1803  -2462
  -222    670   -115    261    -50    797    180    469    274    388    327    382     98   -411    871   -487
