  -375  -1148  -1012  -1315  -1083   -798   -577   -569   -898   -900   -758   -758   -983   -373   -173   -454
   -90  -1260   -907  -1287  -1389  -1009   -969   -780   -822   -511   -135   -500   -686   -380    -68   -669
   -61   -956     -9     59     30   -197   -637   -918   -666   -111    618    654    171   -218    -71   -219
  -649  -1017    106    574    244   -462   -388   -501   -109      0    103    608    176   -435   -874   -217
 -1457  -1195   -327    335    274    203   -143   -144   -202    -91   -459     95    180   -375   -481   -175
 -1100  -1467   -395   -456    397    245   -153    -58    204    449   -161   -128   -408   -460   -382   -980
  -706  -1858    -41   -677    123    152   -439   -537   -525    336     43   -550   -576    -13   -274  -1277
  -419  -1645   -160   -473   -615   -107     71    365   -517   -116    -96   -147   -534   -218   -497  -1276
  -309  -1241    403    299   -525   -813    -13    237   -345    -23    685    158   -266    296    480   -788
  -363  -1183    215    -34   -170  -1050   -266     87    507    339    694    218   -625   -692    -99   -996
  -417  -1077    126   -175   -228   -418   -538    312    538    469    331    321   -889  -1054   -190   -716
  -126   -879     -7    -60   -355   -248    -43    250    663    605    -13    194   -590   -780   -402   -900
   -29   -758    606     26   -512   -712    579    397    445    333   -293    184    153   -281   -852  -1103
  -423  -1328     32   -126   -255   -618    419    412     54    331    -21     36    270   -184  -1399  -1461
  -850  -1712   -295   -251   -464   -547   -392     30   -325   -130     -3   -544   -326  -1022  -2375  -2390
  -574  -1048   -205   -230   -338   -366   -565   -330   -219   -166    -22   -462   -448   -963  -1961  -1912
