  -336   -603   -854   -456   -304    115    222    374    557   -202   -871    127    593   -114   -574    -68
   -29   -442   -783   -860   -953   -835   -628   -859   -376   -427   -616    500   1221    568   -887   -305
   181   -251   -626   -771   -699  -1224  -1545  -1180   -788   -226   -437    443   1335    588   -977   -996
   301   -626  -1198  -1969   -964   -803  -1325   -622    350    543   -457   -116    673    -64   -780  -1081
   485  -1009   -818  -2272  -1513   -699   -842  -1174   -553    462   -190   -551   -292   -922   -208    453
   579     85   -266  -1116  -1927   -720   -479   -699   -665    544    406   -619   -892  -1021    361    867
  -117    586    209   -161  -1851   -917   -722   -171   -723   -305    527   -490     66    352   1274    730
   -95    500    906    217   -360  -1092  -1643   -307   -384  -1490    564   -237   -400   -731    -34    123
  -113     47    351    558    -85   -734  -2403   -217    -81   -673    782    383   -364   -797   -462   -396
  -190   -214   -591    201   -399  -1136  -2161  -1031  -1005   -689    596    853   -314   -516   -309   -283
    39    351   -151    161   -233  -1992  -1496  -1315    -66    -99    342    487    126    -34    586   -145
  -122    845    689    418   -633  -2536  -1983  -1015    132     36    126    -94   -258   -113    211   -172
  -217    717    652    395  -1021  -1830  -1916   -441    158   -487    308    139    124    694    684    -78
  -183    216    347   -199      7  -1225  -1217   -321    693     35    168    420    788   1459    979    100
  -479     -2    433      7    423   -857   -779   -744    147   -175   -167    270    759    754   -238   -636
  -377   -322    256     17    619    -32    324   -186    190    322    132    259    898    600    -29    203
