  -153    -12    125    643    201   -467   -156      6   -627   -222    617    308   -638    -11    302    -99
  -550    291    458    322   -138   -888   -581   -614  -1027   -283    778    119   -961   -145    198   -153
  -996   -268    296    298   -521  -1005   -177     -6  -1249  -1689   -341   -553  -1262  -1061  -1073   -299
 -1538  -1542   -139    -96   -997    123   2181   1800  -1118  -2518  -1362  -1157   -951  -1134  -1399    852
 -2171  -2941  -1390  -1171  -1143   1095   1988    612  -1350  -1589  -1145  -1207   -753  -1018    270   1544
 -2391  -3340  -2671  -2221  -1057    267    298   -740   -798    106   -892   -440   -106     24    119    368
 -1368  -2305  -2021  -2019  -1684   -891   -723  -1049    -83   -174   -750    866   1407    593  -1611   -828
  -433  -1248   -984  -1441  -1808  -1422   -879   -807    187   -848   -281   1242   1138    459  -1763   -763
  -424  -1249  -1049  -1018  -2124  -1212  -1268   -841   -275   -814   -122    391     88   -121  -1438   -643
  -545  -1210   -738  -1581  -2203  -1171  -2077  -1579  -1165     34    295    187     22   -553   -925   -556
  -636  -1061    -85  -1732  -1528  -1497  -1206  -1374   -939    890    380    176    332   -320   -736   -999
  -864  -1435   -803  -1111  -1625  -1497   -771   -848    -63    717   -290   -436     45   -148     95  -1005
 -1511  -2300  -1899   -670  -1705  -1166   -201   -500   -122    173   -815  -1143  -1346    448    912   -774
 -1278  -2259  -1676  -1028  -1750  -1051     24   -229   -537   -346  -1087  -1015  -1283   1089    409   -925
  -692  -1485   -994   -543   -702   -439    287   -350   -864   -781   -848   -159   -295   1164   -780  -1563
  -258   -921   -560   -390     63    -87     78   -628   -799   -765   -537     23   -194    456  -1426  -1270
