 -1071  -1041  -1584  -1726  -1278  -1231   -881   -766  -1108  -1116  -1347  -1053   -818   -999  -1052   -531
  -903   -593  -1053  -1275   -955  -1142  -1167  -1236  -1453  -1036   -148    574    705   -204   -726   -345
  -999   -215    -97   -625  -1062  -2047  -2056  -1848  -1129   -683   -220   -311    117   -560  -1638   -643
 -1238   -566    104   -440   -616   -936   -902   -613    226    218    -37   -659    109   -399  -1054   -998
 -1834  -1068   -349  -1283  -1510  -1333   -379    -38     27    452    -31   -799  -1049  -1394  -1808   -876
 -1907   -879   -351  -1550  -2357  -1788   -777   -483   -994   -300   -658  -1181  -1270  -1570  -1245     58
 -1068    -73    483   -370  -1520  -1664  -1437  -1024  -1325  -1246  -1217  -1137   -736   -441   -458    109
 -1055   -226    555    857   -358  -1128  -1769   -804   -575  -1516   -839   -436    138    709    -95   -253
  -972    -56    133    661     67  -1332  -1796   -497   -127  -1456   -353     28   -252   -216   -459   -755
  -844    226      3     -1     46  -1479  -1758  -1364   -833   -513   -379   -333   -664   -481   -829  -1353
  -832    272    617     12   -914  -1634  -1418  -1416  -1394   -699   -812   -500   -448   -414   -766  -1401
  -663    120    155    523  -1355  -2039  -1470   -860  -1053   -558   -691   -451   -723    684    455   -869
  -726   -674   -826   -693  -1976  -2719  -1755   -580   -598   -480   -624   -758  -1744   -282    193   -738
 -1086  -1119   -982  -1047  -1682  -1835   -992   -480   -224   -533   -887   -421  -1785  -1144   -301   -405
 -1292  -1390  -1169  -1182  -1208   -967   -503   -466   -109   -401  -1014   -740  -1286   -840   -729   -589
 -1409  -1120  -1103  -1664  -1956  -2131  -1145  -1101   -631  -1009  -1435  -1467  -1854  -1802  -2300  -1354
