  -227   -416   -299   -630   -724   -800   -755   -303    138   -439  -1157   -614   -208   -562   -779   -398
   442   -487   -936   -847   -755   -585   -353    359    421   -239   -114    456    -19   -713   -730   -128
   640   -268   -943  -1460  -1499   -660    108     61   -353   -519   -604     26   -546  -1086   -421    109
   128   -768  -1478  -1434   -309    551    329   -353   -826  -1210  -1507   -372   -407   -192    741    213
  -714  -2314  -2950  -2293   -396    -95   -294   -472    -78   -864  -1628   -777   -191    851    542      1
 -1200  -2088  -3279  -2493   -987    586    134     30     77   -327  -1190  -1056    272    271   -227   -146
   105    -51  -1628  -2384  -1323    542    780    952   -530   -407   -169   -802   -265   -298    209   -329
   -52    433   -213  -1762  -1623   -815     26   -677  -2038  -1363   -506   -829    227    581    284   -672
  -305    200   -108   -460  -1859  -2261   -826      9  -1910  -1509   -456   -501   -152    151   -460  -1674
   172    578   -237    148  -1692  -3670  -2396  -1066   -699   -637   -578   -351    688    867   -148  -1745
   187    402   -234   -953  -2674  -3940  -2890  -1093    417   -311    116    -98    350   -396   -409  -1014
    90    762     87  -1511  -2994  -3169  -2046     80    419   -334    -61   -485   -164   -696   -273   -983
  -287    496   -539  -1698  -2993  -3324  -1387    200    454   -158   -450   -598    364   -920   -595   -988
   -24    613  -1194  -1994  -2357  -2544   -398     46    118   -349   -485    -93    549   -892   -249   -756
  -309   -544  -1004   -741   -348  -1383   -862   -376   -258   -316   -471   -509   -256   -926   -814   -975
  -780   -565   -710   -656   -836  -1131   -620   -334   -766   -742   -895   -923   -714  -1452  -1288  -1139
