  -331     19   -369   -220   -213    266    327   -370   -610   -989   -880   -378    342    476    217   -180
  -243   -287   -693    -29    394    855    310   -293   -500   -613   -277   -498   -161    615    727   -515
  -258   -194   -896   -549    -57    539   -466  -1109   -448    501    244   -413    164   -180    303   -540
  -196      0   -150   -487  -1264  -1345  -1698  -1459   -268   1603   1358    -15    -68   -858  -1142   -698
  -300   1212   1007    516  -2114  -2720  -1976   -822    343   1729   1768    668   -126  -1526  -1577  -1007
 -1216   1429   1091   1025  -1055  -1857  -1207   -482    776   1001    436   -228   -917  -1596   -804   -941
  -789    672    783    464    214  -1218  -1827  -1287    770    470   -534  -1426  -1935  -1370   -150   -126
  -582    193    240    129    436    160  -2047  -1384    906    480   -462  -1565  -1708  -1333   -455    515
  -443   -186     21     15   -134    465    418   -548   -469   -269   -246  -1507  -2128  -1551   -338    669
  -575   -542   -163    177   -264   -458    454   -523   -362   -550   -594  -1700  -1764   -844    526    441
  -553   -710    -99    308    225     22    125    248   -142   -151   -765  -1703  -2331   -581   1077    662
  -434   -415    214    709   1054    885     15    104   -232   -428   -775  -1662  -2506   -414    784    658
  -403   -316    -33   -206    595   1085    385   -140     81   -305   -971  -1493  -2106   -808     -9    190
  -179    306    120   -905   -304    160    290    -76    183    114   -363   -764  -1986  -1185   -860   -205
  -515   -194    320   -654   -665   -620  -1008   -195     95    198    195   -707  -1522  -1962  -1836   -241
  -371    296    393   -275   -395    328   -138    317    519    296    344   -499   -765  -1137   -825    404
