   417   -587  -1141   -300     91    293    220   -593    -35   -256     51   -435    275     30   -228    146
  -602   -552  -1185   -982   -921   -989  -1122  -1929  -1611   -478  -1360  -2054   -587   -299  -1027   -148
  -535   -505  -1148  -1015   -115   -127   -922   -473    -44   1161   -357   -828    430    498   -347    -78
  -125   -120  -1224  -1904  -1737   -955  -1198   -862      9    986   -456   -690    172    161   -797   1006
   412    620   -122  -1253  -1987     54   -434  -1091   -918   -890   -146   -699   -382   -934    -95   2467
  -371    -51    298   -203   -831    271    -21    235   -422  -1228    117   -194   -697    -33   1291   2290
  -933   -964  -1083      7  -1456  -1951  -1952  -1139   -826  -1683  -1244   -403   -585    493    977   2086
  -196   -377  -1157   -315   -560  -1405  -2215   -451    -16   -854  -1021   -232    -99   -335    -76   1595
   395   -274   -665  -1394   -642   -587   -919  -1713    120    286   -822   -527    449    313   -531   1421
   138   -269   -630  -1856  -2375    -64   -983  -1694   -448   -326   -251   -569    -81   -667  -1086   1048
    32    -54   -687  -1520  -1703   -191    -57   -535   -126     33    -31   -398   -749  -1003  -1347    178
   135   -745  -1093  -2458   -734  -1498   -457   -648   -587   -306   -158    -64    -37   -494  -1070    543
   393   -723  -1319  -2343   -723   -290   -670   -418   -625   -989   -460   -292   -751    681    339   1264
   724   -641   -663  -1895   -955    435   -508   -283   -632   -984   -117  -1074  -1404   1045    987   1746
   129   -454    271   -828   -378    358    247   -200   -603   -649    -26   -251   -336   1433   1008   1697
     2    -19   -212   -209    326   1343   1180    299    -28   -117    181    336    742   1332   1557   1825
