   550    582    291    200    263    368    428    374    384    527    324    405    665    701    902    396
   311    148   -475   -407   -397   -451    -82   -371   -228   -215   -211   -417   -191    -27    476     10
   387    598    201    211     85     44     31   -597   -611   -367    129   -251    -88    -18    733    406
   543   1322    784    695    345    326    -78   -187   -493   -522   -499   -484     11    190    683    622
   593    820    472    510   -155   -274   -568   -494   -665   -399   -625   -931     18     51    262    203
  -178    291   -287    -11   -609   -137      6    282    112    664    186   -621   -433   -821   -511     26
   228    379    144   -150   -351    517    -17    117    123    132    194   -505   -618   -824   -292   -130
   174    -25    -78   -220     -2    179     80     16    288   -371   -122     12    170    274    227   -307
   146    278    -93    576    399    268    131    885    780    -71   -157     65    290    233    392    -19
   395    761    226    669    950    439    -42    154    251    332   -298   -428     84    471    796    465
   326    757    711    428    583    447    221    -33    440    559     10   -488    -45   -160    198    374
   292    950   1300   1272    691    672    752    653    869    844    448   -326    193     66    400    209
   238    605   1001    968   1090    403    507    391    386    534    463    -67     40     76    267    117
   225    288     90   -710    372    374    624    161   -144    309    267     80   -444   -523     50     85
   206    260    -21   -372    191    546    704    268     44    214    391    -61   -938   -472    198    180
   206    341    397     99    112     87    217    283    147    -46    124   -245   -875   -109    128    150
