 -1572  -1582   -351   -643   -516   -923   -856   -464   -712   -855  -1928  -1753  -1805  -1059  -1161   -254
  -941  -1736  -1115  -1408   -436   -541     -9    412     94   -183  -1248   -733  -1554   -958   -885   -289
    -2   -854   -647  -1465  -1234   -947    324    237   -362   -869   -706   -119   -529   -295   -758   -468
  -619  -1840   -939   -407   -670  -1913  -2069  -2953  -3177  -3231  -1384   -204   -427   -349  -1232   -704
 -1345  -2476  -2071   -682   -864  -2789  -3369  -3150  -2665  -3136  -2181   -579    234    459  -1540  -1817
 -1673  -2141  -2432  -1219  -1248  -1282  -1228  -1741   -876   -689  -1264   -346    298    465  -2368  -1084
  -647    253   -778  -1261   -936   -266    445   -840   -702    595      7    -31   -939   -584  -2393   -328
  -430    506    438   -858  -1893   -963   -777  -2733  -2540   -628   -859  -1139   -786   -340  -1969   -727
  -670    122    459   -348  -1936  -1407   -930   -568  -2532  -2066  -1409   -758   -943   -873  -2002  -1193
  -707   -383   -480   -138   -429  -1292  -1258    245  -1715  -1357   -931   -700   -570    591   -641   -457
  -931   -825  -1712  -1767   -395  -1731  -1066   -862  -1694  -1512   -962   -796  -1751   -715  -1701   -185
  -927   -166  -1227  -1610  -1676  -1534   -300   -750  -1000  -1363  -1008   -983  -2252  -1495  -1943    186
  -830    141    159    751   -860   -948   -877   -791   -549   -584  -1102  -1045   -959    -34  -1532    864
  -416    559    739    159   -611  -1188   -946  -1119   -778   -598   -990   -148     15    172  -1123    951
 -1398  -1152   -871  -1234   -680  -1892  -2053  -1946  -1080   -560   -721   -437   -501  -1272  -2249   -317
  -839   -251   -117   -371     13   -939   -952   -756     27    102    -92     35    -88   -426   -717     11
