   207   -917   -788   -596   -577   -415   -406   -301    499    -45   -202     64    267   -415   -717   -622
   -51   -919   -777   -916  -1082   -785   -342   -533     26     99    192     37    670   -165   -661   -338
   344   -368    120   -456   -103    169   -151   -689   -264    378    402    478    666    418    559    179
   862    266    429    114    712    891   -133   -589    101    689    289    705    369    870   1136   -487
   671    165    488    717   1193   1053     -4   -705   -661   -130    322   1170    386    816   1084   -323
   358   -313   1065    775    980    413    121    130   -583   -726    521   1039    565   -148     23   -176
  -617  -1115    914   1048   1050    369    -46    350   -476   -401    657    608    281   -209   -128   -203
  -648  -1061     25    809    995    941    171    763   -504   -148    564    884    -17   -696   -434   -158
  -616   -938    122    547   1600    695    727     62   -353    820    402    893    467   -373   -671   -803
  -387   -603    337    238   1000    511   1063    362    729    386   -139    915    735   -593  -1260  -1130
  -432   -334    305    413   -306     88   -425     92    318   -264   -303    942   1117    350   -213   -472
  -183   -369    771    681    373   -204   -734     72    -72   -259   -316    352   1114   1037   -873   -925
  -234    -87   1448    377    159   -448    -91    318   -128   -351    -72    796   1051   1097   -857  -1040
  -414   -664    820   1331    651    -90     10    -48    -30   -308    289    460   1146    793   -660  -1001
  -795   -994     35    339    -58   -423   -240   -369   -193   -375   -180   -344    212   -246  -1049   -601
 -1075   -836   -113    168   -319   -623   -494   -167   -123     43     61   -290   -457   -725   -978   -965
