   -17    345    -18     94    280    300    134    146   -219   -210    175    148   -193   -340     89    249
  -233     -9   -108     39    -37   -170   -550   -560   -928  -1255   -913   -975  -1110  -1290   -267   -189
  -214   -128   -165    267    107   -245   -595   -505   -729  -1523  -1270   -997   -293   -649   -182   -270
  -419   -530  -1037   -316   -807  -1155   -422    875    725   -913  -1366  -1291   -496   -700   -465   -703
   394    413   -889   -845  -1191  -1187   -379    171   -294  -1342  -1352  -1255   -459   -838   -751   -138
  1141   1313   -228   -983  -1028   -594   -753   -884  -1346   -977  -1309  -1587   -667   -484    435    241
   819    693    174   -699   -912  -1229  -1847  -2053  -2108   -941  -1443  -1693   -274    183    819     46
   227    285    180   -490  -1205  -1354   -827   -828   -776   -445  -1226  -1550   -276    148    584    -98
   438    451    263   -236   -958  -1190   -247    160     -8   -281   -504  -1397  -1075   -579    498   -195
   459    197     38   -291   -561   -337    281    705    423     10   -258  -1365  -1357  -1133    -86   -623
   383    262     -4    -29   -261   -108     -8    621    480    277    248  -1113   -987   -948   -121   -165
   505    348   -375   -217    -44    233    363    378    116    410    292  -1024  -1379  -1779   -628   -310
   355     34   -344   -339   -313   -459    402    151    -52    274    324   -744  -1945  -2722   -844   -102
   323    123     73     99    374   -282    294     45    -91    -14    426   -504  -1673  -2476   -720     79
   591   1077    674    359    106     74    291    281    310    354    487   -236   -724  -1399    102    472
   164    664    251    246   -133    437    217    188    135    227    380     42   -227   -845     55    160
