  -105   -265     12   -116   -151    -74   -369   -280    -80    552    154    348    -13      9   -544   -514
  -258   -583   -202   -140    280    150   -193   -374   -486   -155   -413     61   -176   -178   -270   -645
   415   -367   -585   -495    340    559    554    329    727    543    355    381     37    299    418   -582
   574      2   -200     80    635    -57    235    322   1138    673   1030    559     51    419   -119   -241
   753   1041    961   1092    570    -33   -153    250    700   -246    339    709    613    578    231    -19
  -292    246    417    638    488   -473     65    111    -95    573     89    256    135    539    289     88
  -359   -187    -83   -300    134     32    834    580    450    827    214      3   -407   -285   -130    416
  -103     -1    354   -180   -176    529    851    -80    451   1077     62   -463    -78    253    513    600
  -160   -369     12    485   -450    220    801    321   -122   -185   -300   -323   -121     84    -20     61
   -48    -65   -156    261    307   -129    178   1103    534   -222   -101    147    185    511    295   -281
  -100     96     86   -159   1030     14   -250   -136   -608   -362    -82    382    331    465    -72    218
  -232     78   -457   -579   -590    -51   -475  -1243  -1130   -911   -692    193    794    537   -262    182
   -32     16    -91    636   -255    223    -81   -862   -907   -726   -886   -332    309   1022    104    438
   293    313    622    463    541     87   -372   -368   -693   -234   -585   -537    -65    763    552    614
  -176   -366   -234   -524   -198   -307   -574   -398   -546   -220   -453   -426   -320   -353    249    144
    78    -46   -506   -222     97    -53   -103     51   -152   -189    -18    -69    -42    136    328    460
