  -473   -436   -396   -506   -396   -616   -126   -260   -602   -689   -679   -845   -860   -218     54   -122
  -795   -921   -579   -681   -659   -852   -754   -713   -566   -410     42   -667   -834   -525   -148   -217
  -509   -597     40     67    -78   -439   -528   -234     28    -84      2   -445   -371   -635  -1069   -537
  -773   -330     71    606   -286   -673   -179     69   -283   -443   -616   -276   -336   -817  -1876   -392
 -1568   -712   -314    458   -464   -804   -972  -1298  -1968  -1619  -1480   -278   -403  -1088  -1798     21
 -1522  -2110  -1037   -965   -766  -1130  -1673  -1744  -1957  -1051   -602   -133   -144   -522  -1438   -349
  -871  -2005   -478   -967  -1228   -589  -1090  -1463  -1139    -51    268    728    717    -60  -1527  -1068
  -395   -792   -144    -29  -1388   -513  -1089  -1116  -1155   -101    352   1075    670   -190  -1608  -1138
  -275   -644   -215   -294   -928  -1298   -978   -817  -1443  -1048    182    819    278   -577  -1457  -1253
  -458   -909    -62   -742   -127   -880   -937   -733  -1004   -858    -21    437   -140   -806  -1161   -832
  -515  -1091   -693   -717   -518     80   -974   -727  -1068   -199    209    142   -498   -827   -947   -554
  -495  -1442  -1766   -786   -336   -142   -373   -870   -829     88    129   -297   -989   -747   -657   -787
  -533  -1697  -1773  -1196   -578  -1014    393   -235   -496     46   -243   -425  -1128   -409   -234   -631
  -764  -1503   -957   -632   -605   -952   -262   -341   -528   -303   -383   -286   -313    218   -286   -746
  -725   -926   -419    -90    -10    106   -142   -465   -618   -787   -717   -234    352    744   -635   -562
  -815   -692   -359   -492     32     90   -271   -625   -230   -411   -578     -2    190    245  -1083   -887
