 -1325   -695   -742   -646   -298   -319    -64   -207   -704   -454     10    156   -465   -446    -27   -221
  -724   -111   -435   -480   -480   -782  -1034  -1221  -1126   -248    762    326   -158   -197     45   -528
  -656    148    676    535   -175  -1314  -1815  -1727  -1064   -309    604    -90    -55   -116   -908  -1358
 -2340  -1255     46    621   -393  -1073   -304    698    671     32     81   -476   -372   -932  -1920  -1254
 -2310   -515    151     80  -1409  -1136    385   1035    365    555   -137   -935  -1524  -1949  -1477    347
  -613   1148    990   -362   -998   -490    396   -197   -491   1039    268   -778  -1254  -1221    629   1379
   221   1075   1261   -177   -226    332   -119   -863    -96    421    104   -180    488    664   1190    189
  -125     81    557    674   -454   -907  -1258   -708    189   -629   -477    507   1199   1251    509   -724
  -538   -503   -283    763    178   -843   -365    802    719   -597    -19    337    -77   -609   -364   -961
  -545   -705   -698   -373    320    195    556     -2   -185     44    396     69    -20   -224    402   -238
  -438   -148    300    -80   -107    287    -50   -437   -472    386    110   -390    269    668    905    -90
  -378    239    800    946   -362     30   -204   -412   -327    235   -381   -703   -261    767   1489    -40
  -946  -1067   -268    352   -213   -646   -303   -957   -576    -93   -688   -227   -498    373   1411    172
  -922  -1217   -682   -146    280    120    -38   -407     12     52   -743   -224   -614    223   1445    -48
 -1062   -925   -478   -382   -613   -563   -465   -150    -48   -345   -640   -767  -1163   -640   -263  -1492
   -26    394    219    -33    -28      4    232     92    -83   -215    -92   -271   -513    138    133   -474
