    45  -1013   -395   -121   -151    381   -479   -139   -160  -1259   -796    -91    -56   -118   -424   -386
  -240  -1593  -1017   -223   -129    826   -331   -400    -68   -947  -1141    -51    -59  -1293  -1983   -724
   407  -1330   -836    445    649    546   -286   -628   -329   -602  -1473   -893   -320  -1110  -2202  -1254
   987  -1692  -1692   -757    660     48  -1811  -1854   -498   -708  -2519  -1607   -186   -503  -1861  -1856
   748  -3961  -2889  -2428   -699  -2081  -4058  -2499   -519  -1007  -2473  -2069   -624  -1200  -2189  -2755
   330  -4426  -2807  -2796  -1573  -2310  -3178  -1412   -636  -1494  -1986  -1684  -1412  -2125  -2285  -2440
   113  -2789  -1323  -1197  -1508  -1913  -1890  -1100  -2057  -2499  -1780  -2082  -2080  -2017   -753   -738
   -32  -2182   -719   -514   -507  -1677  -1387  -1511  -3049  -3027  -1628  -2740  -2224  -1259    341    -32
   273  -1696   -241   -259   -675  -1795  -2429  -2215  -1632  -2588  -2073  -2666  -1824  -1524    -68   -132
   462  -1164     -3   -294  -1136  -1297  -2625  -2410  -2176  -2496  -2338  -2303  -1982  -2207   -776   -656
   288  -1109   -567  -1245  -1731  -2163  -1693  -1110   -679  -1951  -1916  -1054  -1580  -3175  -1931  -1698
   358   -671   -816  -1622  -1412  -2215   -821    -34    -78  -1054   -947   -465  -1555  -4199  -2251  -1509
   442   -598   -939  -1872  -2346  -2312   -898    246   -192   -736     40   -234  -1698  -4042  -3497  -1672
   679  -1001  -1210  -2227  -2774  -1976   -857   -321  -1134   -889   -165  -1049  -1645  -2795  -3839  -1433
   665  -1534  -1440  -2148  -1764   -792   -926  -1571  -1300   -716   -431  -1906  -1781  -1959  -2346   -946
   386  -1310   -252  -1012  -1270   -904   -912  -1221   -665   -297   -767  -1871  -1162  -1351  -1166   -726
