   -25   -241   -419   -610   -385   -232    159    231    136   -168   -534    121    378     56    316    204
  -106   -199   -586    -59    285   -105    128     86   -765   -936    184    733    153   -576    140    177
  -783   -745   -405    129    387    -92   -842  -1337  -2341  -1836   -170    384   -391  -1264   -310    115
  -552   -233   -217    332    243   -794  -1791  -1362  -1388  -1216  -1034   -520   -394  -1221   -631   -928
  -942   -535  -1083   -347  -1174  -1969  -1224     34   -764  -1252  -1228   -949   -921  -1577  -2285  -1719
 -1927  -1381  -1971  -1836  -2630  -1749   -730   -822  -1728   -981   -479  -1144  -1793  -2671  -3125  -1244
 -1375   -813   -993  -2146  -2459  -1242  -1063  -2124  -2402  -1091   -591  -2172  -2457  -2073  -1352   -872
  -766    -17   -227   -761  -1651  -1016  -1881  -1866  -1356  -1424  -1357  -1773   -999   -203   -266   -642
  -498     91     -9      5   -378  -1321  -2688  -1043  -1582  -1220   -608   -867  -1312   -331   -152   -645
  -381    330    -33   -335   -119  -1707  -1718  -1199  -1218   -603   -410   -793  -1932  -1283  -1536  -1364
  -625    192    363   -191   -847  -1410   -950  -1239   -514   -216     54   -142   -721   -627  -1357   -969
  -779    -68    971    997   -279   -998  -1112  -1045   -465    -20   -187   -702    -74   1351  -1093  -1369
  -738   -452    873   -114   -731  -1598   -805   -320   -285     35   -416   -848   -641   -119  -2199  -1254
 -1192  -1043   -446  -1287  -1217  -1905   -357    -13    -15     67    222   -425  -1661  -2189  -2192   -808
 -1164  -1043   -540   -683   -669  -1369   -563     65    364    249    411   -356  -1329  -1623  -1057   -357
  -750   -214   -161   -332   -863  -1190   -590   -101     20     39    194   -220  -1045  -1038   -983   -570
