  -263   -243    230    213     -7   -237   -737    -75   -482   -959   -142    242   -184   -927   -605   -363
 -1052   -901   -105    246    126    285    119    915    185   -520   -285    -90  -1820  -2694  -1655   -304
 -1092  -1413   -656   -130    789    884    296    389   -195   -661   -751    159  -2137  -1940   -664   -614
 -1772  -2558  -2185   -467    592     -6   -764     21    250  -1088  -1150   -245  -1670   -894  -1362  -2433
 -3582  -4280  -3100   -875    102  -1806  -1198    669    698   -526   -384   -167  -1134   -717  -2473  -3726
 -2837  -3120  -2063  -1488   -434  -1436   -144    372  -1020  -1308   -617   -780   -973  -1232  -2734  -3294
 -1956  -1039  -1469  -1506   -656     81    903   -625  -2004   -353   -849  -1066  -1006   -599  -1503  -2485
 -1321   -704   -965  -1273   -951  -1140    -83  -1715  -2075   -436  -1036  -1355   -961   -390   -530  -2261
 -1150   -424   -452   -998  -1998  -3246  -2331  -2991  -1705  -1014  -1568  -1912  -1249   -582   -566  -1906
  -929   -385   -219   -926  -2547  -2955  -2063   -832  -1015  -1282  -1165  -1439  -1920  -2308  -1694  -1876
 -1243  -1242  -1323  -2014  -3491  -2043   -946    368   -318   -891   -196   -605  -1438  -2031  -1236  -2118
 -1542  -1585  -1766  -2617  -2672  -2375    -13     32   -436   -769   -421  -1294  -1523  -2220  -2591  -2846
 -1243   -718  -2262  -3671  -3451  -2267     17    -89   -722  -1014   -605  -1432  -1475  -3431  -3558  -2932
 -1414   -926  -1843  -1125  -2358  -1114   -787   -785  -1065   -876   -964  -1453   -801  -3158  -3232  -2482
 -1314   -946  -1129   -528  -1215  -1773  -1722   -987   -926  -1020  -1511  -1584   -963  -2541  -2104  -2062
 -1384   -352   -526   -516  -1373  -1566  -1482   -450   -576   -528  -1079   -789   -841  -1952  -1627  -1987
