  -115    543    731    429   -203   -858   -510   -267   -458     -2    -93   -210   -684    -91    -81   -244
  -127    208    464     18    -89   -367    435    928    569   -304   -212    -43  -1116   -336    -25   -271
    -2    318    401    354   -178    777   2125   1968    489   -979   -337     15   -779   -353    137    320
   -73    -92    269     51    705    898   1675     34  -1307  -2010   -865   -330   -442    232    427    868
  -626   -833   -956   -327    415    536     92   -228   -226   -416  -1016      3   1009   1236    356   -476
  -938   -661  -1186   -837   -467   -639   -159   -223    291    405   -419    920   1579   1378  -1386  -1150
  -517   -244    196   -774   -593   -422    640    459    560    669    863   1340    681   -519  -2052  -1324
  -726   -530   -122   -517   -774   -671   1285   -105    -94    499    164    126     32    475  -1140  -1138
  -398   -386   -501     21   -818   -331   -429    331   -180      8   -241     43    483    510   -492  -1133
  -278   -366     47     34    241   -526   -174     45     51    743    323    -14    242    834    148   -779
  -380  -1044   -701   -554   -241   -237    265   -241   -713   -139   -411   -596   -487   -157   -746   -912
 -1047   -871   -758   -162   -790    497    480     22    -21    -42   -466   -287  -1086   -311    323   -703
  -754   -431   -249   1007    -23    452    448     10    136     11   -561   -514   -375    135    375   -446
  -267     65     60    645    654    484    498   -301   -338   -216   -683    258    404    276   -375   -695
  -389   -616  -1022   -243   -141      9   -399   -733   -867   -562   -226   -290    -17   -622  -1143  -1014
  -680   -741   -170   -250    -38   -551   -846   -742   -596   -317   -217   -331   -666   -676  -1462  -1382
