  -147   -896   -528   -126    286    156   -377   -378   -558   -338    151    214    -64    -48   -967    170
  -257  -1246   -533   -159     70   -418  -1417  -1280   -833   -557   -842  -1350  -1184   -844  -1745   -291
    -1  -1114   -596   -647    -66   -472   -716   -174    579    434  -1324  -1814  -1035   -433  -1794   -577
  -582  -2596   -988  -1741  -1240  -1363   -686    219    854    225  -1315  -1944  -1281   -715  -1930    -31
    68  -2616   -987  -1886  -2797  -2690  -2347  -1468   -622   -971  -1390  -2040  -1596  -1456  -1956    657
   403  -1752   -415  -1230  -1863   -837   -153    286    224   -220   -766  -1709   -703   -554   -449    595
  1112   -883    -92   -390   -840   -481   -457   1184    395  -1080  -1006  -1122   -374   -335    313    188
   688   -689    207   -193   -416  -1810  -2370   -772   -727  -1181  -1806  -1609   -691   -343   -142   -214
   380   -903    -44   -293  -1179  -1677  -2116   -796   -645  -1192  -1642  -1411   -957  -1114   -876   -533
   341   -889   -209   -537  -1390  -1238  -1012  -1083   -277  -1130  -1440  -1408   -728   -185    603    382
   294  -1016   -851   -976  -1258  -1294  -1086   -651    -18   -683   -671  -2109  -1504  -1428    150    -35
   414   -646  -1227  -1707  -1747  -1362   -252    152   -382   -835   -456  -1920  -2113  -3155  -1226   -637
   397  -1056  -1609  -1407  -1471  -1168   -329    -49   -272   -427    140  -1174  -1411  -2600   -971   -431
   600   -728   -863   -952   -960   -249   -272   -621   -381   -538   -498  -1359  -1752  -2147   -376   -192
   410   -731   -588   -739  -1419   -267   -566  -1167   -620   -591  -1036  -1555  -1851  -2076   -798   -462
   408   -318   -256   -782  -1143   -309    118   -437   -341   -328   -767   -975  -1119  -1182   -452    111
