   259    867    793    380    395    497    833    540    452    508    701    608    288    887    805    427
   -34    163    396     54   -349    -81    639    722    323    174    399   -136   -619    696    744    231
  -166   -306     63    103     16    742   1033    550   -468   -303    348    195    -36    850    976    789
   163    -89    409    398   -131     88    504   -273  -1112   -299    367    374    114   1037   1053    898
     7     14    738   1019    490   -204   -209   -656  -1488  -1101    -30    853    752   1198    428    689
  -553   -568    -96    922    589    508   -603  -1225   -515  -1167   -712    641   1250    302   -320    584
  -669  -1080   -885    273    921    231  -1050  -1438   -552   -345   -336    181    160   -382   -654    374
  -390   -492   -942   -660    224   1019    -54    -66    531    867    244    457    207   -614  -1384    150
  -117    -27   -307  -1064   -434    838    769    125   -770    649    456    151   -157   -294   -568    199
  -206   -529   -133   -159   -275    173   1024   -206   -901   -269    -98   -648   -237   -263   -926   -644
  -483   -920   -840   -331   -465   -161    419     51     29   -428   -494   -812   -310   -547   -897   -261
  -530   -886  -1357   -722     21    701    -51   -263   -205   -463   -493   -925   -595   -798   -521    302
  -645   -596   -767   -873   -702    311     37   -267    -94   -320  -1004  -1195   -342  -1168   -526    384
  -108    -88   -192   -145   -324    -28    488   -134   -276   -400   -620   -550   -380   -777   -486    306
    56   -190    -72   -134    -27   -267    -50   -192   -471   -302   -193   -162   -236   -227   -559   -125
    21     98   -124    135     61    183    155     72    -78     43    181    -43    -35    -29     25   -175
