  -527    551    282     13    193   -256   -265   -378   -973   -184    566    247   -332   -130    184   -128
 -1426     84    327     52   -181   -832   -864   -678   -983   -610    293   -684  -2258  -1636   -719   -701
 -1895   -354    346    176   -500  -1121   -348    161   -491  -1109   -290  -1391  -3190  -2223  -1379   -838
 -3142   -985    160    106   -828   -436   1158   1790    490   -393   -224  -1518  -2701  -2072  -2115  -1086
 -4547  -1973   -727   -619  -1220   -932    595    702     64    525    169  -1410  -2468  -1943  -2841  -1747
 -3855  -1320   -739   -939  -1201   -605    365   -220    221    940   -741  -1367  -1052   -555  -2964  -2653
 -2249    169   -245   -690   -807   -599  -1021  -1831   -608   -110  -1083   -833    473    723  -2737  -3013
 -1945    -39   -363   -692   -600  -1211  -1367  -1273   -308   -416   -535   -451    327    875  -2161  -3042
 -1863    -65   -148   -458  -1330  -2130  -1750   -969   -411   -385     20   -760   -848    375  -1643  -2249
 -1644    253    357    -95  -1791  -2618  -1831  -1207  -1574   -615   -199  -1170  -1558    -14   -898  -1826
 -1570   -331     -9     34  -1868  -2588  -1225   -694   -904     89     17  -1250  -1972   -169   -581  -1491
 -1505   -828  -1106   -739  -1557  -1229   -562   -250   -409    -78   -228  -1736  -2941  -1224   -666  -1360
 -2194  -1520  -2438  -2699  -2710  -1495   -589   -353   -112   -112   -501  -1564  -3270  -2972  -2065  -1660
 -2504  -1017  -2489  -1915  -2476  -1303   -254   -444   -143   -520  -1547  -1411  -2392  -3275  -2712  -1961
 -2348   -665  -1814  -1157  -1843  -1798  -1059  -1185   -759  -1509  -2413  -1495  -2202  -3401  -3657  -2561
 -1492   -267   -375   -689  -1116  -1330   -549   -575   -671  -1380  -1605   -826  -1030  -1726  -2675  -1861
