  -353    125    340   -287     -5   -299    286    -70   -693   -322    -25   -216   -216   -339    380    367
  -284    -78    200    140    140   -441    -50   -537  -1150  -1246   -237   -429  -1301  -1094    779    501
 -1107   -816   -360   -132   -764  -1157   -344   -354  -1144  -2036   -770   -824  -2140  -2513   -309    -62
 -1336  -1955  -1402   -107   -646  -1231   -646     27  -1306  -1889   -685   -516  -2337  -2851   -819   -301
 -1557  -1592  -1872    120   -463  -1600  -1083     42   -888  -1203  -1053   -726  -2047  -1906  -2038  -1170
 -1856  -1167   -958      9   -551  -1538  -1278   -760   -612   -657   -670  -1474  -1524  -1048  -1768  -1258
 -1052   -737   -437   -617   -652   -630   -865  -1567  -1036   -617   -798  -1260  -1840  -1293  -1490  -1130
 -1112   -491   -847   -817  -1215   -287  -1188  -2868  -1804   -165  -1076  -1641  -1748   -607  -1066   -772
  -987   -456  -1058  -1374  -1211   -864   -566  -1180  -1408   -871  -1323  -1824  -2019  -1302  -1392   -791
 -1031   -773  -1378  -1579  -1167  -1861   -910   -665   -875   -953  -1505  -2304  -2434   -850   -731    302
  -764  -1087  -1365  -1200  -1233   -270   -472     24   -691   -913  -1321  -2639  -3587  -1946  -1347    723
  -973  -1374   -787  -1188  -1219    408    628     99   -205   -373   -800  -1842  -3616  -2627  -1760    178
 -1234  -2102  -1375  -1706   -466    -37    596   -353   -486     55   -840  -1781  -2533  -2824  -2478   -331
 -1074  -1386  -1459  -2356  -1227   -399   -146   -719   -720   -113   -939  -1231  -2077  -3050  -2330   -720
  -400   -764   -425   -559   -841   -916   -890   -239   -503   -136   -442   -532  -1459  -2108  -2028   -650
   -34    374    483    185    -91   -625   -579    157    136   -137    -89    106   -731   -739   -826   -252
