  -342     40    473    207    172    179    276    170   -537   -193   -445   -252     14    602    358     89
 -1194   -516   -137    -20    300    245   -132   -504  -1292  -1388   -822   -358   -825   -140    545     53
 -1551  -1211   -234    153    113    -59   -210   -389   -633   -398    112   -392  -2079  -1814   -682   -114
  -773   -414    740   1084    691   -481   -454   -537   -631   -343    827    173  -1532  -1821  -1634   -643
 -1808   -846    924   1959    -89  -2071  -2576   -953   -785    -54    340    195  -1151  -2266  -2675  -2730
 -3596  -2477     46   1248   -264  -3120  -2263  -1464   -840    205    423    -73  -1539  -2292  -3829  -2731
 -2607  -2448    164    411    518   -397  -1322  -1294   -576    138    293    -44   -805  -1906  -3006  -2267
 -1683  -1527     -8    741   1107    962   -495  -2257   -944    858    429    -42   -488   -265  -1956  -1581
 -1185  -1194   -326    719    931    758   -765  -1756  -1053   -877   -212   -247   -440   -863  -1311  -1338
 -1236  -1050     32    310   1124   -380   -884  -2126  -2089  -2003  -1336  -1159  -1371   -811   -522   -359
 -1158  -1341    148    621    690    380   -617  -1391  -2791  -2176  -1541  -1172  -1961  -1643   -772    289
 -1284  -1688   -666    551    134   1025    -77   -882  -1438   -966   -523   -469  -2188  -1672   -148    218
 -1193  -1966  -1529    -64    393    806    178   -488   -728   -245   -368  -1196  -2550  -2455  -1402   -378
 -1482  -2074  -2086  -2145  -1459   -890   -303   -486   -730     90   -775   -863  -2024  -2908  -2202   -736
 -1388  -1966  -2327  -1667  -2076  -1186  -1221   -884   -845   -637  -1113  -1448  -1575  -2406  -2221  -1218
 -1382  -1310   -863  -1223  -1477  -1989  -1600   -958   -749  -1372  -1582  -1399  -1477  -1448  -2235  -1543
