  -661   -416   -442  -1074  -1097   -937   -712   -640   -792   -698  -1147  -1154   -843   -774   -735   -339
  -757   -390   -409   -911  -1156   -964   -548   -440   -649   -605  -1055  -1202  -1358  -1065   -661   -251
  -345   -172   -160   -712   -346   -106    200    144     50     86    -10     71   -816   -184    -58   -112
  -808   -199    -60   -429   -190    -91    -80     21    157    454    686    571   -296    -44   -466   -426
 -1598   -543     30    261    833     84   -404   -217   -309    492    838   1019    279     57  -1064   -968
 -2101   -515    312    367    512   -528   -163   -455   -577     84    331    641    487    434  -1698   -924
 -1807   -628    -13    237   -199   -355   -182   -679   -789     -7    726    583    356    129  -1429   -812
 -1176   -582    -53    348    -95   -100    374   -577   -221    593   1226   1099    518    461  -1517  -1170
  -922   -404   -207    357   -179   -238      8   -660   -450    -56    895    830    535     69  -1446  -1195
  -511    -73   -396    109   -434  -1080   -486     39   -370   -473    286    562    308   -395  -1575  -1333
  -392   -334   -401   -123   -433   -821   -713    233   -235   -193    268    414     41   -360  -1012   -631
  -643   -668   -667   -310   -671   -396   -619   -319   -383   -492    167    516   -156   -753   -656   -347
 -1003   -863  -1206   -941  -1244   -500   -510   -424   -135    -62   -279    -39   -232   -914  -1121   -484
  -995   -627  -1122   -890   -849   -195   -501   -472     -6    294   -675   -201   -185   -800  -1025   -733
 -1369  -1102   -959   -566   -783   -894  -1499  -1050   -378   -393  -1026   -399   -425   -964  -1855  -1607
 -1132   -792   -502   -608   -441   -827   -871   -385   -357   -542   -630   -330   -299   -552  -1728  -1049
