  -430   -378     64     35   -300   -338   -748     79    807    452   -248   -311   -364   -957  -1229   -587
  -501   -170    184    243   -439   -518   -995   -290    927   -148  -1231      8    436  -1425  -2089   -895
   -59   -471   -455    -71   -158   -168   -281    221    745   -750  -1959   -357    705  -1220  -2185  -1522
  -428   -526  -1337  -1022    503   1302    124   -328    258   -868  -2320   -859    516   -589   -875  -1725
    32   -760  -1859  -1607    966   1318   -601   -403   -476  -1446  -2314   -877    311    499    346  -2438
  -374  -1438  -1396  -1682   -410   -247   -555   -181   -869  -1284   -799    150    621    907     90  -2645
  -940  -1169   -616   -943  -1385  -1119    511    419  -2081  -1435    692   1405    496     98    -23  -1905
  -739   -488     89     70  -1135  -1216    170    -21  -2260  -1156    801   1317    515    156    206  -1786
  -578   -557    232    316     14  -1342  -1468   -876   -985  -1340    433   1626    951   -298   -462  -1720
  -412   -312   -199      9    343   -573  -1832   -605   -533   -882    553   1847    946   -622  -1011  -1764
  -185   -207   -487     82   -119   -878  -1486   -795   -525   -339    118   2123   1471  -1061  -1725  -2036
  -259    -83   -700   -826   -824  -1473  -1163   -908   -611   -272    516   2624   1768   -786  -1415  -2516
  -457     46    -22     41   -458  -1822  -1203   -423   -348   -289    819   1984   2047    355  -1327  -2505
  -759   -180   -191    393    475  -1319  -1235   -671   -732   -624    161    741   2349   1515  -1228  -2109
  -779   -732   -790    -89    533     -8   -705   -969   -864   -665   -210    475   1875   1852   -276  -2033
  -661   -950   -454    170    623   -187   -668   -748   -701   -408    -65    292   1323   1326   -194  -1365
