  -147   -276   -353   -573   -940  -1251  -1383   -679   -900   -974  -1039  -1008   -869   -861   -662   -429
    54   -318   -615  -1066   -624   -627   -208    513    127   -213   -654   -624   -880   -856   -583     65
   -67   -106   -435   -878   -558    -56    349    310   -176     48    -97    255   -194   -129      0    649
   301    775    517   -392   -281   -543   -680  -1704  -1617   -875   -166    489    292    669    -15    130
  -199    -23    977     96    671    327    697     12    -45    605    592    381    748   1097    -13   -899
  -429   -300    -66   -286    507    441    648    113     23    306     50    207     49    -45  -1060  -1047
  -301   -514   -554   -228   -369   -406   -387   -223   -348   -409   -155   -242  -1092  -1532  -1559  -1164
  -291   -598   -256   -131    464   -210    939    901    360   -272    525    453   -595   -851   -470   -608
  -108    -98    -22    494    435    128   -480    -33   -638   -485    253    425    388    665   1140    357
    -6    342    606    995    652     52  -1117   -940   -986    -20     82    448     -8     70   -153   -523
   144    438    862    297      0   -362      6   -377   -411     42    381    917      1   -159  -1180  -1552
    73    202    547    969    432   -500   -293   -366   -288      9    353    920    679    951   -656  -1363
   237    315    351   1037   -499   -406   -550    234    249     88    288    521    736    672   -639  -1160
    37     11    226    452   -954   -252   -242    274    -89    -57     81    509    567    111   -522  -1021
  -467   -723   -802   -545  -1010   -668   -385   -174   -216   -434    -42     66    167   -461   -383   -545
  -289   -483   -855  -1099   -998   -452    -22   -331   -390   -521   -416   -334   -273   -394    -84    -88
