  -264    213    123    -18     13    137    160    186    130    -96   -101    103    327    415    240    354
  -691     48   -577   -577   -420   -409   -246    304   -115   -625   -598     -7    -20    150    -76    246
  -111     27   -174   -164    198   -112   -316     93   -324    -77    151    332    -14    164     23    704
  -117   1129    694    -83   -324   -774  -1105   -725   -369    543    236     32   -155   -102   -213    910
 -1172    747    650    269  -1161  -1839  -1210   -870   -964    134    790    195   -602   -233   -581    628
 -1687     72    262   -123  -1413  -1136     63   -493   -148    492    465   -304  -1182  -1109  -1343    186
 -1639   -297   -322   -114   -408    459    782    488    970   1565    290  -1359  -1625  -1226   -307    -46
 -1182    -48    114   -455   -183    494   -556    289   1566   1303    135  -1257  -1524  -1552   -941   -345
 -1295     26    520   -312   -307    210  -1052      6    950    826    876   -954  -2132  -1884   -935    234
 -1318   -357    212    156    296     80     30    517    285    642    839   -965  -2715  -2049  -1110   -568
 -1570   -460    371    801    110   -575    -99   -311    366    461     -8   -819  -1883  -1301   -498   -673
 -1379   -519     65    456    414   -405   -442   -605    146    282      8  -1021  -1466  -1163  -1265  -1092
 -1003    292    951    509     51    -93    -48    -63    -50   -272    -48   -496   -896  -1123  -1706  -1255
 -1231    343   1244   1008   -206   -488   -110    206    159     -2    233    322   -165  -1401  -1703  -1129
 -1311    232    558    483   -176   -544   -357   -155     51   -108     73    296   -386  -1577  -1704   -710
 -1107   -144     43    -97   -642   -703    -89    -90     41    229     50    -50   -550  -1553  -1660   -170
