   677   1110    730    547    111   -123   -647   -241     26    231    -85    281    479      9   -368   -518
    45     38    -68    492    261    252    967   1122    990   -209   -940  -1024   -818  -1002   -231   -488
  -402   -356   -923   -884     70   1361   2743   2699   2298    663   -633  -1525  -1829  -1375   1029    797
   653   1305   -497   -752   -280    893    794    566    121   -250   -298  -1025  -1370   -322   1655    621
  -231   -210   -735   -234   -132   -299   -516   -189  -1280  -1694  -1188   -179    689    952    228  -1091
 -2807  -2924  -2199   -746  -1293  -1994   -930   -317  -1417  -2091  -1696     59   1501    491  -1165  -1776
 -2355  -2937  -2573  -1565  -1842  -2276  -1790   -704  -1586  -1632  -1030   -670   -204   -880  -1651  -1705
  -777   -875  -1489  -1528   -751   -778   -831  -1433   -797   -548   -481   -778   -646   -327   -937  -1212
   -38      0   -722  -1280  -1430  -1240  -1709  -2863  -2214  -1062   -898   -838    289    679   -407  -1424
   318    720    267   -127  -2063  -3177  -2847  -2160  -1461  -1439  -1518   -764    -53     39  -1171  -1598
   151   -191   -969  -1472  -2518  -2913  -2376  -1423  -1520  -1480   -976   -829   -899  -1328   -703   -565
  -499  -1308  -2630  -2492  -2229  -1743  -1365   -876  -1251  -1174   -857  -1277  -1330  -1808  -1192   -895
   -42   -310  -1853  -2293  -1820   -924    249    150   -108   -423   -950  -2348  -2155  -2597  -1645   -770
    44    -11  -1517  -2243  -1193   -434    534    -50   -422   -210  -1040  -1922  -2185  -2591  -1284   -599
  -605   -941  -1571  -1516  -1248   -467   -614   -979  -1083   -858  -1297  -1379  -1623  -1652  -1166   -511
  -871  -1334  -1231  -1173   -907  -1046   -883   -866  -1160  -1060   -810   -855  -1245   -979  -1545  -1324
