   -44   -943   -322   -375   -809  -1021   -929   -507   -370   -750  -1264  -1369  -1294   -795   -894   -458
   -20  -1114   -671   -765  -1174  -1102   -591    156   -411   -537  -1098   -865   -543   -393   -928   -468
   683   -205   -168   -360   -792   -700   -436   -212  -1230  -1335   -988    611    476   -144   -815   -269
   766   -860   -483     54   -176   -222    283   -472  -2059  -2575  -2046      6    -16   -229   -934   -560
   -47  -2222  -1852   -993    766   1577    -31  -1701  -2443  -2916  -2102   -284    565   -315   -550   -218
   -77  -2069  -2350  -1703     32    431  -1495  -2138  -1346  -1090   -981   -222    523   -287   -782   -694
    71   -564   -300   -832    -73   1053   1273    963    -71    850   1128    803    695   -303  -1247   -954
    29     68    415   -630   -925    -69    809     23  -1997   -416   1001   1162    765   -182  -1089   -762
  -227   -538    623    208   -604   -833     95   -373  -2141   -971    400    396    371   -158  -1385  -1634
  -230   -691     43    735    268   -413      2    972    449   -838    271    434   1052     83  -1111  -1833
  -334   -425   -142    312    282  -1029  -1105   -527   -425   -894    403     53    895    194    218   -464
  -208   -191    210    812    591   -834  -1244   -361    327    127    209   -289    642   -799   -663   -755
  -221    -84    390    661   -304   -724   -451   -212      9    105     16   -120     20   -827    -79   -346
  -393   -764   -216   1220    426   -966   -995   -231    406    883    576    228    742    434   -182   -590
  -175   -902   -891      1    347   -529  -1674  -1072   -256    170   -391     24    773    308   -734  -1487
   132   -472   -152    604    912    248  -1048   -824   -101    323    115    526   1069    460   -610  -1527
