 -1073  -1190   -871   -655   -901   -488   -691   -829   -611  -1199  -1296  -1521  -1252   -938  -1200   -704
 -1363  -1619  -1644  -1342  -1074    -97   -694   -505   -357   -841  -1552  -1393   -715   -458  -1072   -667
  -462  -1013  -1255  -1423   -813    129   -568   -128      3    423   -875   -279    379    608   -379   -868
  -682   -611  -1405  -1706  -1253   -967  -1716   -778    358    798   -296    147    150    369   -440  -1285
 -1107     45    126   -323   -749  -1453  -1657  -1142   -431   -396   -296    390     57    514    -81   -662
 -1111    165    644     40   -184  -1213  -1139   -942   -844  -1071   -114    -83   -271    518    885   -235
 -1094   -319   -180   -169    -65   -535   -228    -61   -257     95    258    -73   -314    321   1640   -662
  -956   -358   -299   -489   -419   -409   -651   -403    -13   1094   -214   -519   -323   -513    602  -1284
  -742   -351     59   -519  -1065   -927   -460   -255    384    641   -108   -269   -460  -1589   -581  -1399
  -901  -1023   -188   -631   -426   -311    532    577   1268    525    443     33   -830  -1557   -143   -924
 -1134  -1160   -688   -722   -840    745    381    388    558   -241     84   -464  -1159  -1748    110   -862
 -1267   -866  -1029  -1196   -728     10    147   -283   -283   -612   -266   -488   -768  -1619   -731  -1576
  -783    -52   -595   -556   -474   -190    475   -232   -622  -1034    -62   -478     84   -411   -178  -1655
  -542    183    449   1135    110    -19   -421   -552   -727   -969     69   -338   1000    357    548  -1486
 -1182   -402    557    802   -168    -89   -787   -312   -717   -853    183   -167    625   -262    148  -1581
 -1375   -260   -241   -298   -727   -148   -493   -129   -458    -70     30     -8     72  -1127   -588  -1347
