  -393   -336   -385   -563   -390   -353    -94   -492   -410   -225    -72   -197   -404   -174   -152    -90
  -453   -586  -1174  -1157   -737   -131    -19   -138     37    -14    123    157  -1093   -623    -49   -224
  -333   -966  -1245  -1635  -1053     29    834    622    159     72    -13   -682  -1458   -524    321    409
  -840  -1264  -1258  -1233   -492    263    609    -36   -726    -18    393   -159   -966   -203    828   1369
 -2195  -2614  -1891   -837  -1025   -799   -545   -423  -1113   -671   -154   -335   -877    390    901    801
 -2121  -2200  -1939  -1098  -1324   -530   -136   -533   -276   -441   -552   -239    -65    778    342    398
  -985  -1086  -2116  -1784   -996    102   -169   -195    605    250   -345   -260    165    800    370     16
  -548   -608  -1634  -2476  -2063   -613  -1298  -1627   -135    334   -367   -634   -303    344   -434   -136
  -564   -554   -703  -2220  -3241  -1894  -1300  -1366   -211    -51    128   -432   -900   -491  -1008   -398
  -584   -757   -799  -1694  -3305  -2782  -1337   -799   -208    488    686   -320  -1009   -423     70    -65
  -969  -1914  -1825  -1829  -2802  -2893  -1322     36    698    534   -205   -826  -1427   -761     13     37
  -896  -1846  -2432  -4010  -3041  -1930   -721     86     80   -440  -1025  -1608  -1873   -803    321     66
  -773  -1067  -1384  -3146  -2804  -1484   -145    143    150   -637  -1160  -1199   -781   -514   -338   -176
  -477   -346   -526  -1727  -1345  -1054    370   -191   -465   -851  -1216   -416    -21   -535   -648   -264
  -707   -534    -33   -352    244    116    531    111   -344   -466   -759   -186   -151   -682   -736    238
  -730    -93    381    -96   -101   -151    559    495   -249    -26   -133   -340   -161   -519   -801    248
