  -673   -860   -541   -786   -890   -808  -1018   -516   -827   -712   -576   -554   -716   -834   -998   -473
  -744   -512    -33   -362   -202   -330   -348    -58   -536   -108    141    552    -42   -281   -544   -218
 -1133   -886    503    636    820    355   -208   -642   -333    -16    186    479   -251   -112   -376   -262
 -1044  -1463    406    667   1447    627    709    724   1171    609    619    314   -183     33   -691   -501
  -992  -1680    541    583   1082    619    973   1460   1020    -11    602    516    350    284   -101   -842
 -1024  -1067    411    581    585   -673    -27     94   -856   -511   -231    555    139    115   -423   -745
 -1725  -1682     22    369    527  -1122  -1629  -1436  -1933  -1141   -791     53    391    441    -23   -706
 -1593  -2355   -276     61    700   -318   -331   -919   -615   -577   -492    302    554    790    -25   -776
 -1174  -1490   -199    360    115    794    568     44    804     83    130    150    185     81   -228   -867
  -951   -753      9     39   -644   -113   -289   -116    273     34    -90   -345   -604  -1014   -348  -1154
  -939   -910    327   -562    -35   -553   -114     31   -361    -47   -432   -134   -445   -789   -461   -910
  -786   -772    145    -70   -155    119    178     68   -290    -90   -373   -159   -252   -351      8   -933
  -770  -1152   -363    464  -1063    -68    100    181   -141   -136   -410   -131   -811  -1212  -1218  -1389
 -1110  -1964   -546    -63   -667     32    303      0   -430   -107   -545    -98   -937  -1310  -1733  -1398
 -1162  -1957   -255   -379   -821   -283    104     43   -349    -30   -470   -559   -931  -1405  -1663  -1715
  -859  -1078   -143   -617   -930  -1031   -405   -298   -432   -375   -300   -815  -1227  -1408  -1996  -1405
