   741    440    625    496    610    406    242     29    653   1223   1148    925   1429   1291    348     93
   870   1136   1107   1003   1023    535    393    691   1256   1120    660    532   1252   1067     24     84
   272    272    614    397    535    347    845   1288   1019    688   -161   -358    328    186   -483    504
   158    268   1149   -284   -181    858   1322    667    602   1100   -190   -690     -7     38     34   1452
   -48   -164    531   -999  -1077    949    922    968   1101   1379     74   -713      9   -187    661    480
  -668  -1625   -337  -1081  -1201     -3    566   1055   1174    768    168    -81     83    116   -494   -695
  -516  -1128   -361   -100  -1338   -926   -609   1352   1215   -528   -417   -143    -20   -799   -827   -581
  -497   -573   -293    123     80   -591   -410   1681   1125   -714   -395   -173   -578   -587   -421   -397
  -394   -367    -78    226    700    -16  -1472    343    292   -589    -68   -250   -467    195    389    263
  -473     26    345    194    579   -884  -2391  -1717  -1289   -490   -285   -399   -470    217    384   -263
  -333     73    115    382   -346  -1536  -1561  -1781  -1209   -826   -567    -62    -70    145     85   -299
   -74   -230     64    552     68  -1708  -1529  -1047   -373   -366   -243     28    -39    713   1081   -264
    93     36    582    415    309   -877  -1278   -182    227   -102   -118   -394   -958    551    493   -461
  -284    154    109   -533   -309   -460   -193    143    397     -3   -182   -397   -872   -191   -229   -528
  -848   -981  -1727  -1687  -1628  -1123   -861  -1320   -395   -792   -998  -1206  -1528  -1753  -1710  -1151
   -44   -627   -813  -1014   -692   -573   -220   -750   -191   -368   -773   -578   -687   -815   -690   -182
