  -467   -649   -796   -795   -467   -457     69   -354   -296    146   -455   -490     -5    378    217   -109
   184    387   -346   -864   -847  -1235   -401  -1091  -1111    -21    515     32     80    819    310    -43
     0   1101   1158    238   -755  -1072   -711  -1392  -2335   -802    934    -33   -277    606     -4    -98
  -714     13   1575    993    -46   -242   -664  -1464  -2129  -1007    353   -375   -406   -176   -172     -4
 -1190  -1140    536    324   -990   -883   -305   -569   -675     27    498   -570   -699   -823  -1318     75
  -761   -251    669    408  -1321    272   1067   1338   1632   1688    892     91   -610  -1758  -1904    854
   506    893    846    463   -167    563    515     60   1132    895    256    214   -268  -1266  -1833    723
   -22    222    487    545    582   -183  -1390   -870    530   -616   -827    -84    325   -294  -1662    184
  -308   -159   -119    614   1223    662   -802    752    313   -244   -806   -111     92   -200  -1330    206
  -241   -391   -702      2    513    248   -277   -762  -1244   -216   -439   -647    -28    847    -46    580
  -133   -125    349    381    287   -209    318  -1367  -1369   -930   -977  -1206    -91    635   -235    504
   -50    185   1202   1054    575    527    -21   -689   -738   -472   -481  -1170   -400   1240    673    757
  -408   -110    946   1526   1407   1119   -895   -590   -174    196   -110   -607   -271   1399   1140   1097
  -467   -327   -629   -107    350   1154     77   -367    416    248   -136    135   -639    224   1194   1321
  -571  -1214  -1780  -1024  -1184   -869   -900  -1346   -313   -180   -426   -288  -1598  -1126  -1065   -482
  -190   -380   -998   -893  -1353  -1235   -648   -893   -646   -792   -663   -740  -1452   -979   -859   -232
