  -299   -670   -603   -696   -960   -508   -721   -620     33   -454  -1391  -1477   -452   -208   -418   -409
  -269     43   -510   -524   -481    501    428    290    492    172   -415    -82    795    459     88    307
     1    315    -73   -273    -37    684    210     45   -656   -347   -381     56    -53    350    476    246
   739   1109    233    173    518    804   -843  -1018  -1307   -796   -702    -15   -415    352   1017    -79
    96    230    256    292     53   -949  -2167  -1808  -1688  -1733   -592    331    160    225     43   -567
   -57   -720   -431   -308  -1061  -1803  -2157  -1261  -1087  -1283   -127    377    138   -827   -914   -963
  -552   -203   -661   -201   -237   -323   -126   -191   -480    616    220   -307   -365   -692   -596   -966
  -463    612   -146   -537    268   1010    220  -1037   -692    811     37   -664     87   -186   -358   -810
  -302    649    636   -378    136    773    269   -611    344    687    202   -596   -160   -726  -1600  -1447
   -15    812   1016    639   -357    260    361    466    420   -108    727   -126   -299   -740  -1069  -1039
  -305    618    687   1088   -453   -711   -894   -238     31   -417    472   -121    340   -720    283   -137
  -287    565    493    547   1027   -399   -759   -308   -109     13    204   -959   -135   -756    273    -79
  -159   1061   1196     35    381    139     95    550    254     98    828   -717   -837   -999   -106   -420
  -569    893    941   1350   -274   -257    -66    484    513    432   1109    122    -60   -789   -469   -717
  -447    731    185   1068    397    318    -24    375    690    674    724    721    292   -587     32   -406
 -1213   -387   -414   -183   -911  -1249  -1103   -450    -96    220    -53      8   -712  -2188  -2107  -1579
