 -1624  -1488   -874  -1038   -872   -685   -309   -161  -1330  -1796  -1414  -1286  -1625  -1508   -255    -72
 -2146  -1714  -1143  -1556  -1836  -1592   -934   -566  -1585  -1818  -1011  -1179  -2677  -2913   -965   -129
 -1355   -957  -1198   -446   -681  -1026  -1120   -497  -1226  -1641   -440    258  -1660  -2315  -1084   -894
 -3100  -2518  -2299   -268   -321  -2174  -2094  -1320  -1713  -1941   -746    218  -1430  -2404  -2711  -2075
 -4605  -4142  -3220   -803   -491  -2914  -3431  -2819  -2907  -2621  -1144   -248  -1531  -2671  -3664  -2781
 -3586  -2779  -2221  -1212   -600  -1752  -2155  -2324  -2054   -363   -346   -902  -1245  -1644  -3374  -3363
 -2190  -1118   -697  -1364  -1006    -95    -86  -1940  -2116    710    727   -716   -779   -693  -2464  -2647
 -1516   -131      9  -1091  -1755  -1395  -1280  -2940  -3091   -344    444   -616  -1177  -1291  -3124  -2788
 -1474   -497    -87   -564  -2276  -3180  -2526  -2616  -2940  -1721   -418  -1100  -2203  -1863  -3188  -2688
 -1597  -1367  -1127  -1312  -1986  -3127  -2227  -1423  -1664  -2575  -1038  -1018  -2434  -2430  -2474  -1383
 -1778  -1964  -2027  -2017  -1767  -1932  -1877  -1139  -1496  -1431   -682  -1190  -2852  -2700  -2230   -349
 -1651  -1977  -2506  -3312  -2855  -1274   -771   -864  -1115   -568   -574  -1415  -3513  -3887  -4054  -1497
 -1953  -1957  -2007  -2868  -3551  -2474   -313    -85   -508   -328   -638  -1019  -2515  -3586  -3616  -1793
 -2050  -1797  -1664  -1353  -2109  -2626  -1586   -508   -527   -310   -797   -903   -968  -2004  -3022  -2007
 -2338  -1439   -975  -1006  -2237  -2781  -2121  -1242   -998   -955  -1560  -1156   -715  -2292  -3920  -2802
 -1071   -607   -320   -140   -784  -1126   -984   -146   -258   -482   -539   -373    -25   -869  -2407  -1747
