  -836   -566    240    -23   -355   -259   -176     57   -283   -389   -404   -417  -1469  -1016   -682    -82
  -551   -734   -703   -473   -461   -411   -476   -154   -198   -346   -770   -606  -1831  -1539   -994   -412
  -711  -1127   -616   -129     23     86    178     46    -43      2   -126   -256   -947   -280  -1031   -613
 -2097  -2643  -1090   -137    503   -265   -766   -818   -452   -216     66    143   -217    162  -1620  -1253
 -1585  -1502   -483    404    743    209   -201    -81    597    493   -119   -186    141    983  -1450  -2208
  -994   -335    273    528   1110    549    924   -294     16    698    580    343    245   1185  -1564  -1225
  -737   -682    215   -183    334    726     58   -839   -622   -235    842    863    327   -183  -1501   -921
  -896  -1300   -111    -37   -457   -475    -31   -574   -573     53    303    521     66     27  -1625  -1264
  -874  -1129   -818    186   -437   -472    -87    588    318   -548   -667    -20     90   -879   -744   -418
  -959  -1365  -1044   -873    231   -100    368    290    549    441   -658   -528   -270   -507   -222    121
  -807   -972   -907  -1704   -250    987   1326    699    555    235   -425   -298   -615  -1497  -2033   -559
 -1203   -742   -740  -1453  -1758    526   1359    731    480     13    -59    244    -51  -1521  -2003  -1108
 -1321  -1318  -1139   -206   -430   -132    -25   -261   -471   -272   -687   -173    896   -189  -2559  -1267
  -569   -772   -391   -779   -127     37   -634   -787  -1310   -857  -1152   -418    338   -411  -1940  -1179
  -777   -890    -53      7   -396   -192   -601   -212   -793   -852   -314   -498   -439   -697  -1689  -1509
  -120    -96    411    402    565    442    198    512     59   -320    194     93   -189    434    523     70
