  -919   -865  -1023   -674   -660   -371   -551   -512   -553   -571   -434   -732   -326   -638   -724   -542
  -858   -379   -792   -869   -732   -256   -711  -1017   -707   -448   -534   -324    224   -138   -678   -516
  -487    656     44   -416   -279   -438  -1464  -1870   -865    -54   -316   -377    111   -186   -542   -851
 -1096    425     39   -322    -43    -91  -1274  -1044   -467    -80   -348   -103    -11   -354  -1028  -1190
 -1250     48    437    -69   -659  -1923  -1948  -1176   -882   -703   -167   -162   -585   -856   -874  -1147
  -536    357    702     46  -1049  -2110  -1074    479   -384   -556    580     13  -1190  -1615    290   -801
   -84    448    532    348   -507  -1142   -401     80   -110   -376    295    203   -525   -448    714   -612
   -18    116    274    441    -72   -865  -1319  -1233   -800   -414     70     24     53    419    852   -608
    26    219    117    196    252   -596   -795  -1357    420    219    126    866    500   -245   -573  -1026
    97    121   -225   -324    -14    757   -248   -693    362    290    425   1040    223   -889    -33   -513
   190   -217   -289   -357   -267    847    -49   -268   -424   -203    -55    462    116   -240    -21   -991
   304    -20    243   -160   -408    170    371   -177   -749   -345    -35    267    491    645    621   -906
   -23      7    277   1007    588    761    319   -163   -209   -184    559    557    580    821   1338  -1081
  -698   -595   -292    585    490   1467    110   -423   -187   -219    361    237    574    662   1221   -922
  -993   -864   -572   -171   -551     54   -142   -417   -300      5    208    -34   -189   -288   -130   -784
  -568     24    -89    -48   -773   -397   -436   -151   -239     -7     20   -412   -443   -537   -396   -660
