 -1527   -574    -12     93    119   -281   -622   -212   -404   -873  -1225   -836   -560   -841   -483   -259
  -876   -833   -211    235    356    137   -132    659   1221   -336  -1121   -556   -995  -1414   -268   -238
  -590   -378   -705    363    -69     22    -69    302    743   -249   -760    -50   -340  -1368   -502   -937
  -994    220   -762    325   -655  -1713  -2333  -1659   -844   -245     70    134   -817  -1906  -1200  -2105
 -1374   1249   -136    879    211  -2022  -2957  -2339  -1214   -365   -231    348   -366  -1106  -1856  -3801
 -1404    994    499    966    405  -1332  -1839  -1540  -1125    -91   -215    122     22   -439  -1703  -3717
  -829   1099   1341   1185    956   -629   -956  -1720  -1884   -238     25   -210   -944  -1225  -1455  -2603
 -1163    469    554    803   1023    -44   -815  -2053  -2315   -338   -120   -918   -925   -769   -366  -1858
 -1237    325    650    829   1262    604   -193   -930  -2507  -2091  -1451  -1105   -882  -1321   -971  -1848
 -1329   -141   -128    988   1520    375    -10   -516  -2088  -2231  -1125   -718  -1007   -991   -465   -654
  -725    -51  -1189    328    993    711     23   -515  -1753  -1799   -852   -194  -2000  -2166  -1126   -545
  -716    404   -663    -35    360    605      9   -815  -1260  -1395   -383    541  -1898  -2211   -996   -111
 -1094    228   -505   -418    349   -468   -489   -886   -842   -736   -472   -272   -606  -1712  -1411   -452
 -1107   1254    -71   -512   -418  -1063  -1012   -749   -545   -575   -868   -947     63  -1136  -1614  -1004
 -1630    216  -1132  -1201  -1428  -1779  -1906   -846   -752   -686   -701   -960    -12  -1005  -1676  -1567
 -1235    -70   -265   -197   -741  -1187  -1084    -58     81      2      9   -416   -252   -632   -839  -1093
