0.18173264
-0.29070166
-0.14818336
0.03323766
0.32043064
-0.07306973
0.43049434
0.14235991
0.05160976
0.28413472
-0.17705171
0.09872179
-0.06084212
-0.15955989
-0.05935770
0.13362263
0.13434571
0.39581007
0.02700507
0.08061714
0.12322789
-0.17250997
-0.00430911
-0.06443729
0.13570003
-0.09985213
-0.28839388
-0.05974033
0.05617811
0.10536405
-0.07559435
0.12311094
-0.13254036
-0.04954069
-0.20738512
0.22961001
0.31783947
0.14903449
-0.04493508
0.18218139
0.01241596
0.28254041
0.14246887
0.40908238
0.33721897
0.06393138
0.51072699
0.05045020
0.03710438
-0.22626823
-0.13821726
0.08947878
-0.03465521
0.06206552
-0.01250131
-0.17955135
