     0      0      0      0      0      0      0      0      0      0      0      0      0      0      0      0
     0      0      0      0      0      0      0      0      0      0      0      0      0      0      0      0
     0    407      0      0      0      0      0      0      0      0      0      0      0      0      0      0
     0      0      0      0      0      0      0      0      0      0      0      0      0      0      0      0
     0      0      0      0      0      0      0      0      0      0      0      0      0      0      0      0
     0      0      0      0      0      0      0      0      0      0      0      0      0      0      0      0
     0      0      0      0      0      0      0      0      0      0      0   1185      0      0      0      0
     0      0      0      0      0      0      0      0      0      0     90      0      0      0      0      0
     0      0    334   1809      0      0      0      0      0      0      0      0      0      0      0      0
     0      0      0      0      0      0      0      0      0    235      0   1178      0      0      0      0
     0      0      0      0      0      0      0      0      0      0      0   1219      0      0      0      0
     0      0      0    560    617     10      0      0      0      0      0      0      0      0      0      0
     0      0      0      0   2495    699      0      0      0      0     70      0      0      0      0      0
     0      0      0    657   2004      0      0      0      0      0      0      0      0      0      0      0
     0      0      0      0      0      0      0      0      0      0      0      0      0      0      0      0
     0      0      0      0      0      0      0      0      0      0      0      0    622      0      0      0
