     0      0      0      0      0      0      0      0      0    592      0      0      0      0      0      0
     0      0    473      0      0      0      0      0      0      0      0      0      0      0      0      0
     0      0      0      0      0      0      0      0      0      0      0      0      0    267      0      0
     0      0      0      0      0      0      0    562      0      0      0      0      0   1626      0      0
     0      0      0    205    669      0      0      0      0      0      0      0   1396   2802    450      0
     0      0      0    389    393      0      0      0      0      0      0      0    783      0      0      0
     0      0      0      0      0      0      0      0      0      0      0      0      0   1181      0      0
     0      0      0      0      0      0      0      0      0      0      0      0      0      0      0      0
     0      0      0      0      0     87    273      0      0      0      0      0      0      0      0      0
     0      0      0      0    178    838      0      0     70      0      0      0      0      0      0      0
     0      0      0      0      0      0      0      0      0      0    687   1228      0      0      0      0
     0      0      0      0      0      0      0      0      0      0      0   2108      0      0      0      0
     0      0      0      0      0      0    190      0      0      0     44   1143      0      0      0      0
     0      0      0      0      0    377    446      0      0    153    224      0      0      0      0      0
     0      0      0      0      0      0      0      0      0      0    149      0      0      0      0      0
     0      0      0      0      0      0      0      0      0      0     10      0      0      0      0      0
