     0      0      0      0      0      0      0      0      0      0      0      0      0      0      0      0
     0      0      0      0      0    400   1006   1071    565   1213    882      0      0      0      0      0
     0      0      0    803      0   1946    703      0      0   1486    386      0      0      0      0      0
     0      0    122   1007   1745   4691   3831   1448      0      0      0      0    874    340    557      0
     0      0    361    275    843   2748   1312      0      0      0      0      0   1342      0      0      0
     0      0      0      0      0      0      0      0      0      0      0     69   1394      0      0      0
     0      0      0      0      0      0      0      0      0      0      0    154   1800      0      0      0
     0      0      0      0    406   1250      0    217      0      0      0      0      0      0      0      0
     0      0      0      0      0   2179      0      0      0      0      0      0      0      0      0      0
     0      0      0      0      0   1454   1695      0      0      0      0      0      0      0      0      0
     0      0      0      0      0      0    662   1647   1133      0      0      0      0      0      0      0
     0      0      0      0      0      0      0      0     36      0      0      0      0      0      0      0
     0      0      0      0      0    164    258      0      0      0      0      0      0      0      0      0
     0      0      0      0      0      0    414      0      0      0      0      0      0      0      0      0
     0      0    368      0      0      0      0      0      0      0      0      0      0      0      0      0
     0      0      0      0      0      0      0      0      0    227      0      0      0      0      0      0
