     0      0      0      0      0      0      0      0      0      0      0      0      0      0      0      0
     0      0      0      0      0      0      0      0      0      0      0      0      0      0      0      0
     0      0      0    489    666      0      0      0      0      0      0      0      0      0      0      0
     0      0      0      0      0      0      0      0      0      0      0      0      0      0      0      0
     0      0      0      0      0      0      0      0      0      0      0      0      0      0      0      0
     0      0    423    262      0      0      0      0      0      0      0      0      0      0      0      0
     0      0      0     92   1809   1079      0      0      0      0      0      0      0      0      0      0
     0      0      0      0    658    553      0      0      0      0      0      0      0      0      0      0
     0      0      0      0      0    424      0      0      0      0      0      0      0      0      0      0
     0      0    676      0      0      0    875      0      0      0      0      0      0      0      0      0
     0      0    895    708     12     89   2432    847      0      0      0      0     91      0      0      0
     0      0      0      0      0    894   1562    206      0    247      0    450      0      0      0      0
     0      0      0      0      0      0    522      0      0      0    319    934      0      0      0      0
     0      0      0      0      0      0      0      0      0      0      0      0      0      0      0      0
     0      0      0      0      0      0      0      0      0      0      0      0      0      0      0      0
     0      0      0      0      0      0      0      0      0      0      0      0      0      0      0      0
