     0      0      0      0      0      0   1041    513    149      0      0      0      0      0      0      0
     0      0      0      0      0      0      0      0      0      0      0      0      0      0      0      0
     0      0      0      0      0      0      0      0      0      0      0      0    593      0      0      0
     0      0      0      0      0      0      0      0      0      0      0      0    249      0      0      0
     0      0      0      0      0      0      0      0      0      0      0      0      0      0      0      0
     0      0      0    130     40      0      0      0      0      0      0      0      0      0      0      0
     0      0      0      0      0      0      0      0      0      0    255      0      0      0      0    223
     0      0    230      0      0      0      0      0      0      0   1362   1858    732      0      0      0
     0      0    622     20      0    439      0      0      0   1263   2648   4604   2011      0      0      0
     0      0      0      0      0      0      0      0      0    236    479   2860   1487      0      0      0
     0      0      0      0      0      0      0      0      0      0      0   1983   2077      0      0      0
     0      0      0      0      0      0      0      0      0      0      0    693    869    177      0     46
   163      0    418      0    189      0      0      0      0      0      0    634      0    437      0    504
     0      0      0      0    139      0      0      0      0      0      0    461      0    404    897   1077
     0      0      0      0      0      0      0      0      0      0      0      0      0      0      0      0
     0      0      0      0      0      0      0      0      0      0      0      0     10    632      0      0
