     0      0      0      0      0      0      0      0      0      0      0      0      0      0      0      0
     0      0      0      0      0     19      0      0      0      0    280    533      0      0      0      0
     0      0      0      0      0      0      0      0    398   3392      0      0      0      0      0      0
     0      0      0      0      0      0      0      0   2604   3370      0      0      0      0      0      0
     0      0      0      0      0      0      0      0      0      0      0      0      0      0      0      0
     0      0      0      0      0      0      0      0      2      0      0      0      0      0      0      0
     0      0      0      0      0      0      0      0      0      0      0      0      0      0   2149      0
     0      0      0      0      0      0      0     21      0      0      0      0      0      0      0      0
     0      0      0      0      0      0      0      0      0      0      0      0      0      0      0      0
     0      0      0      0      0      0      0      0      0      0    230      0      0      0    591    469
     0      0      0      0      0      0      0      0      0    123      0      0      0      0      0      0
     0      0      0      0      0      0      0      0      0      0      0      0      0      0      0      0
     0      0      0      0      0      0      0      0      0      0      0      0     57    275      0      0
     0      0      0      0      0      0      0      0      0      0      0      0      0      0      0      0
     0      0      0      0      0      0      0      0      0      0      0      0      0      0      0      0
     0      0      0      0      0      0      0      0      0      0      0      0      0      0      0      0
