     0      0      0      0      0      0      0      0      0      0      0      0      0      0      0      0
     0      0      0      0      0      0      0      0      0      0      0      0      0      0      0      0
     0      0      0      0      0      0      0      0      0      0      0      0      0      0      0      0
     0      0      0      0    418   3672   3110    194      0    950    995      0      0      0      0      0
     0      0      0    738   1913   2482      0      0      0      0    742    708      0      0      0      0
     0      0      0    810   2990      0      0      0      0      0      0    238   2591    991      0      0
     0      0      0      0   1128      0      0      0      0      0      0   2232   3877      0      0      0
     0      0      0      0      0   2604      0      0      0   1386    938   1192   1007      0      0      0
     0      0      0      0      0   2888   1349      0      0      0      0    285   1136      0      0      0
     0      0      0      0      0      0    497    664      0      0      0      0      0      0      0      0
     0      0    780   1365   1038      0      0    501   1310    122      0      0      0   1193    954      0
     0      0    257    328   1126   2340   1333    455    371      0      0      0      0      0    372      0
     0      0      0      0      0    230   1510      0    169      0      0      0      0      0      0      0
     0      0    434      0      5      0    791    248      0      0      0      0      0      0      0      0
     0      0    660    197     14    298      0      0      0      0      0      0      0      0      0      0
     0      0      0    431      0      0      0      0      0      0      0      0      0      0      0      0
