     0      0      0      0    361      0      0      0      0      0      0      0      0      0      0      0
     0    288    138      0    262    732      0      0      0      0    918      0      0    521      0      0
     0      0      0      0      0      0      0      0      0      0   1481      0      0      0      0      0
     0      0      0      0      0      0      0      0      0      0    217      0      0      0      0      0
     0      0      0      0      0      0      0      0      0      0      0     80      0      0      0      0
     0      0      0      0      0      0    829      0      0      0      0      0      0      0      0    378
   473      0      0      0      0      0      0      0      0      0      0      0      0      0      0      0
     0      0      0      0      0      0      0      0      0      0      0      0      0      0      0      0
     0      0      0      0      0      0      0      0      0      0    701      0      0      0      0      0
     0      0      0      0      0      0      0      0      0      0      0      0      0      0      0      0
     0      0      0      0      0      0      0      0      0      0      0      0      0      0      0      0
     0      0      0      0    195    959      0      0      0      0      0      0      0      0      0      0
     0      0      0      0      0      0      0      0      0    384      0      0      0      0      0      0
     0      0      0      0      0      0      0      0      0      0      0      0      0      0      0      0
     0      0      0      0      0      0      0      0      0      0      0      0      0      0      0      0
     0      0      0      0      0      0      0      0      0      0      0      0      0      0      0      0
