   177      0      0     84      0      0      0      0      0   1199    658      0      0      0      0    732
     0      0      0      0      0      0      0      0      0   1023      0      0      0      0      0      0
     0      0      0      0      0      0      0    359      0      0      0      0      0      0      0      0
     0      0      0      0      0      0   1165      0      0      0      0      0      0      0      0      5
     0      0      0      0      0      0      0      0      0      0      0      0      0      0      0     83
     0      0      0      0      0      0      0      0      0      0      0      0      0      0      0      0
     0      0      0      0      0      0      0      0      0      0      0      0      0      0      0      0
     0      0      0      0      0      0      0      0      0      0      0      0   1390      0      0      0
     0      0      0      0      0      0      0      0      0      0      0      0      0      0      0      0
     0     14      0      0      0      0      0      0      0      0      0      0      0      0      0      0
     0      0      0      0      0      0      0      0      0      0      0      0      0      0      0      0
     0      0      0      0      0      0      0      0      0      0      0      0      0      0      0      0
     0      0      0      0      0      0      0      0      0      0      0      0      0      0      0      0
     0      0      0      0      0      0      0      0      0      0      0      0      0      0      0      0
     0      0      0      0      0      0      0      0      0      0      0      0      0      0      0      0
     0      0      0      0      0      0      0      0      0      0      0      0      0    927    420      0
