     0    175      0      0      0      0      0     27    140    623    724   1110   2516   2349    755    561
     0      0      0      0      0      0      0      0      0    171      0      0    400   1599      0      0
     0      0      0      0      0      0      0      0      0      0    332      0    463    702      0    472
     0      0      0      0      0      0      0      0      0      0      0      0      0      0      0      0
     0      0      0      0      0      0      0      0      0      0      0      0      0      0      0    344
     0      0      0      0      0      0      0      0      0      0      0      0      0      0      0    512
     0      0      0      0      0      0      0      0      0      0      0      0      0      0      0    191
     0      0      0      0      0      0      0      0      0      0      0      0      0      0      0      0
     0      0      0      0      0      0      0      0      0      0      0      0      0      0      0      0
     0      0      0      0      0      0      0      0      0      0      0      0      0      0      0      0
     0      0      0      0      0      0      0      0      0      0      0      0      0      0      0      0
     0      0      0      0      0      0      0      0    662     61      0      0      0      0      0      0
     0      0      0      0      0      0      0      0    455      0      0      0      0      0      0      0
     0      0      0      0      0      0      0      0      0      0      0      0      0      0      0      0
     0      0      0      0      0      0      0      0      0      0      0      0      0      0      0      0
     0      0      0      0      0      0      0      0      0      0      0      0      0      0      0      0
