     0      0      0      0      0      0      0      0      0      0      0      0      0      0      0      0
     0      0      0      0      0      0      0      0      0      0      0      0      0      0      0      0
     0      0      0      0      0      0      0      0      0      0   2586   1477      0      0      0      0
     0      0      0   1398   2042   2812   1963      0      0      0   1669   2090    226      0      0      0
     0      0      0   2794   2771   3743   2451   1211      0      0    493   2029      0      0      0      0
     0      0      0   1563   1429   2142    620      0      0      0      0   1135      0      0      0      0
     0      0      0      0    529    903      0      0      0      0   1970   4076   1700      0      0      0
     0      0      0      0      0      0      0      0      0      0   2284   4707   3140      0      0      0
     0      0      0      0      0      0      0      0      0      0   1798   2173    373      0      0      0
     0      0      0      0      0      0   1221    503      0      0    657    489      0      0      0      0
     0      0      0      0      0      0    472      0      0      0      0      0      0      0      0      0
     0      0      0      0      0      0      0      0      0      0      0      0      0      0      0      0
     0      0      0      0      0      0      0      0      0      0      0      0      0      0      0      0
     0      0      0      0      0      0      0      0      0      0      0      0      0      0      0      0
     0      0      0      0      0      0      0      0      0      0      0      0      0      0      0      0
     0      0      0      0      0      0      0      0      0      0      0      0      0      0      0      0
