     0      0      0      0      0      0      0      0      0      0      0      0      0      0      0      0
     0      0      0      0      0      0      0      0      0      0      0      0      0      0      0      0
     0      0      0      0      0      0      0      0      0      0      0      0      0      0      0      0
     0      0      0      0      0      0      0      0      0      0      0      0      0      0      0      0
     0      0      0      0      0      0      0      0      0      0      0      0      0      0      0      0
   490      0      0      0      0      0      0      0      0      0      0      0      0      0      0      0
  1550      0      0      0      0      0      0      0      0      0      0      0   1079      0      0      0
     0      0      0      0      0      0      0      0      0      0      0      0    618      0      0      0
     0      0      0      0      0      0      0      0      0      0      0      0    351      0      0      0
     0      0      0      0      0      0      0      0     78      0      0      0      0      0      0      0
     0      0      0      0      0      0    692    740   1806      0      0      0      0      0      0      0
     0      0      0      0      0      0      0      0      0      0      0      0      0      0      0      0
     0      0      0      0      0      0      0      0      0      0      0      0      0      0      0      0
     0      0      0      0      0      0      0      0      0      0      0      0      0      0      0      0
     0      0      0     93      0      0      0      0      0      0      0      0      0      0      0      0
     0      0      0      0      0      0      0      0      0      0      0      0      0      0      0      0
