     0      0      0      0      0      0      0      0      0      0      0      0      0     69      0      0
   133    793    194    103      0      0      0      0      0      0    988    539    137      0      0      0
     0   1259   2301   2223    401      0      0      0      0      0    555    625      0      0      0      0
     0      0   1171    412      0    722   2792   2477      0      0    292    109      0      0      0      0
     0      0   1495      0      0    326    649   1390      0      0    503      0      0      0      0      0
     0      0    697      0      0      0      0    728     34      0      0    359      0      0      0      0
     0      0      0      0      0      0      0    441    148      0      0    628      0      0      0      0
     0      0      0      0      0      0      0    964      0      0      0    733      0      0      0      0
     0      0      0      0      0      0      0      0      0    116      0    951      0      0      0      0
     0      0      0      0      0      0      0      0      0      0     35   1459    400      0      0      0
     0      0   1896   1008      0      0      0      0      0      0    161     23    641    156   1030      0
     0      0   1721   2714    717      0      0      0      0      0    187      0      0      0      0      0
     0      0      0    449    958      0      0      0      0    224    352      0      0      0      0      0
     0      0      0      0      0      0      0      0      0      0      0      0      0      0      0      0
     0      0      0      0      0      0      0      0      0      0      0      0      0      0      0      0
     0      0      0      0      0      0      0      0      0    330      0    493    209      0      0      0
