     0      0      0      0      0      0      0      0      0      0      0      0      0      0      0      0
     0      0      0      0      0      0      0      0      0      0      0      0      0      0      0      0
     0      0      0      0      0      0      0      0      0      0      0      0      0      0      0      0
     0      0      0      0      0      0      0      0      0      0      0      0      0      0      0      0
     0      0      0      0      0      0      0      0      0      0      0      0    389      0      0      0
     0      0      0      0      0      0      0      0      0      0      0      0   1127      0      0      0
     0      0      0      0      0      0      0      0      0      0      0      0      0      0      0      0
     0      0      0      0      0      0      0      0      0      0      0      0      0      0      0      0
     0      0      0      0      0      0      0      0      0      0      0      0      0      0      0      0
     0      0      0      0      0      0   1151   2314      0      0      0      0      0      0      0      0
     0      0      0      0      0      0   2665   2614      0      0      0      0      0      0      0      0
     0      0      0      0      0      0   3601   2105      0      0      0      0      0      0      0      0
     0      0      0      0      0      0    174      0      0      0      0      0      0      0      0      0
     0      0      0      0      0      0    356      0      0      0      0      0   1439      0      0      0
     0      0      0      0      0    413    328      0      0      0      0      0   2678      0      0   1593
     0      0      0      0      0      0    507    225      0      0      0      0   1692    902      0   1234
