     0      0      0      0      0      0      0      0      0      0      0      0      0      0      0    212
     0    470    191      0      0      0    801   2465   2041   2095      0      0      0   1277    605   1224
     0   1606      0      0      0      0      0      0      0      0      0      0      0    891   2100   3634
     0   1578    231      0      0      0      0      0      0      0      0      0      0   1818   2993   3774
     0      0    522      0      0      0      0      0      0      0      0      0      0    206   2633   1895
     0      0      0      0      0      0      0      0      0      0      0      0      0      0      0    367
     0      0      0      0      0      0      0      0      0    756      0      0      0      0      0      0
     0      0      0      0      0      0      0      0      0      0      0      0      0      0      0      0
     0      0      0      0      0      0      0      0      0      0   1128      0      0      0    429      0
     0      0      0      0      0      0      0      0      0      0   1989      0      0      0      0      0
     0      0      0      0      0      0      0      0      0      0    856      0      0      0      0      0
     0      0      0      0      0      0      0      0      0      0      0      0      0      0      0      0
     0      0      0    623      0      0      0      0      0      0      0      0      0      0      0      0
     0      0      0   1205    796    636      0      0      0      0      0      0      0      0      0      0
     0      0      0      0     89    886    135      0      0      0      0      0    661    478    928   1275
     0      0      0      0      0      0      0      0      0      0      0      0    862      0      0      0
