     0      0      0      0      0      0      0      0      0      0      0      0      0      0      0      0
     0      0      0      0      0      0      0      0      0      0      0      0      0      0      0      0
     0      0      0      0      0      0      0      0      0      0      0      0      0      0      0      0
     0      0      0      0      0      0      0      0      0      0      0      0      0      0      0      0
     0      0      0      0      0      0      0      0      0      0      0      0      0      0      0      0
     0      0      0      0      0      0      0      0      0      0      0      0      0      0      0      0
     0      0      0      0      0      0      0      0      0      0      0      0      0      0      0      0
     0    312      0      0      0      0      0      0      0      0      0      0      0      0      0      0
     0    754      0      0      0      0      0      0      0      0      0      0      0      0      0      0
     0      0      0      0      0      0      0      0      0      0      0    415      0      0      0      0
     0      0      0      0      0      0      0      0      0      0      0    795      0      0      0      0
     0      0      0      0      0      0      0      0      0      0      0    754      0      0      0      0
     0     84      0      0      0      0      0      0      0      0      0    952      0      0      0      0
     0      0      0      0      0      0      0      0      0      0    820   1698    430      0      0      0
     0      0      0      0      0      0      0      0      0      0      0      0      0      0      0      0
     0      0      0      0    165      0      0      0    124      0      0      0     56   1868      0      0
