     0      0      0      0      0      0      0      0      0      0      0      0      0      0      0      0
     0      0      0      0      0      0      0      0      0      0      0      0      0      0      0      0
     0      0      0      0      0      0      0      0      0      0      0      0      0   1013      0      0
     0      0      0      0      0      0      0      0      0      0      0      0      0     45      0      0
     0      0      0      0      0      0      0      0      0      0      0      0      0      0      0      0
     0      0      0      0      0      0      0      0      0      0      0      0      0      0      0      0
     0      0      0      0      0      0      0      0      0      0      0      0      0      0      0      0
     0      0      0      0      0      0      0      0      0      0      0      0      0      0      0      0
     0      0      0      0      0      0      0      0    640   1335    239      0      0      0      0      0
     0      0      0      0      0      0      0      0      0      0      0      0      0      0      0      0
     0      0      0      0      0      0   1480   1429    641      0      0      0      0      0      0      0
     0      0      0      0      0      0    664    421      0      0      0      0      0      0      0      0
     0      0      0      0      0    221      0      0      0      0      0      0      0      0      0      0
   611    827     11      0   1814   1777   1416    149      0      0    377   1472   1681    393   1750   1675
   101      0    498   1330   1838    330      0      0      0      0      0    991   1813   1380   3094   1866
     0      0      0    465    838    215     70      0      0      0      0    230   2381   2889   3133    688
