     0      0      0      0      0      0      0      0      0      0      0      0      0      0      0      0
     0      0      0      0      0      0      0      0      0      0      0      0      0      0      0      0
     0      0      0      0      0      0      0      0      0      0      0      0      0      0      0      0
     0      0      0   1529      0      0      0      0      0      0      0      0   1072    649      0      0
     0      0      0    816      0      0      0      0      0      0    620     62   1048      0      0      0
     0      0      0   2015      0      0      0      0      0      0      0   1048   1081      0      0      0
   239      0      0   1787    950    564      0      0      0      0      0   1031   2471    845      0      0
     0      0      0    775   2189   2228      0      0      0      0      0      0   1028    659      0      0
     0      0      0      0    245   2369      0      0      0      0      0      0    910      0      0      0
   186      0      0      0     12   1166      0     17      0      0      0      0    542      0      0    142
   839      0      0   1083   2497    707   2048   2166    131      0      0    733    284      0      0    173
   675      0      0      0      0      0      0      0      0      0      0   1575      0      0      0      0
    14      0      0      0      0      0      0      0      0      0      0    686      0      0      0      0
     0      0      0      0      0      0      0      0      0      0      0      0      0      0      0      0
     0      0      0    492      0      0      0      0      0      0      0      0      0      0      0      0
   291      0    365    101      0      0      0      0      0      0      0      0      0      0      0      0
