     0      0      0      0      0      0      0      0      0      0      0      0      0      0      0      0
     0      0      0      0      0      0      0      0      0      0      0      0      0      0      0      0
   513    518      0      0      0      0      0      0      0      0      0      0      0      0      0      0
     0      0      0      0      0      0      0      0      0      0      0      0      0      0      0      0
     0      0      0      0      0      0      0      0      0      0      0      0      0      0      0      0
     0      0      0      0      0      0      0    146      0      0      0      0      0      0      0      0
     0    228     30      0      0      0      0     83      0      0      0      0      0      0      0      0
     0      0   1458      0      0      0      0      0      0      0      0      0      0      0      0      0
     0    323   1168      0      0      0      0      0      0      0      0      0      0      0      0      0
     0      0      0      0      0      0      0      0   1051      0      0      0      0      0      0      0
     0      0      0      0      0      0      0      0   1209      0      0      0    876      0      0      0
     0   2201      0      0      0      0      0      0      0      0      0      0      0      0      0      0
     0    919      0      0      0      0      0      0      0      0      0      0      0      0      0      0
   332     37    486      0      0      0      0      0      0      0      0      0      0      0      0      0
     0      0   1101      0      0      0      0      0      0      0      0      0      0      0      0      0
     0      0      0      0      0      0      0      0      0      0      0      0      0      0      0      0
