     0      0      0    174      0      0      0     35      0    364    241      0    642   1463      0      0
     0      0      0      0      0      0      0      0      0      0      0      0    470      0      0      0
     0   1488    675      0      0      0      0      0      0    273   1469   1614   1348      0      0      0
     0    227   2949    841      0      0      0      0      0      0   2180   1377    283      0      0      0
     0      0      0      0      0      0      0      0      0      0      0      0      0      0      0      0
     0      0      0      0      0      0      0      0      0      0      0      0      0      0      0      0
     0      0      0      0      0      0      0    270   1800      0      0      0      0      0      0      0
     0      0      0      0      0      0      0    288   2530   2348    762      0      0      0      0      0
     0      0    704   2022      0      0      0      0      0      0      0      0      0      0      0      0
     0      0   1083   1638      0      0      0      0      0    742      0      0      0      0      0      0
     0      0    235     51      0      0      0      0      0      0      0      0      0      0      0      0
     0      0    427    756      0      0      0      0      0      0      0      0      0      0      0      0
     0      0   1566    217      0      0      0      0      0      0      0      0      0      0      0      0
     0      0    344      0      0      0      0      0      0      0      0      0      0      0      0      0
     0      0      0      0      0      0      0      0      0      0      0      0      0      0      0      0
     0      0      0      0      0      0      0      0      0      0      0      0      0      0      0      0
