     0      0      0      0      0      0      0      0      0      0      0      0      0      0      0      0
     0      0      0      0      0      0      0      0      0      0      0      0      0      0      0      0
     0      0      0      0      0      0      0    463      0      0      0      0      0      0      0      0
     0      0      0      0      0      0      0      0      0      0    141   1034    957    271      0      0
     0      0      0   1194   2146      0      0      0      0      0    323    845    799    754    111      0
     0      0      0    302      0      0      0      0      0      0      0    756   2006    209      0      0
     0      0      0      0      0      0      0      0      0      0    563    343   2127     18      0      0
     0      0      0      0      0      0      0      0      0     96      0      0      0      0      0      0
     0      0      0      0      0   1469      0      0      0      0      0      0      0      0      0      0
     0      0      0      0      0   1007      0      0      0      0      0      0      0      0      0      0
     0      0      0      0      0      0      0      0      0      0      0      0      0      0      0      0
     0      0      0      0      0      0     49      0      0      0      0      0      0      0      0      0
     0      0      0      0      0   1339   1857    264      0      0      0      0      0      0      0      0
     0      0      0      0    962   2341   3872   2408    133      0      0      9      0      0      0      0
     0      0      0      0      0      0      0      0      0      0      0      0      0      0      0      0
     0      0      0      0      0    232    911    448    294    382    263    501      0    162   2574   2234
