     0      0      0      0      0      0      0      0      0      0      0      0      0      0      0      0
     0      0      0      0      0      0      0      0      0      0      0      0      0      0      0      0
     0      0      0      0      0      0      0      0      0      0      0      0      0      0      0      0
     0      0      0      0      0      0      0      0      0      0      0      0      0      0      0      0
     0      0      0      0      0      0      0    302      0      0      0      0      0      0      0      0
   294    532    492      0      0      0      0      0      0      0      0      0      0      0    476   1184
     0      0      0      0      0      0      0      0      0      0      0      0      0      0      0      0
     0      0      0      0      0      0      0      0      0      0      0      0      0      0      0      0
     0      0      0      0      0      0      0      0      0      0      0      0      0      0      0      0
     0      0      0      0      0      0      0      0      0      0      0      0      0      0      0      0
     0      0      0      0      0      0      0      0      0      0      0      0      0      0      0      0
     0      0      0      0      0      0      0      0      0      0      0      0      0      0      0      0
     0      0      0      0      0      0      0      0      0      0      0      0      0      0      0      0
    79      0      0      0      0      0      0      0      0      0      0      0      0      0    982      0
   234    466   2132    985    896      0      0      0    130      0      0      0      0   1708     95      0
     0      0      0      0    307      0      0      0      0      0      0      0   1080    553      0      0
