     0      0      0      0      0      0      0     51      0      0      0      0      0      0      0      0
     0      0      0      0      0     78      0    516      0      0      0      0      0      0      0      0
     0      0      0      0    727      0      0      0      0      0      0    734      0      0      0      0
     0      0      0      0   3131      0      0      0      0      0      0   2533   3127      0      0      0
     0      0      0      0   4126    461      0      0      0      0      0   1453   2893      0      0      0
     0      0      0      0   1716      0      0      0      0      0      0      0      0      0      0      0
     0      0      0      0      0      0      0      0      0      0    101      0      0      0      0      0
     0      0      0      0      0      0      0      0      0      0      0      0      0      0      0      0
     0      0      0      0      0      0     77     49      0      0      0      0      0      0      0      0
     0      0      0      0      0      0      0    931    446      0      0      0      0      0      0      0
     0      0      0      0      0      0      0    691      0      0    423   1509      0      0      0      0
     0      0      0      0      0      0      0      0      0      0      0      0      0      0      0      0
   564      0      0      0      0      0    659    213      0      0      0      0      0      0      0      0
   885      0      0      0      0      0   2261   1216      0      0      0      0      0      0      0      0
     0      0      0      0      0      0    631    102      0      0      0      0      0      0      0      0
     0      0      0      0      0      0    599    812     12      0      0      0      0      0      0      0
