     0      0    370    413     24      0     87      0      0      0      0      0      0      0      0      0
     0      0      0      0      0      0      0      0      0      0      0      0      0      0      0      0
   919      0      0      0      0      0    556    603      0      0      0      0      0      0      0      0
   504      0      0      0      0      0      0      0      0      0      0      0      0      0      0      0
     0      0      0      0      0      0      0      0      0      0      0      0      0      0    237      0
     0      0      0      0      0   2312      0      0      0      0      0     65   2153   2667      0      0
     0      0      0      0      0      0      0      0      0      0      0      0      0      0      0      0
     0      0      0      0      0      0      0    139      0      0      0      0      0      0      0      0
     0      0      0      0      0      0    705   2353      0      0      0      0      0      0      0      0
     0      0      0      0    670      0   2034   1198      0    100      0      0      0      0      0      0
     0      0      0      0      0      0      0      0      0    658      0      0      0      0      0      0
     0      0      0      0      0      0      0      0      0      0      0      0      0      0      0      0
     0      0      0      0    701      0      0      0    815    232      0      0      0      0      0      0
     0   1834    375    774   2290      0      0      0    313      0      0      0      0      0      0      0
     0      0      0      0   2355      0      0      0      0      0      0      0      0      0      0      0
     0      0      0      0      0      0      0      0      0      0      0      0      0      0      0      0
