     0    230    296      0      0      0      0      0      0      0    194      0      0    518    512    644
     0      0      0      0      0      0      0      0      0      0      0      0      0      0      0    454
     0      0      0   1570      0      0      0      0      0      0    302      0    109    111      0    271
     0      0      0   2614      0      0      0      0      0      0      0      0      0      0      0   2014
     0      0      0      0      0      0      0      0      0      0      0      0      0      0      0   1103
     0      0      0      0      0      0      0      0      0      0      0      0      0      0      0   1879
     0      0      0      0    434      0      0      0      0    853      0      0      0      0      0   3379
     0      0      0      0      0      0      0      0      0      0      0      0      0      0      0   2745
     0      0      0      0      0      0      0      0      0      0      0      0      0      0      0   2771
     0      0      0      0    221    717   1667      0      0      0      0      0      0      0      0    156
     0      0      0      0    242      0      0      0      0      0      0      0      0      0      0    387
     0      0      0    649   1027      0      0      0      0      0      0      0      0      0    961   2225
     0      0      0   1650   1933      0      0      0      0      0      0      0      0      0   1256   4001
     0      0      0   2348      0      0      0      0      0      0      0      0      0      0      0   3544
     0      0      0      0      0      0      0      0      0      0      0      0      0      0      0      0
     0      0      0      0      0      0      0      0      0      0      0      0      0      0      0   1898
