     0      0      0      0      0      0      0      0    740      0      0      0      0      0      0      0
     0      0      0      0      0      0      0      0   2264      0      0      0      0      0      0      0
     0      0      0      0      0      0      0      0   2343      0      0      0      0      0      0      0
     0      0      0      0      0      0      0      0      0      0      0      0      0      0      0      0
     0      0      0      0      0      0      0      0      0      0      0      0      0      0      0      0
     0      0      0      0      0      0      0      0      0      0      0      0      0      0      0      0
     0      0      0      0      0    397      0      0      0      0      0      0      0      0      0    660
     0      0      0      0      0      0      0      0      0      0      0      0      0      0      0    942
     0      0      0      0      0      0      0      0      0      0      0      0      0      0      0     76
     0      0      0      0      0   1190   1889    908      0      0      0      0      0      0      0      0
     0      0      0      0      0      0    415    508      0      0      0     16    337      0      0      0
     0      0      0      0      0      0      0      0      0      0      0    966    977      0      0      0
     0      0      0      0      0      0      0      0      0      0      0    563    373      0      0      0
     0   1440      0      0      0      0    109    101      0      0      0    337      0      0      0    540
     0      0      0      0      0      0    647      0      0      0      0      0      0    216      0   1253
     0      0      0      0      0      0      0      0      0      0      0      0      0      0      0    147
