     0      0      0      0      0      0      0      0      0      0      0      0      0      0      0      0
     0      0      0      0      0      0      0      0      0      0      0      0      0      0      0      0
     0      0      0      0      0      0      0      0      0      0    110      0    704      0      0      0
     0      0      0      0      0      0      0      0      0      0      0     22    633      0      0      0
     0      0      0   1094      0      0      0      0      0      0      0      0      0      0      0      0
     0      0      0      0      0      0      0      0      0      0      0      0      0      0      0      0
     0      0      0      0      0      0      0      0      0      0   1297      0      0      0      0      0
     0      0      0      0      0      0      0      0      0    435   3978    403      0      0      0      0
     0      0      0      0      0      0      0      0      0      0   1953    113      0      0      0      0
     0      0      0      0      0      0      0      0    169      0    665    183      0      0      0      0
     0      0      0      0      0    313      0      0      0      0      0   1449      0      0      0      0
     0      0      0      0      0      0      0      0      0      0      0    915      0      0      0      0
     0      0      0      0      0      0      0      0      0      0      0      0      0      0      0      0
     0      0      0      0      0      0      0      0      0      0      0      0      0      0      0      0
     0      0    814   2244      0      0      0      0      0      0      0    882   1972      0      0      0
     0      0    431   1366    780      0      0      0      0      0    935   1878   3391      0      0      0
