     0      0      0      0      0      0      0      0      0      0      0      0      0      0      0      0
     0      0      0      0      0      0      0      0      0      0      0      0      0      0      0      0
     0      0      0      0      0      0      0      0      0      0      0      0      0      0      0      0
     0      0      0    375      0      0      0      0      0      0      0      0      0      0      0      0
     0      0      0    931      0      0      0      0      0      0      0      0      0      0      0      0
     0      0      0      0      0      0      0      0      0      0      0      0      0      0      0      0
     0      0      0      0      0      0      0      0      0      0      0      0      0      0      0      0
     0     50      0      0      0      0      0      0      0      0      0      0      0      0      0      0
     0   1174    682      0      0      0      0      0      0      0      0      0      0      0      0      0
     0    493   1226   1739      0      0      0      0      0      0      0      0      0      0      0      0
     0      0      0   1034      0      0      0      0      0      0    336      0      0      0      0      0
     0      0      0      0      0      0      0      0      0      0     17      0      0      0      0      0
     0      0      0      0      0      0      0    722   1270    559      0      0      0      0      0      0
     0    728      0      0      0      0      0    294    990      0      0      0      0      0      0      0
     0     28      0      0      0      0      0      0    377    785      0    534      0      0      0      0
     0      0      0      0      0      0      0      0      0      0      0      0      0      0      0      0
