     0      0      0      0      0      0      0      0      0      0      0      0      0      0      0      0
     0      0      0      0      0      0      0      0      0      0      0      0      0      0      0      0
     0      0      0      0      0      0      0      0      0      0    437      0      0      0      0      0
     0      0      0      0      0      0      0      0      0      0    256      0      0      0    822    618
     0      0      0      0      0      0      0      0      0      0      0      0      0    466      0      0
     0      0      0      0      0      0      0      0      0     96    485      0    364      0      0      0
     0      0    921    563      0      0      0      0      0   1039   1569      0      0      0      0      0
     0      0      0      0      0      0      0      0    415    810      0      0      0      0      0    333
     0      0      0      0      0      0      0    361   3559    920      0      0      0      0      0     74
     0      0      0      0      0      0      0    370   2565   3250    823      0      0      0      0      0
     0      0      0      0      0      0      0      0      0    258      0      0      0      0      0      0
     0      0      0      0      0      0      0      0      0      0      0      0      0      0      0      0
     0      0      0    468     33      0      0      0      0      0      0      0      0      0      0      0
     0      0    307    129   1758      0      0      0      0      0      0      0      0      0      0      0
     0      0      0      0      0    232    764      0      0      0      0      0      0      0      0      0
     0      0      0      0      0      0      0      0      0      0      0      0      0      0      0      0
