     0      0      0      0      0      0      0      0      0      0      0      0      0      0      0      0
     0      0      0      0      0      0      0      0      0      0      0      0      0      0      0      0
     0      0      0      0      0      0      0      0      0      0      0      0      0      0      0      0
     0      0      0      0      0      0      0      0      0      0      0      0      0      0      0      0
    19      0      0      0      0      0      0      0      0      0      0      0      0      0    274      0
     0      0      0      0      0      0      0      0      0      0      0      0      0      0   2392      0
   471      0      0      0      0      0      0      0      0      0      0      0      0      0      0      0
     0      0      0      0      0      0      0      0      0      0      0      0      0      0      0      0
     0      0      0      0      0      0      0      0      0      0      0      0      0      0      0      0
     0      0      0      0      0      0      0      0      0     60      0      0      0      0      0      0
    86      0      0      0      0      0      0     11      0      0      0      0      0      0      0      0
   286      0      0      0      0      0      0      0      0      0      0      0      0      0      0      0
  1213      0      0      0      0      0      0      0      0      0      0      0      0      0      0      0
  1919   2812      0      0      0      0    211      0      0      0      0      0      0      0      0      0
    63   2147   3441   2146      0      0   1008    698      0    624      0      0      0      0      0      0
   698   1351   2650   3301   2997   2672   2583   1427   1453   2105   2022      0      0      0    199      0
