     0      0      0      0      0      0      0      0      0      0      0      0      0      0      0      0
     0      0      0      0      0      0      0      0      0      0      0      0      0      0      0      0
     0      0      0      0      0      0      0      0      0      0      0      0      0      0      0      0
     0      0      0   1378    109      0      0      0      0      0   1099   1557   1290      0      0      0
     0      0      0    429    102      0      0      0    752    322   2286   1363      0      0      0      0
     0      0      0      0      0      0      0    217   2209   1729   3837   2635      0      0      0      0
     0      0      0      0      0   1111   2441   2019   3156   2504   3352   2140      0      0      0      0
     0      0      0      0      0      0    463    692    689   2204   2190   1328   1111   1691      0      0
     0      0      0      0      0      0      0      0   1185   1623   1366   1152   1050      0      0      0
     0      0      0      0      0      0      0      0      0    951   1267    722    180      0      0      0
     0      0      0      0      0      0      0    507      0      0      0      0      0    466      0      0
     0      0      0      0      0      0      0    255      0      0      0      0      0      0      0      0
     0      0      0     38    682      0      0      0      0      0      0      0      0      0      0      0
     0      0      0   1229    942      0      0      0      0      0      0      0      0      0      0      0
     0      0      0      0      0      0      0      0      0      0      0      0      0      0      0      0
     0      0      0      0      0      0      0      0      0      0      0      0      0      0      0      0
