     0      0      0      0      0      0      0      0      0      0      0      0      0      0      0      0
     0      0      0      0      0      0      0      0      0      0      0      0      0      0      0      0
   111      0      0      0      0      0      0      0      0      0      0      0      0      0      0      0
     0      0      0      0      0      0      0    184      0      0      0      0      0      0      0      0
     0      0      0      0      0      0      0      0      0      0      0     87      0      0      0      0
     0      0      0      0      0      0      0      0      0      0      0      0      0      0      0      0
     0      0      0      0      0      0    364    307   1594    681    318      0      0      0      0      0
   245      0      0      0      0      0      0      0   1583   1861    331      0      0      0      0      0
     0      0      0      0      0      0      0     12    635    177      0      0      0      0      0      0
     0      0      0      0      0      0      0      0      0      0      0      0      0      0      0      0
     0      0      0      0      0      0      0      0      0      0      0      0      0      0      0      0
     0      0      0      0      0      0      0      0      0     96      0      0      0      0      0      0
    93      0   1628      0      0      0      0      0      0    356      0      0      0      0      0      0
   700    214   3644   1308      0      0      0      0    967   1908   1401    905      0      0      0      0
     0      0      0      0      0      0      0      0      0      0      0      0      0      0      0      0
   471      0      0      0      0      0      0      0    492    380    203      0      0      0      0      0
