     0      0      0      0      0      0      0      0      0      0      0      0      0      0      0      0
     0      0      0      0      0      0      0      0      0      0      0      0      0      0      0      0
     0      0    730    784    601      0      0   2659   2003      0      0      0      0      0      0      0
     0      0      0      0      0      0      0   1078    909      0      0      0      0      0      0      0
     0      0      0      0      0      0      0   1165   2460    769      0      0      0      0      0      0
     0      0      0      0      0      0      0    905   1482      0      0      0      0      0      0      0
     0      0      0      0      0      0      0     90      0      0      0      0      0      0      0      0
     0      0      0      0      0      0      0      0      0      0      0      0      0      0      0      0
     0      0   1695   1032      0      0      0      0      0      0      0      0      0      0      0     76
     0      0    866      0      0      0      0      0      0      0      0      0      0      0      0      0
     0      0    331      0      0      0      0      0      0      0      0    521      0      0      0      0
     0      0      0      0      0      0      0      0      0      0   1095    922      0      0      0      0
     0      0      0      0      0      0      0      0      0      0    576   1465      0      0      0      0
     0      0      0      0      0      0      0      0      0      0      0      0      0      0      0      0
     0      0      0      0      0      0      0      0      0      0      0      0      0      0      0      0
     0      0      0      0      0      0      0      0      0      0      0      0      0      0      0      0
