     0    149     46      0      0      0      0      0     54      0      0      0      0      0      0      0
     0      0      0      0      0      0      0      0      0      0      0      0      0      0      0      0
     0      0      0      0      0      0      0      0      0      0      0     59    932    200    715      0
     0    286      0      0      0      0      0      0      0      0      0      0   1849   2189   2386      0
     0      0      0      0    302      0      0      0      0      0      0      0   2891      0      0      0
     0      0      0      0      0      0      0      0      0      0      0    436   1403      0      0      0
     0      0      0      0      0      0      0      0      0      0      0      0      0      0      0      0
     0      0      0      0      0    149   1659    715      0      0      0      0      0      0      0      0
     0      0      0      0      0      0      0    291      0      0      0      0      0      0      0      0
     0      0      0      0      0    629    270   3648   5077   1906      0      0      0      0      0      0
     0      0      0      0      0   1056   2162   3475   2061      0      0      0      0      0      0      0
     0      0      0      0      0      0      0      0      0      0      0      0      0      0      0      0
     0      0      0      0      0      0      0      0      0      0      0      0      0      0      0      0
     0    590   1994      0      0      0    725      0      0      0      0      0      0      0      0      0
     0      0    691   1999    304      0      0      0     31      0    225      0      0      0      0      0
     0      0      0      0      0      0      0      0      0      0      0      0      0      0      0      0
