     0    226      0      0      0      0    520   1499    774    226      0      0      0      0      0    553
    86      0     96      0      0    968   3334   4584   2139      0      0      0      0      0    375   2546
     0      0      0      0      0      0      0      0      0      0      0      0      0      0      0    435
     0      0      0      0      0      0      0      0      0      0      0      0      0      0      0      0
     0      0      0      0      0      0      0      0      0      0      0      0      0      0      0      0
     0      0      0      0      0      0      0      0      0      0      0      0      0      0      0      0
     0      0      0      0      0      0      0      0      0      0      0      0      0      0      0      0
     0      0      0      0      0      0      0      0      0      0      0      0      0      0      0      0
     0      0      0      0      0      0      0      0      0      0      0      0      0      0      0      0
     0      0      0      0      0      0      0      0      0      0      0      0      0      0      0      0
     0      0      0      0      0      0      0      0      0      0      0      0      0      0      0      0
     0      0      0      0      0      0      0      0      0      0    193      0      0      0      0      0
     0      0      0      0      0      0      0      0    349   1650   2012    289      0      0      0      0
     0      0      0      0      0      0      0      0      0    460      0    421      0      0      0      0
     0      0      0      0      0      0      0      0      0      0      0      0      0      0      0      0
     0      0      0      0      0      0      0      0      0      0      0      0      0      0      0      0
