  1346   1199      0      0     42    752   1174   2488   1895   1063      0      0      0    275   1276   1960
     0      0      0      0      0      0      0      0      0      0      0      0      0      0      0    246
   541      0      0      0      0      0      0      0      0      0      0      0      0      0    781      0
    61      0      0      0      0      0      0      0      0      0      0      0      0      0      0      0
     0      0      0      0      0      0      0      0      0      0      0      0      0      0      0      0
     0      0      0      0      0      0      0      0      0      0      0      0      0      0      0     26
   342   1458      0      0      0    332   1539      0      0    795      0      0      0      0      0      0
   300    604    394      0      0      0      0      0      0      0      0      0      0    146    366      0
     0      0      0      0      0      0      0   3092   2134      0      0      0      0      0      0      0
     0      0    128    726      0    799      0   1409      0      0      0      0      0      0      0      0
     0      0      0    216      0      0      0      0      0      0    353      0      0    473    532      0
     0      0      0      0      0      0      0      0      0   1035   1608      0      0      0      0      0
     0      0      0      0      0      0      0      0      0   1933   2301      0      0      0      0      0
     0    428      0      0      0      0      0    195      0    350    241      0      0      0      0    446
   396     76      0    215   1813    467    682   1036      0      0     86    255      0      0    439    327
     0      0      0      0      0      0      0      0      0      0      0      0      0      0      0      0
