     0      0      0      0      0      0      0      0    930      0      0      0      0      0      0      0
     0      0      0      0      0      0      0      0      0      0      0      0      0      0      0      0
     0      0      0      0      0      0      0      0      0      0      0      0      0      0      0      0
     0      0      0      0      0      0      0      0      0      0      0      0    185      0      0      0
     0      0      0      0      0      0      0      0      0      0      0      0   1769      0      0      0
     0      0      0      0      0      0      0      0      0      0      0      0    253      0      0      0
     0      0      0      0      0     77      0      0      0      0      0      0      0      0      0      0
     0      0      0      0      0      0      0      0      0      0      0      0      0      0      0      0
     0      0      0      0      0      0   1324      0      0      0      0      0      0      0      0      0
     0      0      0      0      0      0      0      0      0      0      0      0      0      0      0      0
     0      0      0      0      0      0      0      0      0      0      0    676     29      0      0      0
     0      0      0      0      0      0      0      0      0      0    516   2798      0      0      0      0
     0      0      0      0      0      0      0      0      0      0    552   2167      0      0      0      0
     0      0      0      0      0      0      0      0      0      0      0    895      0      0      0      0
     0      0      0      0      0      0      0      0      0      0      0    666      0      0      0      0
     0      0      0      0      0      0      0      0      0      0      0    251     58      0      0      0
