     0      0      0      0      0      0      0      0      0      0      0      0      0      0      0      0
     0      0      0      0      0      0      0      0      0      0      0    178      0      0      0      0
   401      0      0      0      0      0      0      0      0      0      0    381      0      0      0      0
   178      0      0    188   1866   1401      0      0      0      0      0      0      0      0      0      0
     0      0      0      0    349      0      0      0      0      0      0      0      0      0      0      0
     0      0      0      0      0      0    875      0      0      0      0      0      0      0      0      0
     0      0      0      0      0      0      0      0      0      0      0      0      0      0      0      0
     0      0      0      0      0      0      0      0      0      0      0      0      0    978      0      0
     0      0      0      0      0      0      0      0      0      0      0      0      0      0      0      0
    10      0      0      0      0      0      0      0      0      0      0      0      0    631      0      0
     0      0      0      0      0      0      0      0      0      0      0      0      0      0      0      0
     0      0      0      0      0      0      0      0      0      0      0      0      0      0      0      0
     0      0      0     55      0      0      0      0      0      0      0      0      0      0      0      0
     0      0      0      0      0      0      0      0      0      0      0      0      0      0      0      0
     0      0      0      0      0      0      0      0      0      0      0      0      0      0      0      0
     0      0      0      0      0      0      0      0      0      0      0      0      0    663    643      0
