     0      0      0      0      0      0      0      0      0      0      0      0      0      0      0      0
     0      0      0      0      0      0      0      0      0      0      0    728      0      0      0      0
     0      0      0      0      0      0      0      0      0      0      0    188      0      0      0      0
     0      0    257      0      0      0      0   2088   1127    183      0      0      0      0      0    467
     0      0    388      0      0    196   1898   1452    772    316      0      0      0      0      0      0
     0      0      0    196      0      0      0      0    136      0      0      0      0      0      0      0
     0      0      0     99      0      0      0      0      0      0      0      0      0      0      0      0
     0      0      0      0    917      0      0      0      0      0      0    619      0      0      0      0
     0      0      0    374    137      0      0      0      0      0      0      0      0      0      0      0
     0      0   1357    590      0      0      0      0      0      0   1249      0      0    293      0      0
     0    868   4572   4192      0      0      0      0      0      0    349      0      0    408      0      0
     0      0   3001   2938      0      0      0      0      0      0      0      0      0      0      0      0
     0      0      0      0      0      0      0      0      0      0      0      0      0      0      0      0
     0      0      0      0      0      0      0      0      0      0      0      0      0      0      0      0
     0      0      0      0      0      0      0      0     76      0      0      0      0      0      0      0
     0      0      0      0      0      0      0      0      0      0      0      0      0      0      0      0
