     0      0      0      0      0      0      0      0      0      0      0      0      0      0      0      0
   959      0      0    236      0      0      0      0      0      0      0      0      0      0      0      0
     0      0      0    607      0      0      0      0      0      0      0      0      0      0      0      0
     0      0      0      0      0      0   2512   3925   2267      0      0      0      0      0      0      0
     0      0      0      0      0    892   4005   5054   3448   1380      0      0      0      0      0      0
     0      0      0      0      0    956   1896   2824   2844    344      0      0      0      0      0      0
     0      0      0      0      0   1275   2065   2186   2242      0      0      0    126      0      0      0
     0      0      0      0      0      0      0   1658    915      0      0      0      0      0      0      0
     0      0      0      0      0      0      0    364      0      0      0      0      0      0      0      0
     0      0      0      0      0      0      0      0      0      0      0      0      0      0      0      0
     0      0      0    524      0      0      0      0      0      0      0      0      0   1596      0      0
     0      0    999     35      0      0      0      0      0      0      0      0      0   1101      0      0
     0      0    970      0      0      0      0      0      0      0      0      0      0      0      0      0
     0      0      0      0      0      0      0      0     69      0      0      0      0      0      0      0
     0      0      0      0      0      0      0      0      0      0      0      0      0      0      0      0
     0      0      0      0      0      0      0      0      0      0      0      0      0      0      0      0
