     0      0      0      0      0      0      0      0      0      0      0      0      0      0      0      0
     0      0      0      0      0      0      0      0      0      0      0      0      0      0      0      0
     0      0      0      0      0      0      0      0      0      0      0      0      0      0      0      0
     0      0      0      0      0      0      0      0      0      0      0      0      0      0      0      0
     0      0      0      0      0      0      0      0      0      0      0      0      0      0      0      0
     0      0      0      0      0      0      0      0      0      0      0      0      0      0      0      0
     0      0      0      0      0      0      0      0      0      0      0      0      0      0      0      0
     0      0      0      0      0      0      0      0      0      0    164      0      0      0      0      0
     0      0      0      0      0      0      0      0      0      0      0    159      0      0      0      0
     0      0      0      0      0      0      0      0    745    785      0      0      0      0      0      0
     0      0      0      0      0      0      0      0      0    404     57      0      0      0      0      0
     0      0      0      0      0      0      0      0      0    213    298      0      0      0      0      0
     0      0   1738      0      0      0      0   1077    765    394    511      0      0      0      0      0
     0      0    956      0      0      0      0    904   1288    667    215      0      0      0      0      0
     0      0      0      0      0      0      0      0      0      0      0      0      0      0      0      0
   307      0      0      0      0      0      0      0      0     31    658      0    361      0      0      0
