     0      0      0      0     72    176    879      0      0      0      0      0      0    471      0      0
     0      0      0      0    767   2125   1838      0      0    714    114      0   2329   2110      0      0
     0      0      0      0      0      0      0      0      0     99      0      0   1464   1202      0      0
     0      0      0      0      0      0      0      0      0      0      0      0      0      0      0      0
     0      0      0      0      0      0      0      0      0      0      0      0      0      0      0    526
     0      0      0      0      0      0      0      0      0      0      0      0      0      0      0   1466
   310      0      0      0      0      0      0      0      0      0      0      0      0      0      0    238
  1233      0      0      0      0      0      0      0      0      0      0      0      0      0      0    766
   348      0      0      0      0      0      0      0      0      0      0      0      0      0      0      0
     0      0      0      0      0      0      0      0      0      0      0      0      0      0      0    554
     0      0      0      0      0      0      0      0      0      0      0      0      0      0      0    505
     0      0      0      0      0      0      0      0      0      0      0      0      0      0      0      0
     0      0      0      0      0      0      0      0      0      0      0      0      0      0      0      0
     0      0      0      0      0      0      0      0      0      0      0      0      0      0      0      0
   852      0      0      0      0      0      0      0      0      0      0      0      0      0      0      0
     0      0      0      0      0      0      0      0      0      0      0      0      0      0      0      0
