     0      0      0      0      0      0      0      0   1846      0      0      0    133      0      0      0
     0      0      0      0      0      0      0      0   2647      0      0      0   1518      0      0      0
     0      0      0      0      0      0      0      0    440      0      0      0      0      0      0      0
     0      0      0      0      0      0      0      0      0      0      0      0      0      0      0      0
     0      0      0      0      0      0      0      0      0      0      0      0      0      0      0      0
     0      0      0      0      0      0      0      0      0      0      0      0      0      0      0      0
     0      0      0      0      0      0      0      0      0      0      0      0      0      0      0      0
     0      0      0      0      0      0      0      0      0      0      0      0      0      0      0      0
     0      0      0      0      0      0      0      0      0      0      0      0      0      0      0      0
     0    163      0      0      0      0      0      0    238      0      0      0      0      0      0      0
     0   1261      0      0      0      0      0      0      0      0      0      0      0      0      0      0
     0   1172      0      0      0      0      0      0      0      0      0      0   1423      0      0      0
     0   1263      0      0      0      0      0      0      0      0      0      0      0      0      0      0
     0     55      0      0      0      0      0      0      0      0      0      0      0      0      0      0
     0      0      0      0      0      0      0      0      0      0      0      0      0      0      0      0
     0      0      0      0      0      0      0      0      0      0      0      0      0      0      0      0
