     0      0      0      0    226      0      0      0      0      0      0      0      0      0      0      0
     0      0      0     11    279      0      0      0      0      0      0      0      0      0      0      0
     0      0      0    197   1389    265      0      0      0      0      0      0      0      0      0      0
     0      0      0      0      0      0      0    822      0    229    186      0      0    142      0      0
     0      0   1527      0      0   1242   1001      0      0      0      0      0     33      0      0      0
     0      0      0      0      0   1180    271      0      0      0      0      0      0      0      0      0
     0      0      0      0      0      0      0      0      0      0      0      0      0      0      0      0
     0      0      0      0      0      0      0      6      0      0      0      0      0      0      0      0
     0      0      0      0      0      0      0    908    362      0      0      0      0      0      0      0
     0      0      0      0      0      0      0   1123    716      0      0      0      0      0      0      0
     0      0      0      0      0      0    749      0      0      0      0    645      0      0      0      0
     0      0      0      0      0      0      0      0      0      0      0    178      0      0      0      0
     0      0    822    610      4      0      0      0      0    611      0      0      0      0      0      0
     0      0   2248   2566    714      0      0      0      0      0      0      0      0      0      0      0
     0      0      0      0      0      0      0      0      0      0      0      0      0      0      0      0
     0      0      0      0      0      0      0      0      0      0      0      0      0      0      0      0
