     0      0      0      0      0      0      0      0      0    240      0      0      0      0      0      0
     0      0      0      0      0      0      0      0      0   1117     40      0      0    527      0      0
     0      0      0      0      0      0      0      0      0   1544      0      0      0    244      0      0
     0      0      0      0      0      0      0      0      0   1490    137      0      0      0     39    708
     0      0      0      0      0      0     19      0      0    480    157      0      0   1398   3440    673
     0      0      0      0      0      0      0      0      0      0      0      0   1909   3421   1634    200
     0      0      0    989      0      0      0      0      0      0      0      0   2101   2190      0    765
     0      0      0      0      0      0      0      0      0      0      0      0      0      0      0      0
     0      0      0      0      0      0    208      0      0      0      0      0      0      0      0      0
     0      0      0      0      0   1912   2809   2496      0      0      0      0      0      0      0      0
     0      0      0      0      0    281   3599   1817      0      0      0      0      0      0    511    328
     0      0      0      0      0      0    647      0      0      0      0      0      0      0    989    563
     0      0      0      0      0   1506      0      0      0      0      0      0      0      0    365    509
     0      0      0      0      0   2240      0      0      0      0      0      0      0      0     14    240
     0      0      0    307    607    937      0      0      0      0      0      0      0      0      0    231
     0      0      0      0     69      0      0      0      0      0      0      0      0      0      0      0
