9.004164338111877441e-01
1.367985248565673828e+00
1.030434012413024902e+00
8.190299868583679199e-01
6.664398312568664551e-01
1.136680483818054199e+00
2.094457149505615234e+00
2.560641169548034668e-01
6.469527482986450195e-01
1.493845462799072266e+00
8.310562968254089355e-01
4.379742443561553955e-01
1.393511176109313965e+00
6.486361026763916016e-01
4.625093042850494385e-01
1.164357066154479980e+00
6.081835031509399414e-01
7.005177140235900879e-01
1.114790916442871094e+00
4.536344707012176514e-01
8.921692967414855957e-01
6.796565055847167969e-01
6.613522768020629883e-01
4.490427970886230469e-01
1.186764597892761230e+00
1.553725361824035645e+00
1.377526044845581055e+00
9.618813395500183105e-01
5.842849612236022949e-01
1.205548048019409180e+00
9.407436251640319824e-01
4.763564765453338623e-01
1.186802029609680176e+00
6.985309123992919922e-01
6.410570144653320312e-01
1.416953682899475098e+00
1.128876686096191406e+00
7.006254196166992188e-01
1.489709973335266113e+00
1.081146717071533203e+00
3.235473334789276123e-01
1.151171207427978516e+00
3.252285718917846680e-01
6.908339858055114746e-01
3.834539055824279785e-01
9.462274909019470215e-01
3.991361558437347412e-01
9.744127988815307617e-01
1.665339231491088867e+00
8.561164140701293945e-01
8.111656308174133301e-01
8.635854125022888184e-01
8.588255047798156738e-01
7.751015424728393555e-01
1.300600886344909668e+00
6.153676509857177734e-01
3.612380027770996094e-01
1.411515474319458008e+00
5.465955138206481934e-01
5.168934464454650879e-01
8.543190360069274902e-01
7.556541562080383301e-01
5.411461591720581055e-01
1.120892286300659180e+00
8.556765913963317871e-01
1.904886245727539062e+00
5.419740676879882812e-01
4.962055087089538574e-01
9.814651012420654297e-01
9.607912302017211914e-01
9.796292781829833984e-01
4.033036828041076660e-01
9.343557953834533691e-01
4.624613225460052490e-01
8.136715888977050781e-01
8.357645869255065918e-01
9.059508442878723145e-01
8.517571687698364258e-01
1.024095177650451660e+00
1.516612648963928223e+00
2.016598463058471680e+00
3.884791135787963867e-01
5.277081131935119629e-01
1.020874977111816406e+00
6.183704733848571777e-01
3.483587205410003662e-01
8.327805399894714355e-01
9.541952013969421387e-01
8.216647505760192871e-01
9.092535376548767090e-01
8.793007135391235352e-01
6.168151497840881348e-01
2.650535345077514648e+00
2.025584697723388672e+00
5.567599534988403320e-01
3.923441767692565918e-01
9.624487757682800293e-01
8.329455256462097168e-01
8.155997991561889648e-01
7.418828606605529785e-01
2.591918110847473145e-01
8.729767799377441406e-01
8.787949681282043457e-01
5.958670973777770996e-01
2.501035928726196289e-01
9.241322875022888184e-01
6.177281141281127930e-01
1.357876062393188477e+00
2.041474819183349609e+00
6.629019379615783691e-01
3.799812197685241699e-01
8.539224267005920410e-01
6.502124667167663574e-01
5.265612006187438965e-01
5.775231122970581055e-01
9.710220098495483398e-01
8.151186108589172363e-01
9.591511487960815430e-01
1.014342308044433594e+00
8.328902125358581543e-01
2.701152324676513672e+00
8.167934417724609375e-01
1.768762350082397461e+00
5.123174786567687988e-01
5.182710289955139160e-01
8.250989317893981934e-01
8.390899896621704102e-01
1.919373631477355957e+00
1.579960227012634277e+00
1.049260258674621582e+00
3.939214646816253662e-01
8.029779791831970215e-01
7.199950218200683594e-01
7.074490189552307129e-01
7.430193424224853516e-01
5.539745688438415527e-01
1.026629328727722168e+00
5.018498897552490234e-01
4.088752865791320801e-01
5.355947017669677734e-01
1.597834706306457520e+00
7.539786100387573242e-01
6.222535371780395508e-01
8.535568118095397949e-01
1.103133320808410645e+00
6.271206736564636230e-01
9.164772033691406250e-01
4.320706725120544434e-01
6.220111846923828125e-01
9.008064270019531250e-01
9.281848073005676270e-01
8.256545066833496094e-01
5.526050329208374023e-01
4.368216097354888916e-01
1.029805421829223633e+00
4.077913463115692139e-01
4.996202290058135986e-01
4.354390144348144531e+00
6.435676813125610352e-01
5.150983929634094238e-01
8.904722332954406738e-01
7.601561546325683594e-01
1.149872899055480957e+00
9.184257984161376953e-01
5.428596735000610352e-01
1.101715564727783203e+00
3.397940993309020996e-01
1.692434996366500854e-01
1.025992274284362793e+00
8.776090145111083984e-01
1.066275358200073242e+00
7.625488042831420898e-01
1.175967335700988770e+00
2.024427205324172974e-01
7.322953939437866211e-01
7.324349880218505859e-01
1.285227179527282715e+00
5.876972675323486328e-01
4.089316129684448242e-01
1.011676788330078125e+00
6.538793444633483887e-01
6.202697753906250000e-01
1.392982244491577148e+00
1.917665004730224609e+00
1.501832008361816406e+00
8.257218599319458008e-01
5.592680573463439941e-01
5.027880668640136719e-01
5.289328098297119141e-01
1.135686397552490234e+00
8.574169874191284180e-01
3.099452853202819824e-01
6.139811277389526367e-01
6.271318197250366211e-01
5.875402688980102539e-01
7.047882676124572754e-01
2.221886634826660156e+00
6.648858785629272461e-01
4.891410470008850098e-01
5.762408375740051270e-01
6.620208621025085449e-01
1.074058055877685547e+00
8.171629309654235840e-01
1.028745889663696289e+00
1.733328580856323242e+00
7.321071624755859375e-01
3.877307176589965820e-01
8.651968836784362793e-01
2.094758510589599609e+00
8.125253915786743164e-01
8.551281690597534180e-01
1.000317692756652832e+00
1.770869135856628418e+00
1.015596270561218262e+00
4.942628443241119385e-01
6.707194447517395020e-01
1.791207671165466309e+00
1.184946894645690918e+00
6.769683361053466797e-01
1.467563509941101074e+00
7.694247364997863770e-01
1.369236230850219727e+00
1.427703738212585449e+00
1.111570358276367188e+00
5.539811253547668457e-01
8.282355070114135742e-01
8.553950190544128418e-01
7.328007817268371582e-01
6.833585500717163086e-01
1.432475328445434570e+00
1.164934635162353516e+00
1.226004719734191895e+00
1.026831746101379395e+00
1.738272547721862793e+00
1.727449417114257812e+00
9.232130050659179688e-01
8.481385707855224609e-01
3.998929858207702637e-01
4.312757253646850586e-01
9.178011417388916016e-01
6.672362685203552246e-01
5.412148833274841309e-01
5.586667060852050781e-01
1.331389546394348145e+00
6.048565506935119629e-01
1.451862454414367676e+00
8.427531719207763672e-01
6.598702073097229004e-01
8.320836424827575684e-01
1.254976511001586914e+00
1.150469422340393066e+00
2.051302909851074219e+00
6.153488159179687500e-01
1.085027217864990234e+00
1.250542521476745605e+00
7.604253292083740234e-01
