-1.071226969361305237e-01
-4.333501756191253662e-01
-3.246926069259643555e-01
-2.127042412757873535e-01
-2.101853191852569580e-01
-2.911125719547271729e-01
-1.254994124174118042e-01
-2.332891523838043213e-01
-5.194183588027954102e-01
-3.710069656372070312e-01
-1.111644692718982697e-02
-5.361253023147583008e-01
-2.675414681434631348e-01
-3.678990900516510010e-01
-1.409577727317810059e-01
-6.382347941398620605e-01
-5.113195776939392090e-01
-3.670884966850280762e-01
-2.430549860000610352e-01
-2.902601063251495361e-01
-6.294090151786804199e-01
-1.453441083431243896e-01
-2.716791629791259766e-01
-1.543367058038711548e-01
-2.466114461421966553e-01
-4.400534629821777344e-01
-1.966827958822250366e-01
-1.005003526806831360e-01
-4.198925793170928955e-01
-1.743320971727371216e-01
-5.038535594940185547e-01
-4.385313987731933594e-01
-3.685174584388732910e-01
-4.520624577999114990e-01
-8.969888091087341309e-02
-3.618778288364410400e-01
-2.418539375066757202e-01
-2.526320815086364746e-01
-4.258365184068679810e-02
-4.762956798076629639e-01
-3.079726099967956543e-01
2.629666402935981750e-02
-4.757612943649291992e-01
-4.707098901271820068e-01
-3.677859008312225342e-01
-3.095866143703460693e-01
-4.566877782344818115e-01
-4.280523061752319336e-01
-1.255005151033401489e-01
-1.233750954270362854e-01
-1.489819884300231934e-01
-2.878602147102355957e-01
-5.051487684249877930e-01
1.491694152355194092e-01
-3.178653120994567871e-01
-4.747028648853302002e-02
-2.823596298694610596e-01
-2.421149313449859619e-01
-3.317646980285644531e-01
-4.153579771518707275e-01
-4.220943748950958252e-01
-4.647200405597686768e-01
-6.327315568923950195e-01
-2.403658628463745117e-01
-5.820615291595458984e-01
-5.206184983253479004e-01
-5.560072138905525208e-02
-3.522188961505889893e-01
-7.594238221645355225e-02
-3.826800882816314697e-01
-3.536983728408813477e-01
-2.101053595542907715e-01
-1.188467144966125488e-01
-2.966988384723663330e-01
-3.798453509807586670e-01
-5.994035601615905762e-01
-2.810666561126708984e-01
-3.959369063377380371e-01
-3.508728742599487305e-01
-1.660224646329879761e-01
-5.014124512672424316e-01
-1.595256924629211426e-01
-2.291767448186874390e-01
1.002959683537483215e-01
-1.882805377244949341e-01
-2.899500429630279541e-01
-3.006595373153686523e-01
-9.665283560752868652e-02
-2.024566680192947388e-01
-7.582663744688034058e-02
-4.147834330797195435e-02
-4.543471634387969971e-01
-4.099591672420501709e-01
-1.019156128168106079e-01
-1.825361847877502441e-01
-5.933008790016174316e-01
-7.791955769062042236e-02
-3.936882913112640381e-01
-2.378960400819778442e-01
-1.066740751266479492e-01
-6.798082590103149414e-02
1.128343120217323303e-01
1.033252570778131485e-02
-2.042923569679260254e-01
-1.425734609365463257e-01
-9.861158579587936401e-02
-3.680527210235595703e-01
-5.076448917388916016e-01
-6.425975561141967773e-01
4.565624520182609558e-02
-2.565900087356567383e-01
2.368237674236297607e-01
-2.111279219388961792e-01
-4.347935318946838379e-01
-4.815115630626678467e-01
8.449700474739074707e-02
-5.129004120826721191e-01
-4.847494065761566162e-01
-6.724913120269775391e-01
4.698060825467109680e-02
-3.881903588771820068e-01
-5.328078269958496094e-01
-2.173448354005813599e-01
-4.444304704666137695e-01
-2.651841044425964355e-01
-6.345820426940917969e-01
-4.313429296016693115e-01
-1.845845282077789307e-01
