3.452496290206909180e+00
2.300096035003662109e+00
2.593995094299316406e+00
5.809810638427734375e+00
4.477030277252197266e+00
3.870213270187377930e+00
2.752066612243652344e+00
7.089514255523681641e+00
2.736864566802978516e+00
4.971007823944091797e+00
2.378701686859130859e+00
2.637780189514160156e+00
3.959975719451904297e+00
5.663789749145507812e+00
7.984229326248168945e-01
4.033546924591064453e+00
6.784118413925170898e-01
2.896995306015014648e+00
3.324152946472167969e+00
3.615905046463012695e+00
4.747823715209960938e+00
5.328033924102783203e+00
2.057690620422363281e+00
3.560868024826049805e+00
2.689314842224121094e+00
3.889206409454345703e+00
2.069482088088989258e+00
3.254968643188476562e+00
3.081953525543212891e+00
3.759930849075317383e+00
1.735482931137084961e+00
1.547367811203002930e+00
2.302370309829711914e+00
3.186951875686645508e+00
3.904616594314575195e+00
8.405174255371093750e+00
6.257881164550781250e+00
3.085494041442871094e+00
8.595151901245117188e+00
2.895974874496459961e+00
4.751630783081054688e+00
3.361226320266723633e+00
3.685822963714599609e+00
5.081452846527099609e+00
2.932615518569946289e+00
1.229308247566223145e+00
4.678382396697998047e+00
4.318114280700683594e+00
4.364840984344482422e+00
7.548027038574218750e-01
3.166424751281738281e+00
1.679233074188232422e+00
2.584409952163696289e+00
7.900174140930175781e+00
7.807418704032897949e-01
1.281179785728454590e+00
3.463527441024780273e+00
1.985127329826354980e+00
2.180777311325073242e+00
8.380386829376220703e-01
4.938997268676757812e+00
3.853904247283935547e+00
2.954890012741088867e+00
2.175136566162109375e+00
