9.518690109252929688e-01
2.433722734451293945e+00
8.604745864868164062e-01
1.587365984916687012e+00
1.153732538223266602e+00
9.195907115936279297e-01
7.817385196685791016e+00
2.999303817749023438e+00
1.228296160697937012e+00
6.503884792327880859e-01
1.185606837272644043e+00
1.036870241165161133e+00
1.220981240272521973e+00
1.219698190689086914e+00
7.921822071075439453e-01
1.556159257888793945e+00
9.665279388427734375e-01
4.884122312068939209e-01
2.222880363464355469e+00
2.654313743114471436e-01
9.611712098121643066e-01
7.930501103401184082e-01
7.380979061126708984e-01
8.936472535133361816e-01
9.832251667976379395e-01
8.522821068763732910e-01
1.165099620819091797e+00
1.155521392822265625e+00
7.648533582687377930e-01
1.205746173858642578e+00
1.882038474082946777e+00
9.425659775733947754e-01
7.952849268913269043e-01
1.565201640129089355e+00
8.894953727722167969e-01
1.594334959983825684e+00
5.569706559181213379e-01
8.168940544128417969e-01
1.142110943794250488e+00
5.411891937255859375e-01
9.183662533760070801e-01
8.081466555595397949e-01
1.720625996589660645e+00
8.633264303207397461e-01
2.986462354660034180e+00
2.947205066680908203e+00
6.085851192474365234e-01
3.635719120502471924e-01
1.514392375946044922e+00
8.512859940528869629e-01
1.578215837478637695e+00
1.177122712135314941e+00
1.136179685592651367e+00
9.156512618064880371e-01
5.870574116706848145e-01
1.056691527366638184e+00
1.003705859184265137e+00
2.022491931915283203e+00
1.613467097282409668e+00
2.296045303344726562e+00
8.473613858222961426e-01
6.920804381370544434e-01
1.929386377334594727e+00
1.058898687362670898e+00
8.928511142730712891e-01
9.967129826545715332e-01
7.376040816307067871e-01
7.675665616989135742e-01
7.399476766586303711e-01
5.702697038650512695e-01
4.480385780334472656e-01
8.392437100410461426e-01
4.828824996948242188e-01
8.160015940666198730e-01
1.200147509574890137e+00
1.038225293159484863e+00
8.236627578735351562e-01
1.268714070320129395e+00
1.175529956817626953e+00
1.360831141471862793e+00
1.160192847251892090e+00
4.152206182479858398e-01
1.353703856468200684e+00
4.952173233032226562e-01
5.983399748802185059e-01
1.094130635261535645e+00
1.628726720809936523e+00
1.214293122291564941e+00
7.174165844917297363e-01
1.388043999671936035e+00
9.207860827445983887e-01
7.020801305770874023e-01
1.369208097457885742e+00
1.026462435722351074e+00
3.918429613113403320e-01
1.111915826797485352e+00
7.417346835136413574e-01
1.021379351615905762e+00
7.281748056411743164e-01
7.893124818801879883e-01
1.245234012603759766e+00
8.948514461517333984e-01
1.089356899261474609e+00
6.197623610496520996e-01
1.192072153091430664e+00
1.152104377746582031e+00
2.127956628799438477e+00
2.927183210849761963e-01
1.006762266159057617e+00
2.093342065811157227e+00
8.058799505233764648e-01
7.029679417610168457e-01
7.107062935829162598e-01
1.160611629486083984e+00
7.312434911727905273e-01
7.139823436737060547e-01
4.115892052650451660e-01
1.636244893074035645e+00
9.775168895721435547e-01
1.035781025886535645e+00
6.511456370353698730e-01
1.225221157073974609e+00
1.053722023963928223e+00
3.805115222930908203e-01
1.105519890785217285e+00
1.115574717521667480e+00
1.307502508163452148e+00
4.848997592926025391e+00
6.736909151077270508e-01
2.565150260925292969e-01
1.240153431892395020e+00
6.501168012619018555e-01
5.106874108314514160e-01
4.470913112163543701e-01
2.154942750930786133e+00
9.289283752441406250e-01
7.108467221260070801e-01
9.607326388359069824e-01
3.371044874191284180e+00
7.657356858253479004e-01
1.109567165374755859e+00
6.634456515312194824e-01
1.148494958877563477e+00
8.849919438362121582e-01
5.198562145233154297e-01
1.413389325141906738e+00
1.199197173118591309e+00
1.472653746604919434e+00
1.969390511512756348e+00
8.919550776481628418e-01
3.084344863891601562e-01
7.065061330795288086e-01
1.489839673042297363e+00
1.716351389884948730e+00
4.063625633716583252e-01
2.289737224578857422e+00
1.081768035888671875e+00
3.607327044010162354e-01
3.644542455673217773e+00
7.540109157562255859e-01
6.728531718254089355e-01
1.294329762458801270e+00
2.173141479492187500e+00
5.507376194000244141e-01
8.305674791336059570e-01
7.242627739906311035e-01
5.576366782188415527e-01
1.589365005493164062e+00
5.114641785621643066e-01
7.267611026763916016e-01
1.686184287071228027e+00
1.238270640373229980e+00
2.938098907470703125e+00
2.505900561809539795e-01
1.572849273681640625e+00
3.050186634063720703e+00
1.438630580902099609e+00
2.302035093307495117e-01
9.553508162498474121e-01
1.264961004257202148e+00
1.109264492988586426e+00
1.681309103965759277e+00
1.534927368164062500e+00
6.324997544288635254e-01
9.202885627746582031e-01
1.503937244415283203e+00
2.513421058654785156e+00
1.486894488334655762e+00
5.518762469291687012e-01
3.087002277374267578e+00
1.122323989868164062e+00
8.526798486709594727e-01
6.818770170211791992e-01
1.978649616241455078e+00
1.416460871696472168e+00
4.815877377986907959e-01
1.972345948219299316e+00
1.674049854278564453e+00
2.245726346969604492e+00
8.153530955314636230e-01
8.110672831535339355e-01
9.257699847221374512e-01
7.534130811691284180e-01
3.987058103084564209e-01
1.164643764495849609e+00
5.960060358047485352e-01
1.964797258377075195e+00
5.184760689735412598e-01
1.679179430007934570e+00
6.338859200477600098e-01
8.301158547401428223e-01
8.069694638252258301e-01
1.807811021804809570e+00
2.343224525451660156e+00
7.556359767913818359e-01
1.920221805572509766e+00
7.906063199043273926e-01
1.539317369461059570e+00
1.267410993576049805e+00
4.657922089099884033e-01
3.482249736785888672e+00
7.486203908920288086e-01
1.430008530616760254e+00
1.283067941665649414e+00
6.938658356666564941e-01
7.509405612945556641e-01
6.880334615707397461e-01
9.000262022018432617e-01
1.711722373962402344e+00
5.162611603736877441e-01
5.036891102790832520e-01
1.944127678871154785e+00
4.837700128555297852e-01
9.230239391326904297e-01
5.175772905349731445e-01
1.740124821662902832e+00
1.301455140113830566e+00
8.660090446472167969e+00
6.260792613029479980e-01
1.044491410255432129e+00
1.599691748619079590e+00
1.086612462997436523e+00
1.691831231117248535e+00
1.054721832275390625e+00
9.171809554100036621e-01
7.785835862159729004e-01
8.098195791244506836e-01
4.281529188156127930e-01
4.489404857158660889e-01
7.221260070800781250e-01
7.575235366821289062e-01
6.598279476165771484e-01
1.094294548034667969e+00
5.970327377319335938e+00
1.129445314407348633e+00
5.085775256156921387e-01
