8.970888137817382812e+00
7.292192935943603516e+00
2.018879318237304688e+01
1.108155727386474609e+01
7.595923423767089844e+00
4.279508590698242188e+00
1.463275909423828125e+01
1.565925884246826172e+01
7.766315937042236328e+00
1.198308348655700684e+00
6.133679389953613281e+00
1.289614105224609375e+01
6.394101142883300781e+00
1.972130584716796875e+01
1.045581722259521484e+01
2.634309959411621094e+01
6.194189548492431641e+00
3.119331932067871094e+01
1.650311088562011719e+01
1.111946392059326172e+01
1.029823207855224609e+01
2.058541107177734375e+01
1.786131668090820312e+01
1.063305854797363281e+01
6.879881858825683594e+00
7.048338890075683594e+00
5.740259170532226562e+00
2.490002441406250000e+01
1.064249134063720703e+01
1.051061344146728516e+01
8.569123268127441406e+00
8.554503440856933594e+00
3.074023008346557617e+00
4.416252136230468750e+01
5.865359306335449219e+00
2.500500297546386719e+01
9.282357215881347656e+00
6.900873661041259766e+00
1.156189250946044922e+01
8.594562530517578125e+00
1.428727340698242188e+01
8.680716514587402344e+00
6.210186004638671875e+00
1.276476573944091797e+01
5.433565616607666016e+00
1.464075183868408203e+01
9.101828575134277344e+00
1.040419673919677734e+01
7.616150856018066406e+00
1.826402664184570312e+01
4.085425376892089844e+00
1.042737293243408203e+01
4.304479598999023438e+01
8.996715545654296875e+00
1.636552619934082031e+01
1.555868530273437500e+01
8.920557022094726562e+00
8.288162231445312500e+00
6.420178890228271484e+00
7.264346122741699219e+00
5.421020030975341797e+00
4.770449638366699219e+00
6.675662040710449219e+00
6.637211799621582031e+00
6.137271404266357422e+00
1.056100845336914062e+01
5.484912395477294922e+00
8.431037902832031250e+00
1.071182060241699219e+01
3.234795331954956055e+00
9.225413322448730469e+00
1.699740219116210938e+01
7.594586849212646484e+00
5.584653854370117188e+00
7.178939819335937500e+00
1.166918373107910156e+01
2.337862777709960938e+01
9.468283653259277344e+00
1.661566925048828125e+01
5.243773937225341797e+00
6.992145538330078125e+00
7.463780879974365234e+00
1.775718879699707031e+01
8.854276657104492188e+00
6.934667587280273438e+00
1.770456123352050781e+01
1.052124404907226562e+01
5.977550983428955078e+00
1.399415493011474609e+01
6.666466236114501953e+00
8.567676544189453125e+00
1.055313873291015625e+01
6.821039676666259766e+00
7.514921188354492188e+00
7.314997673034667969e+00
3.892967224121093750e+01
3.865264415740966797e+00
2.501716804504394531e+01
5.156405448913574219e+00
1.235805606842041016e+01
4.110482788085937500e+01
1.046679592132568359e+01
1.124762153625488281e+01
3.628540039062500000e+01
2.770227813720703125e+01
9.468253135681152344e+00
4.580776691436767578e+00
1.307754707336425781e+01
1.472647380828857422e+01
6.853227615356445312e+00
1.028188991546630859e+01
1.342012596130371094e+01
6.581936836242675781e+00
2.934005546569824219e+01
1.412802410125732422e+01
7.337970256805419922e+00
1.330291748046875000e+01
5.567094802856445312e+01
2.106839752197265625e+01
1.042528820037841797e+01
2.232577133178710938e+01
1.023746681213378906e+01
1.844705963134765625e+01
4.822908401489257812e+00
6.214169502258300781e+00
6.724741458892822266e+00
6.363930702209472656e+00
4.525263786315917969e+00
