7.575446367263793945e-02
-5.532750859856605530e-02
2.281426042318344116e-01
-1.275531202554702759e-01
-5.500615760684013367e-02
-2.049044817686080933e-01
-8.475706726312637329e-02
1.094776690006256104e-01
-3.370269238948822021e-01
-1.691992729902267456e-01
-3.332305252552032471e-01
7.924603670835494995e-02
-2.044689208269119263e-01
2.729131281375885010e-01
-1.398152261972427368e-01
2.180743813514709473e-01
5.391966085880994797e-03
1.910619586706161499e-01
-7.360817492008209229e-02
9.479010850191116333e-02
-3.232488408684730530e-02
-1.868225932121276855e-01
-1.662574112415313721e-01
-1.257932186126708984e-01
-2.810486853122711182e-01
-4.024672210216522217e-01
-1.847631037235260010e-01
4.559233039617538452e-02
-5.118902307003736496e-03
-1.166454181075096130e-01
-1.037708297371864319e-01
-1.332605630159378052e-01
-2.309723198413848877e-01
5.062361955642700195e-01
-4.903225600719451904e-01
1.352651268243789673e-01
-2.517490684986114502e-01
-1.840873360633850098e-01
-1.430186927318572998e-01
-1.777528673410415649e-01
-3.323484957218170166e-02
-1.789164692163467407e-01
-2.562242746353149414e-01
-1.786623895168304443e-01
-2.526553869247436523e-01
-7.236681133508682251e-02
-1.076284199953079224e-01
-1.896235644817352295e-01
-2.835207283496856689e-01
1.329457908868789673e-01
-2.730938494205474854e-01
1.604462787508964539e-02
3.322369456291198730e-01
-1.689736247062683105e-01
1.655619889497756958e-01
4.516023024916648865e-02
-2.582882717251777649e-02
-6.526180356740951538e-02
1.049419585615396500e-02
-1.154250502586364746e-01
-7.270536571741104126e-02
-1.314980387687683105e-01
-1.578141152858734131e-01
-3.760792016983032227e-01
-4.039839282631874084e-02
1.530148088932037354e-01
-7.734295725822448730e-02
-2.507429122924804688e-01
-1.662317104637622833e-02
3.446876406669616699e-01
-7.928358018398284912e-02
4.741074144840240479e-01
5.146954953670501709e-02
6.760288774967193604e-02
4.859365150332450867e-02
1.243997588753700256e-01
1.991987228393554688e-01
1.148899272084236145e-02
-6.326001882553100586e-02
-5.065833330154418945e-01
-1.965659707784652710e-01
-2.299526780843734741e-01
3.734900653362274170e-01
-1.714669764041900635e-01
-4.898460209369659424e-02
-6.023691594600677490e-02
-1.019059941172599792e-01
-1.654509752988815308e-01
-4.007538780570030212e-02
-2.818420231342315674e-01
-1.843786686658859253e-01
-1.933643966913223267e-01
-1.376752834767103195e-02
-1.800066381692886353e-01
-4.935345146805047989e-03
1.855910569429397583e-01
-1.524229943752288818e-01
1.163693591952323914e-01
-8.218324929475784302e-02
-2.761000692844390869e-01
9.759028255939483643e-02
-2.419921755790710449e-01
-7.272344082593917847e-03
2.016986310482025146e-01
3.135356605052947998e-01
-1.505600810050964355e-01
-2.377492338418960571e-01
2.236171253025531769e-02
1.175193190574645996e-01
-2.419300079345703125e-01
-2.980735003948211670e-01
-2.513509094715118408e-01
-2.194748371839523315e-01
3.954967483878135681e-03
2.969011478126049042e-02
3.622628003358840942e-02
-2.596900798380374908e-03
1.982049494981765747e-01
-1.599348932504653931e-01
-3.588346391916275024e-02
2.123984098434448242e-01
-2.670803964138031006e-01
-9.014241397380828857e-02
-2.891560457646846771e-02
-1.849375218152999878e-01
-3.665369451045989990e-01
-1.781205832958221436e-01
-1.980596631765365601e-01
