6.002471446990966797e+00
2.863610458374023438e+01
8.744371414184570312e+00
1.510672092437744141e+01
1.115232181549072266e+01
1.012675094604492188e+01
1.231098651885986328e+01
2.757731628417968750e+01
1.791116333007812500e+01
2.223084831237792969e+01
2.314996719360351562e+01
1.912210083007812500e+01
7.499485492706298828e+00
7.418246746063232422e+00
8.394103050231933594e+00
7.506120681762695312e+00
2.013404273986816406e+01
1.368798828125000000e+01
6.732388019561767578e+00
2.749833106994628906e+01
2.210455513000488281e+01
6.687153816223144531e+00
2.278922271728515625e+01
1.863542938232421875e+01
1.314145565032958984e+01
3.672378921508789062e+01
2.510911941528320312e+01
1.652678489685058594e+01
7.581676959991455078e+00
1.768587684631347656e+01
1.490920829772949219e+01
3.265047073364257812e+01
1.226179409027099609e+01
1.194177150726318359e+01
2.236669921875000000e+01
1.088558006286621094e+01
5.113188743591308594e+00
7.798910140991210938e+00
1.402597618103027344e+01
1.287974739074707031e+01
1.174510669708251953e+01
1.561699390411376953e+01
1.844822883605957031e+01
1.910544967651367188e+01
7.490435600280761719e+00
2.132031059265136719e+01
1.740987968444824219e+01
1.607437705993652344e+01
1.211034774780273438e+01
1.207626533508300781e+01
1.586906147003173828e+01
1.632154464721679688e+01
7.924621582031250000e+00
1.385445404052734375e+01
7.716751575469970703e+00
1.095952320098876953e+01
1.823196029663085938e+01
9.849076271057128906e+00
7.963414192199707031e+00
1.668727302551269531e+01
8.285871505737304688e+00
1.607411575317382812e+01
3.475266265869140625e+01
1.885240554809570312e+01
4.166466903686523438e+01
4.515611648559570312e+00
7.244409084320068359e+00
8.410202980041503906e+00
1.398882675170898438e+01
1.198082923889160156e+01
2.797523307800292969e+01
1.326382255554199219e+01
1.347770118713378906e+01
1.852473449707031250e+01
1.997370910644531250e+01
5.300624084472656250e+01
1.913077545166015625e+01
1.525949764251708984e+01
2.141674995422363281e+01
3.425172424316406250e+01
1.110427665710449219e+01
5.113205909729003906e+00
2.250241470336914062e+01
3.725880050659179688e+01
9.978723526000976562e+00
4.452695369720458984e+00
1.575407886505126953e+01
1.468183040618896484e+01
1.176867485046386719e+01
5.901968479156494141e+00
9.991518020629882812e+00
1.002573966979980469e+01
1.068458557128906250e+01
2.014040374755859375e+01
1.319539356231689453e+01
1.453247165679931641e+01
1.417341327667236328e+01
1.118124675750732422e+01
5.468773365020751953e+00
8.815203666687011719e+00
2.408015251159667969e+01
8.131510734558105469e+00
8.009587287902832031e+00
1.086805057525634766e+01
4.205468177795410156e+00
1.176177978515625000e+01
2.002067375183105469e+01
3.803553771972656250e+01
1.079851436614990234e+01
1.942328071594238281e+01
1.321602439880371094e+01
2.786149406433105469e+01
3.984175109863281250e+01
8.373647689819335938e+00
1.075102996826171875e+01
4.082328414916992188e+01
5.989881515502929688e+01
1.476903152465820312e+01
1.814636802673339844e+01
1.102127361297607422e+01
1.397235870361328125e+01
7.462198734283447266e+00
1.868586883544921875e+02
6.992357254028320312e+00
1.272886848449707031e+01
8.144144058227539062e+00
1.021471118927001953e+01
2.360361671447753906e+01
