7.006492321624085355e-44
2.242077542919707313e-43
7.053994107991456985e-03
7.006492321624085355e-44
8.276738226413726807e-03
7.006492321624085355e-44
2.668495522812008858e-03
1.813867129385471344e-02
7.006492321624085355e-44
4.281559027731418610e-03
7.006492321624085355e-44
3.021274460479617119e-05
2.013006061315536499e-02
7.103468291461467743e-03
1.681931689381599426e-02
1.119049359112977982e-02
7.006492321624085355e-44
2.156658563762903214e-03
1.772925024852156639e-03
7.006492321624085355e-44
7.362216711044311523e-03
1.708014679024927318e-05
7.006492321624085355e-44
7.006492321624085355e-44
7.006492321624085355e-44
7.006492321624085355e-44
7.006492321624085355e-44
4.098312929272651672e-04
2.439294010400772095e-03
1.308815699303522706e-04
4.021013155579566956e-04
2.960310317575931549e-03
7.031282410025596619e-03
1.449434310197830200e-01
7.006492321624085355e-44
7.006492321624085355e-44
2.108591794967651367e-02
3.659067442640662193e-05
2.069258625851944089e-04
7.006492321624085355e-44
1.021042226057033986e-05
2.467346843332052231e-03
5.147547344677150249e-04
7.006492321624085355e-44
2.824828494340181351e-03
7.006492321624085355e-44
2.277028979733586311e-03
2.370276488363742828e-02
7.006492321624085355e-44
2.565392060205340385e-03
7.006492321624085355e-44
7.006492321624085355e-44
3.566805971786379814e-03
1.420690957456827164e-02
1.391723752021789551e-03
2.146642364095896482e-04
2.072097913696779869e-06
7.006492321624085355e-44
1.230719931299972814e-06
3.377886605449020863e-04
1.346598262898623943e-03
1.948550192309994600e-07
8.069489267654716969e-04
1.893084845505654812e-03
