1.484742259979248047e+01
2.890787315368652344e+01
1.053345298767089844e+01
1.933458328247070312e+01
1.379897308349609375e+01
1.107565689086914062e+01
8.864849090576171875e+01
3.124134063720703125e+01
1.415174484252929688e+01
6.743637084960937500e+00
1.615980148315429688e+01
1.227317142486572266e+01
1.737781906127929688e+01
1.453500461578369141e+01
8.366228103637695312e+00
1.569285678863525391e+01
1.315074729919433594e+01
4.929026126861572266e+00
2.925699615478515625e+01
3.172445058822631836e+00
1.105524921417236328e+01
8.298579216003417969e+00
7.885975837707519531e+00
1.095468044281005859e+01
1.056988239288330078e+01
9.410433769226074219e+00
1.447012042999267578e+01
1.374862194061279297e+01
8.182987213134765625e+00
1.498359298706054688e+01
2.172647666931152344e+01
9.960283279418945312e+00
8.159326553344726562e+00
1.766427803039550781e+01
9.855102539062500000e+00
1.892060279846191406e+01
5.360325813293457031e+00
1.048871326446533203e+01
1.279420375823974609e+01
7.851019859313964844e+00
8.835506439208984375e+00
8.235176086425781250e+00
2.123704147338867188e+01
9.796073913574218750e+00
3.296253204345703125e+01
3.659949874877929688e+01
7.250785350799560547e+00
3.828904390335083008e+00
1.705970382690429688e+01
8.762019157409667969e+00
1.722318649291992188e+01
1.466518020629882812e+01
1.256204414367675781e+01
9.747600555419921875e+00
6.438307285308837891e+00
1.545252799987792969e+01
1.249309635162353516e+01
2.090377235412597656e+01
1.914778137207031250e+01
2.700310325622558594e+01
1.051222610473632812e+01
7.679342746734619141e+00
2.434580039978027344e+01
1.236663627624511719e+01
8.941707611083984375e+00
1.247694778442382812e+01
9.487408638000488281e+00
9.224111557006835938e+00
9.481329917907714844e+00
6.252129077911376953e+00
4.858257293701171875e+00
1.012903690338134766e+01
5.427689552307128906e+00
8.541583061218261719e+00
1.260633563995361328e+01
9.732061386108398438e+00
9.722577095031738281e+00
1.614779853820800781e+01
1.408544445037841797e+01
1.502070236206054688e+01
1.509807872772216797e+01
4.805844306945800781e+00
1.839927482604980469e+01
6.246995925903320312e+00
6.380431652069091797e+00
1.142626094818115234e+01
1.908768272399902344e+01
1.481657314300537109e+01
7.435022354125976562e+00
1.820505523681640625e+01
1.119149494171142578e+01
7.826188564300537109e+00
1.484706115722656250e+01
1.118651485443115234e+01
4.275828361511230469e+00
1.416004180908203125e+01
7.576597690582275391e+00
1.286315727233886719e+01
8.530159950256347656e+00
1.070730018615722656e+01
1.454689788818359375e+01
1.004620361328125000e+01
1.136379146575927734e+01
7.038102149963378906e+00
1.253907299041748047e+01
1.419466590881347656e+01
2.237499427795410156e+01
2.766035318374633789e+00
1.239905738830566406e+01
2.279343605041503906e+01
8.752446174621582031e+00
1.182245635986328125e+01
9.013238906860351562e+00
1.243398284912109375e+01
1.026402950286865234e+01
8.686639785766601562e+00
4.277083396911621094e+00
2.233793640136718750e+01
1.206946468353271484e+01
1.129576110839843750e+01
7.014708995819091797e+00
1.617671203613281250e+01
1.222461605072021484e+01
3.624720335006713867e+00
1.344118499755859375e+01
1.320653152465820312e+01
1.473193359375000000e+01
6.489315795898437500e+01
6.896422386169433594e+00
2.812986850738525391e+00
1.370457744598388672e+01
7.831874370574951172e+00
5.542965888977050781e+00
5.025769710540771484e+00
2.721817588806152344e+01
1.045984935760498047e+01
8.128037452697753906e+00
1.190749168395996094e+01
3.784197616577148438e+01
8.547400474548339844e+00
1.216309070587158203e+01
8.496313095092773438e+00
1.288757514953613281e+01
1.123729133605957031e+01
5.233475208282470703e+00
1.763129997253417969e+01
1.458715820312500000e+01
1.643226814270019531e+01
2.453683280944824219e+01
9.735834121704101562e+00
2.976853609085083008e+00
7.307132244110107422e+00
1.660093879699707031e+01
2.324574089050292969e+01
3.671845436096191406e+00
2.539519882202148438e+01
1.262974262237548828e+01
3.755156755447387695e+00
4.435801315307617188e+01
9.046143531799316406e+00
7.717250347137451172e+00
1.600638008117675781e+01
2.904109573364257812e+01
5.826254367828369141e+00
9.869835853576660156e+00
6.738451957702636719e+00
5.490121364593505859e+00
1.932792663574218750e+01
5.320170879364013672e+00
8.207595825195312500e+00
1.874814605712890625e+01
1.400197505950927734e+01
3.144191169738769531e+01
2.889317274093627930e+00
1.764870452880859375e+01
4.075826644897460938e+01
1.664214515686035156e+01
2.029184341430664062e+00
1.055808353424072266e+01
1.457174015045166016e+01
1.268858146667480469e+01
2.485082817077636719e+01
1.682936286926269531e+01
7.681595325469970703e+00
1.092104816436767578e+01
1.740179443359375000e+01
2.597908782958984375e+01
1.589078617095947266e+01
6.437563896179199219e+00
3.767043685913085938e+01
1.177347469329833984e+01
9.593320846557617188e+00
7.709396362304687500e+00
1.911238479614257812e+01
1.965722656250000000e+01
5.546585559844970703e+00
2.147795104980468750e+01
1.987460517883300781e+01
2.519674301147460938e+01
9.379254341125488281e+00
8.663678169250488281e+00
1.246304225921630859e+01
8.696537017822265625e+00
4.967115402221679688e+00
1.347399616241455078e+01
7.090299129486083984e+00
2.074435424804687500e+01
5.715116977691650391e+00
2.110541152954101562e+01
7.771339893341064453e+00
9.927648544311523438e+00
8.166225433349609375e+00
2.103226661682128906e+01
2.505628776550292969e+01
9.396544456481933594e+00
2.389984893798828125e+01
8.421168327331542969e+00
1.843214988708496094e+01
1.681815528869628906e+01
6.170917987823486328e+00
4.219017028808593750e+01
8.472992897033691406e+00
1.686585235595703125e+01
1.594471740722656250e+01
7.422661781311035156e+00
9.983922958374023438e+00
8.386290550231933594e+00
1.243975162506103516e+01
1.946936225891113281e+01
5.645874023437500000e+00
5.229467391967773438e+00
2.024170303344726562e+01
5.345452308654785156e+00
1.068309783935546875e+01
5.901360511779785156e+00
1.917121887207031250e+01
1.313235759735107422e+01
8.410982513427734375e+01
6.845861911773681641e+00
1.098091125488281250e+01
1.535897350311279297e+01
1.177997398376464844e+01
2.216189765930175781e+01
1.128559017181396484e+01
1.195131969451904297e+01
8.635446548461914062e+00
8.403165817260742188e+00
4.916611194610595703e+00
3.993909358978271484e+00
8.801753044128417969e+00
9.900455474853515625e+00
7.203483104705810547e+00
1.352480983734130859e+01
6.889308166503906250e+01
1.239867019653320312e+01
6.360780239105224609e+00
