1.162598729133605957e+00
1.037631630897521973e+00
2.509183645248413086e+00
1.288793921470642090e+00
9.869206547737121582e-01
5.889221429824829102e-01
1.865078806877136230e+00
2.042626142501831055e+00
1.095458269119262695e+00
1.686975359916687012e-01
7.368980050086975098e-01
1.704776525497436523e+00
6.835335493087768555e-01
2.293754577636718750e+00
1.225574731826782227e+00
2.902359485626220703e+00
8.861046433448791504e-01
3.656502246856689453e+00
1.433071970939636230e+00
1.243830680847167969e+00
1.355240464210510254e+00
1.957530975341796875e+00
1.728093266487121582e+00
1.288501381874084473e+00
9.574096798896789551e-01
9.295798540115356445e-01
6.631013154983520508e-01
2.642037630081176758e+00
1.495038270950317383e+00
1.207578301429748535e+00
9.546240568161010742e-01
1.163874626159667969e+00
4.474940299987792969e-01
4.942166805267333984e+00
9.747429490089416504e-01
2.467928886413574219e+00
1.256698966026306152e+00
1.035806655883789062e+00
1.250552177429199219e+00
1.090780138969421387e+00
1.532942891120910645e+00
1.273113489151000977e+00
8.588637113571166992e-01
1.502835750579833984e+00
6.369742155075073242e-01
1.791337966918945312e+00
1.165460944175720215e+00
1.281719088554382324e+00
7.680324316024780273e-01
1.921568989753723145e+00
6.684868931770324707e-01
1.599269986152648926e+00
4.518423557281494141e+00
1.168340921401977539e+00
1.614549279212951660e+00
1.709592938423156738e+00
1.318686366081237793e+00
9.378713965415954590e-01
8.380731344223022461e-01
8.993926048278808594e-01
7.042781710624694824e-01
6.925718188285827637e-01
1.002171993255615234e+00
8.482910394668579102e-01
9.442210197448730469e-01
1.567570924758911133e+00
8.236588239669799805e-01
1.169502973556518555e+00
1.293670177459716797e+00
6.085317134857177734e-01
1.072377562522888184e+00
2.158907651901245117e+00
9.164899587631225586e-01
8.794108629226684570e-01
8.764427304267883301e-01
1.627409100532531738e+00
3.024412155151367188e+00
1.275850415229797363e+00
1.778868556022644043e+00
7.611092329025268555e-01
8.207987546920776367e-01
9.321907162666320801e-01
2.534272432327270508e+00
1.131602883338928223e+00
1.035295009613037109e+00
1.939778685569763184e+00
1.130547642707824707e+00
7.809200882911682129e-01
1.803194165229797363e+00
8.950678110122680664e-01
9.730815887451171875e-01
1.376328110694885254e+00
9.794859886169433594e-01
1.000465393066406250e+00
8.190747499465942383e-01
3.542786359786987305e+00
5.677077174186706543e-01
2.663436651229858398e+00
7.113575339317321777e-01
1.806825518608093262e+00
4.329931735992431641e+00
1.414638638496398926e+00
1.458625078201293945e+00
3.873429775238037109e+00
2.793629407882690430e+00
1.109793186187744141e+00
5.480012297630310059e-01
1.734838724136352539e+00
2.169662714004516602e+00
1.016351938247680664e+00
1.441820025444030762e+00
1.604099035263061523e+00
9.376842975616455078e-01
3.230679988861083984e+00
1.964212894439697266e+00
1.007897019386291504e+00
1.418764591217041016e+00
6.361757755279541016e+00
2.617746829986572266e+00
1.544346213340759277e+00
2.122846603393554688e+00
1.257529258728027344e+00
2.206462621688842773e+00
6.391696929931640625e-01
8.572832942008972168e-01
9.450797438621520996e-01
9.605771899223327637e-01
6.462047696113586426e-01
