8.855147957801818848e-01
9.408267736434936523e-01
9.540114998817443848e-01
1.151930332183837891e+00
9.979978799819946289e-01
8.809522390365600586e-01
1.079795122146606445e+00
1.120279908180236816e+00
1.045052886009216309e+00
7.598812580108642578e-01
7.969315648078918457e-01
1.246585965156555176e+00
1.206933856010437012e+00
1.196439623832702637e+00
1.047006011009216309e+00
1.238103985786437988e+00
1.079404592514038086e+00
1.054090380668640137e+00
9.889804720878601074e-01
1.013501048088073730e+00
9.353100061416625977e-01
9.469578862190246582e-01
1.012778639793395996e+00
1.108507871627807617e+00
9.233632683753967285e-01
7.455093860626220703e-01
1.186125516891479492e+00
8.749933242797851562e-01
9.940492510795593262e-01
1.021709322929382324e+00
8.867507576942443848e-01
8.859106302261352539e-01
9.541114568710327148e-01
9.308900833129882812e-01
9.633103013038635254e-01
1.053562760353088379e+00
1.215412259101867676e+00
1.013779401779174805e+00
1.056568384170532227e+00
1.140807271003723145e+00
8.502250313758850098e-01
1.040871858596801758e+00
9.106491804122924805e-01
8.030664920806884766e-01
1.003327846527099609e+00
1.193336367607116699e+00
8.794615268707275391e-01
1.435918331146240234e+00
9.989749193191528320e-01
1.132177472114562988e+00
8.688448071479797363e-01
1.013775587081909180e+00
9.328799843788146973e-01
8.629935383796691895e-01
1.072676301002502441e+00
9.949741959571838379e-01
9.180362820625305176e-01
1.011811256408691406e+00
9.762067198753356934e-01
8.834368586540222168e-01
8.366658687591552734e-01
8.353447318077087402e-01
8.508526682853698730e-01
1.029390931129455566e+00
7.230615615844726562e-01
1.111739754676818848e+00
9.264179468154907227e-01
1.066106915473937988e+00
8.989199399948120117e-01
9.386097192764282227e-01
8.955516815185546875e-01
1.112268209457397461e+00
9.685395359992980957e-01
1.006751656532287598e+00
8.641806840896606445e-01
6.278288960456848145e-01
9.273285269737243652e-01
1.231734752655029297e+00
1.039530396461486816e+00
9.036034345626831055e-01
9.631365537643432617e-01
9.836394190788269043e-01
1.188369274139404297e+00
9.643896222114562988e-01
1.096107840538024902e+00
9.321944117546081543e-01
1.008651256561279297e+00
1.001230359077453613e+00
1.021321654319763184e+00
9.122433662414550781e-01
9.750304818153381348e-01
9.820530414581298828e-01
9.269425868988037109e-01
9.896217584609985352e-01
9.505731463432312012e-01
9.065881967544555664e-01
8.610457777976989746e-01
1.012250781059265137e+00
1.085660338401794434e+00
7.932335734367370605e-01
1.038715362548828125e+00
8.794094324111938477e-01
8.317222595214843750e-01
8.980370759963989258e-01
9.389033913612365723e-01
1.087384343147277832e+00
1.050774097442626953e+00
9.606262445449829102e-01
9.463705420494079590e-01
1.137891054153442383e+00
1.135564327239990234e+00
1.165300726890563965e+00
1.069791555404663086e+00
9.698796272277832031e-01
1.189368128776550293e+00
9.801484346389770508e-01
7.985499501228332520e-01
7.991846799850463867e-01
8.342653512954711914e-01
8.813266754150390625e-01
7.944492697715759277e-01
9.062650799751281738e-01
7.813616394996643066e-01
9.507736563682556152e-01
1.076895356178283691e+00
1.254735112190246582e+00
8.389160037040710449e-01
8.277133703231811523e-01
