5.041005089879035950e-03
-1.621677540242671967e-03
1.036510169506072998e-01
4.722129553556442261e-03
1.904807835817337036e-01
1.303046494722366333e-01
1.153796762228012085e-01
2.897753417491912842e-01
-1.792623102664947510e-01
2.803409397602081299e-01
-1.962502021342515945e-03
2.459441125392913818e-02
6.727837771177291870e-02
2.215497940778732300e-01
1.255389750003814697e-01
1.313458830118179321e-01
7.019479293376207352e-03
9.346987307071685791e-02
1.793688535690307617e-01
1.087197524611838162e-04
3.069967925548553467e-01
2.285702712833881378e-02
6.027273484505712986e-04
-8.092434727586805820e-04
-2.414639806374907494e-03
4.794297274202108383e-03
-3.512706607580184937e-04
8.389297872781753540e-02
1.908441931009292603e-01
2.002350240945816040e-02
2.275594323873519897e-02
1.393703073263168335e-01
1.266417205333709717e-01
1.524957269430160522e-01
8.877157815732061863e-04
4.338049795478582382e-03
1.807569712400436401e-01
2.695902995765209198e-02
1.092652510851621628e-02
1.386784911155700684e-01
5.750613752752542496e-03
9.856595098972320557e-02
1.074187755584716797e-01
3.601591568440198898e-03
8.857893198728561401e-02
1.012732274830341339e-03
1.156290918588638306e-01
2.212065011262893677e-01
1.370174288749694824e-01
1.334618628025054932e-01
-1.125895883888006210e-03
2.980994468089193106e-04
2.057389914989471436e-01
2.075528353452682495e-01
9.431439638137817383e-02
2.486001513898372650e-02
-9.094569832086563110e-03
-2.071355003863573074e-03
3.050454834010452032e-04
4.756111279129981995e-02
1.173855885863304138e-01
7.210628129541873932e-03
1.189952716231346130e-01
9.570291638374328613e-02
