7.006492321624085355e-44
5.599308403749104052e-41
1.109335124492645264e-01
7.006492321624085355e-44
4.806347191333770752e-02
7.006492321624085355e-44
6.529983133077621460e-02
5.521408468484878540e-02
7.006492321624085355e-44
1.644312962889671326e-02
7.006492321624085355e-44
6.469936342909932137e-04
1.335252821445465088e-01
1.041671335697174072e-01
1.309964358806610107e-01
1.156698539853096008e-01
7.006492321624085355e-44
8.024667389690876007e-03
1.273270603269338608e-02
7.006492321624085355e-44
4.198852926492691040e-02
1.403474598191678524e-04
7.006492321624085355e-44
7.006492321624085355e-44
7.006492321624085355e-44
7.006492321624085355e-44
7.006492321624085355e-44
3.004485042765736580e-03
7.956882566213607788e-02
1.608486520126461983e-03
3.694338956847786903e-03
1.212779879570007324e-01
6.548039615154266357e-02
6.959440708160400391e-01
7.006492321624085355e-44
7.006492321624085355e-44
1.728961467742919922e-01
3.296626091469079256e-04
2.823440590873360634e-03
7.006492321624085355e-44
2.735130256041884422e-04
1.175655126571655273e-01
4.961794707924127579e-03
7.006492321624085355e-44
6.010968610644340515e-02
7.006492321624085355e-44
1.060987040400505066e-01
1.223227605223655701e-01
7.006492321624085355e-44
8.345419913530349731e-02
7.006492321624085355e-44
7.006492321624085355e-44
1.490131206810474396e-02
8.970192819833755493e-02
9.607530198991298676e-03
2.408952685073018074e-03
1.666501702857203782e-05
7.006492321624085355e-44
2.308060174982529134e-05
2.549617784097790718e-03
1.221904065459966660e-02
4.171140517428284511e-06
4.271448124200105667e-03
7.613647729158401489e-02
