5.032083392143249512e-01
4.606853425502777100e-01
5.447048544883728027e-01
4.651853442192077637e-01
5.043382048606872559e-01
4.392385482788085938e-01
4.813617169857025146e-01
3.684355616569519043e-01
4.178422987461090088e-01
4.240146875381469727e-01
4.231444895267486572e-01
4.329959750175476074e-01
5.626913309097290039e-01
4.041964411735534668e-01
5.024893879890441895e-01
4.245278537273406982e-01
4.742884635925292969e-01
4.965870082378387451e-01
3.473049104213714600e-01
4.847754538059234619e-01
4.059772193431854248e-01
4.702126383781433105e-01
5.243224501609802246e-01
4.868950247764587402e-01
4.729882776737213135e-01
5.108394026756286621e-01
5.188831090927124023e-01
4.570509493350982666e-01
4.582883119583129883e-01
3.961442708969116211e-01
4.603081047534942627e-01
5.239915847778320312e-01
4.256903827190399170e-01
4.103214442729949951e-01
4.202027916908264160e-01
4.738758504390716553e-01
3.705448508262634277e-01
4.633788466453552246e-01
4.236396253108978271e-01
5.270825028419494629e-01
4.272154271602630615e-01
4.827089607715606689e-01
4.819249212741851807e-01
4.591927528381347656e-01
5.112094283103942871e-01
5.269461274147033691e-01
4.266105890274047852e-01
4.543764293193817139e-01
4.287748932838439941e-01
4.592992365360260010e-01
4.370843470096588135e-01
4.503688216209411621e-01
5.340753197669982910e-01
4.104915261268615723e-01
4.769444167613983154e-01
4.719975888729095459e-01
5.400595664978027344e-01
4.439965784549713135e-01
3.467133343219757080e-01
4.748686850070953369e-01
5.579761266708374023e-01
4.462896883487701416e-01
4.577583074569702148e-01
4.853949844837188721e-01
4.270284473896026611e-01
4.897640943527221680e-01
4.840588271617889404e-01
3.236707150936126709e-01
4.230668246746063232e-01
4.166504740715026855e-01
4.327235817909240723e-01
4.822480976581573486e-01
4.608230888843536377e-01
4.338081777095794678e-01
3.968362510204315186e-01
4.521104097366333008e-01
4.119409620761871338e-01
4.020766913890838623e-01
4.968985319137573242e-01
4.202919304370880127e-01
3.612505793571472168e-01
4.238229990005493164e-01
5.212825536727905273e-01
3.901510238647460938e-01
4.359599649906158447e-01
4.451785087585449219e-01
4.849764406681060791e-01
5.360228419303894043e-01
4.480053782463073730e-01
5.735299587249755859e-01
4.879903495311737061e-01
4.362504780292510986e-01
5.783202648162841797e-01
4.877301752567291260e-01
4.728856980800628662e-01
4.902393519878387451e-01
4.516839087009429932e-01
4.090012907981872559e-01
5.326721072196960449e-01
4.058124125003814697e-01
4.484061598777770996e-01
4.466862380504608154e-01
4.866609871387481689e-01
5.703558921813964844e-01
5.011505484580993652e-01
4.158871471881866455e-01
4.265603721141815186e-01
5.401375889778137207e-01
3.539375364780426025e-01
4.121094048023223877e-01
4.551361799240112305e-01
4.961827397346496582e-01
4.598632752895355225e-01
4.377460777759552002e-01
4.650051295757293701e-01
4.595004618167877197e-01
4.869115650653839111e-01
4.963135421276092529e-01
4.267325699329376221e-01
4.204439818859100342e-01
4.667842388153076172e-01
5.601421594619750977e-01
4.716124236583709717e-01
3.752679526805877686e-01
5.164463520050048828e-01
4.657869040966033936e-01
4.469174146652221680e-01
4.696842432022094727e-01
4.293816983699798584e-01
4.665011763572692871e-01
4.156388044357299805e-01
4.665102958679199219e-01
3.982068002223968506e-01
3.840574622154235840e-01
4.686421453952789307e-01
5.142298936843872070e-01
4.792691767215728760e-01
4.582089185714721680e-01
5.283730626106262207e-01
4.113309979438781738e-01
3.328544497489929199e-01
4.180109798908233643e-01
5.074973106384277344e-01
4.624492526054382324e-01
4.219307601451873779e-01
4.738574624061584473e-01
4.300536811351776123e-01
4.925865828990936279e-01
5.161002278327941895e-01
4.875436425209045410e-01
5.057988762855529785e-01
4.299235939979553223e-01
4.328980743885040283e-01
4.592233896255493164e-01
3.801732361316680908e-01
4.140059053897857666e-01
4.279157817363739014e-01
4.814488291740417480e-01
3.970543146133422852e-01
4.838081300258636475e-01
4.192315340042114258e-01
4.784461259841918945e-01
4.898914098739624023e-01
4.560696482658386230e-01
4.578514099121093750e-01
4.918422102928161621e-01
5.383689403533935547e-01
5.199454426765441895e-01
3.670265376567840576e-01
4.882535636425018311e-01
4.145751297473907471e-01
5.149509310722351074e-01
4.401927888393402100e-01
3.862681090831756592e-01
4.840308129787445068e-01
4.993756413459777832e-01
4.733912050724029541e-01
4.850521087646484375e-01
4.319710433483123779e-01
5.269844532012939453e-01
4.040073156356811523e-01
4.075972437858581543e-01
4.668033421039581299e-01
4.963993132114410400e-01
5.002629756927490234e-01
3.491060435771942139e-01
4.187621474266052246e-01
5.350953936576843262e-01
5.206070542335510254e-01
4.912321567535400391e-01
4.618062973022460938e-01
4.541343748569488525e-01
4.600707888603210449e-01
5.108577609062194824e-01
4.227564930915832520e-01
2.932893633842468262e-01
4.242280721664428711e-01
4.626036286354064941e-01
4.506576955318450928e-01
5.277821421623229980e-01
5.149362683296203613e-01
4.820318520069122314e-01
3.943495452404022217e-01
4.925009310245513916e-01
4.587075412273406982e-01
4.871166348457336426e-01
4.450573921203613281e-01
3.668882548809051514e-01
4.240740835666656494e-01
4.557042419910430908e-01
4.813510477542877197e-01
5.273479819297790527e-01
4.606102406978607178e-01
4.293217062950134277e-01
5.386511087417602539e-01
5.265275835990905762e-01
4.250208735466003418e-01
4.737063348293304443e-01
4.841825664043426514e-01
4.102196991443634033e-01
5.335354208946228027e-01
5.425180196762084961e-01
5.167237520217895508e-01
4.951083362102508545e-01
4.911552071571350098e-01
3.779712617397308350e-01
4.204178154468536377e-01
4.821189641952514648e-01
4.265563189983367920e-01
5.240929126739501953e-01
4.521673917770385742e-01
4.725646376609802246e-01
5.206272602081298828e-01
3.633805513381958008e-01
4.824467599391937256e-01
5.317937731742858887e-01
4.776925146579742432e-01
4.556795954704284668e-01
3.719525635242462158e-01
4.857237637042999268e-01
3.320958316326141357e-01
4.590104222297668457e-01
4.329392313957214355e-01
4.325169026851654053e-01
4.487182199954986572e-01
4.522128403186798096e-01
4.039725959300994873e-01
4.267715513706207275e-01
4.516549110412597656e-01
4.811568260192871094e-01
4.526218473911285400e-01
4.317251741886138916e-01
4.529703259468078613e-01
5.225500464439392090e-01
4.862829744815826416e-01
4.475816786289215088e-01
4.604484736919403076e-01
4.092675447463989258e-01
3.765041530132293701e-01
5.588323473930358887e-01
4.286258220672607422e-01
4.858624041080474854e-01
4.631530642509460449e-01
4.239294826984405518e-01
4.075702726840972900e-01
4.998719692230224609e-01
4.637999534606933594e-01
4.338898658752441406e-01
4.980061352252960205e-01
5.748448371887207031e-01
4.625355899333953857e-01
4.425504505634307861e-01
4.026093780994415283e-01
4.438645541667938232e-01
4.568226933479309082e-01
4.957178831100463867e-01
4.241851866245269775e-01
4.454347789287567139e-01
4.422837495803833008e-01
4.500728845596313477e-01
4.256007671356201172e-01
4.892730414867401123e-01
3.728953301906585693e-01
4.556993544101715088e-01
5.744139552116394043e-01
4.694177508354187012e-01
4.534622430801391602e-01
4.331565201282501221e-01
4.271315038204193115e-01
4.217863380908966064e-01
4.659295678138732910e-01
4.207068681716918945e-01
4.624529182910919189e-01
3.705853223800659180e-01
5.313684344291687012e-01
4.015058875083923340e-01
4.661211073398590088e-01
5.043045282363891602e-01
4.864099025726318359e-01
4.616278409957885742e-01
4.848338067531585693e-01
4.418303966522216797e-01
4.408826828002929688e-01
5.791042447090148926e-01
4.558006525039672852e-01
4.532609283924102783e-01
4.306920468807220459e-01
5.080605745315551758e-01
4.707248806953430176e-01
4.249449074268341064e-01
4.828225970268249512e-01
5.496799349784851074e-01
4.560973644256591797e-01
4.315698742866516113e-01
4.390978217124938965e-01
5.271514654159545898e-01
5.255458354949951172e-01
4.464435577392578125e-01
5.322254896163940430e-01
4.497029781341552734e-01
5.334842801094055176e-01
4.586594700813293457e-01
3.837719559669494629e-01
4.447877705097198486e-01
4.472001194953918457e-01
5.165932178497314453e-01
4.618187546730041504e-01
5.028978586196899414e-01
4.265352189540863037e-01
5.056998729705810547e-01
4.929128587245941162e-01
4.533161222934722900e-01
4.231945574283599854e-01
4.441692531108856201e-01
4.398613274097442627e-01
4.553236961364746094e-01
4.191485643386840820e-01
4.939139783382415771e-01
4.800492227077484131e-01
4.886806905269622803e-01
3.712404072284698486e-01
5.126900076866149902e-01
4.836821556091308594e-01
5.048287510871887207e-01
5.205184221267700195e-01
5.080410242080688477e-01
4.312504231929779053e-01
3.740181326866149902e-01
4.633496701717376709e-01
5.712928175926208496e-01
5.046955943107604980e-01
5.032804012298583984e-01
4.464794397354125977e-01
5.296519994735717773e-01
5.159422755241394043e-01
5.152217149734497070e-01
4.477357268333435059e-01
4.539419412612915039e-01
4.391709566116333008e-01
4.610310196876525879e-01
4.901310205459594727e-01
4.710813760757446289e-01
5.489777922630310059e-01
4.711754322052001953e-01
4.514287710189819336e-01
4.636210203170776367e-01
4.297879636287689209e-01
4.177503585815429688e-01
3.808524608612060547e-01
4.801737964153289795e-01
4.442676305770874023e-01
4.508915245532989502e-01
3.317621052265167236e-01
4.732127487659454346e-01
4.751332998275756836e-01
4.951144456863403320e-01
3.666554391384124756e-01
4.075474143028259277e-01
4.641299247741699219e-01
4.650437831878662109e-01
3.872891068458557129e-01
4.480474591255187988e-01
4.574356973171234131e-01
4.502590596675872803e-01
4.223651289939880371e-01
4.994480013847351074e-01
4.839375317096710205e-01
4.400409460067749023e-01
4.967491626739501953e-01
4.681453406810760498e-01
4.873997569084167480e-01
5.040646791458129883e-01
4.040281474590301514e-01
4.015125036239624023e-01
3.899210989475250244e-01
4.416505694389343262e-01
4.668131470680236816e-01
4.540089666843414307e-01
4.855797290802001953e-01
4.998896718025207520e-01
4.261867403984069824e-01
4.350378513336181641e-01
4.602037668228149414e-01
4.710227847099304199e-01
5.073766708374023438e-01
3.814614117145538330e-01
4.221342802047729492e-01
5.777465701103210449e-01
4.834420382976531982e-01
4.005866050720214844e-01
4.274336397647857666e-01
5.147989988327026367e-01
4.741339087486267090e-01
4.315105676651000977e-01
4.633756577968597412e-01
4.335489571094512939e-01
4.425469338893890381e-01
4.530633985996246338e-01
4.170800447463989258e-01
4.498224556446075439e-01
5.747709870338439941e-01
4.041081666946411133e-01
4.693614542484283447e-01
4.763956665992736816e-01
4.136850833892822266e-01
3.992128372192382812e-01
4.460732340812683105e-01
3.916270136833190918e-01
5.087800621986389160e-01
4.831357598304748535e-01
5.316135883331298828e-01
4.878837168216705322e-01
4.391209185123443604e-01
4.611207842826843262e-01
5.051640272140502930e-01
4.748546481132507324e-01
4.769129157066345215e-01
4.251112639904022217e-01
3.987304270267486572e-01
4.533085227012634277e-01
4.650213718414306641e-01
4.695057272911071777e-01
4.892376661300659180e-01
4.580088555812835693e-01
5.236933827400207520e-01
5.272003412246704102e-01
4.850783050060272217e-01
4.812729060649871826e-01
3.996212184429168701e-01
4.518495202064514160e-01
4.898076057434082031e-01
4.677135348320007324e-01
4.143024086952209473e-01
4.812022745609283447e-01
4.700325131416320801e-01
3.521482050418853760e-01
4.943223297595977783e-01
4.578779637813568115e-01
3.790409266948699951e-01
4.593254625797271729e-01
4.920260012149810791e-01
4.617834091186523438e-01
4.836181402206420898e-01
4.252537786960601807e-01
4.208830893039703369e-01
4.186022579669952393e-01
4.209532141685485840e-01
5.139989852905273438e-01
4.737201333045959473e-01
4.458414614200592041e-01
3.983864486217498779e-01
4.503058195114135742e-01
4.395468235015869141e-01
4.464875757694244385e-01
4.471743106842041016e-01
4.306334853172302246e-01
4.808858036994934082e-01
4.648916125297546387e-01
4.056073129177093506e-01
4.572594165802001953e-01
4.387507438659667969e-01
4.562712609767913818e-01
4.723376631736755371e-01
4.850228130817413330e-01
4.947727620601654053e-01
3.690351843833923340e-01
4.708403944969177246e-01
4.505344927310943604e-01
4.224151968955993652e-01
4.204770028591156006e-01
4.789222776889801025e-01
4.696084558963775635e-01
5.209230780601501465e-01
4.470042586326599121e-01
5.020468831062316895e-01
4.170386195182800293e-01
3.006384670734405518e-01
4.486574828624725342e-01
3.719115257263183594e-01
4.593453705310821533e-01
4.480025768280029297e-01
4.149039685726165771e-01
3.904779851436614990e-01
5.030719637870788574e-01
3.798409700393676758e-01
4.854007363319396973e-01
4.486779570579528809e-01
3.405734598636627197e-01
4.782993197441101074e-01
4.341752529144287109e-01
5.168660283088684082e-01
4.513792991638183594e-01
