-1.392277330160140991e-01
-5.195545554161071777e-01
-2.098012268543243408e-01
-1.838683485984802246e-01
-1.014333367347717285e-01
-2.641862034797668457e-01
-6.243982315063476562e-01
-3.202752470970153809e-01
-2.221718579530715942e-01
-1.978696137666702271e-01
-1.117814034223556519e-01
-1.390174329280853271e-01
-5.893529057502746582e-01
-2.486049979925155640e-01
-2.433090507984161377e-01
-1.826855391263961792e-01
-3.324556946754455566e-01
-2.328747361898422241e-01
-6.635766625404357910e-01
-1.552392989397048950e-01
-7.861398160457611084e-02
-4.656626582145690918e-01
-2.119073122739791870e-01
-2.540087699890136719e-01
-3.488657474517822266e-01
-1.239154115319252014e-01
-1.908649802207946777e-01
-4.806102812290191650e-01
-3.204945921897888184e-01
-3.316184580326080322e-01
-3.143072128295898438e-01
-3.877918124198913574e-01
-1.797398030757904053e-01
-1.974733918905258179e-01
-6.292909383773803711e-01
-5.548105835914611816e-01
-4.253764450550079346e-01
-3.579749763011932373e-01
-2.886294126510620117e-01
-2.738033533096313477e-01
-4.495644569396972656e-01
6.144767999649047852e-02
4.433765716385096312e-04
-5.576670914888381958e-02
-3.405815660953521729e-01
-6.505116075277328491e-02
-2.869819402694702148e-01
-2.527809143066406250e-01
-3.371294140815734863e-01
-1.347507238388061523e-01
-5.743125677108764648e-01
-2.382007986307144165e-01
-2.976267039775848389e-01
-4.080513864755630493e-02
1.101516187191009521e-03
-2.922843396663665771e-01
-7.448866218328475952e-02
-2.363669872283935547e-01
-3.274055123329162598e-01
-3.046557009220123291e-01
-1.182331666350364685e-01
-2.993553876876831055e-01
-2.769241929054260254e-01
-4.112096130847930908e-02
-1.996469348669052124e-01
-2.261097729206085205e-01
-2.103140354156494141e-01
-3.620276451110839844e-01
-2.013183087110519409e-01
-2.345883548259735107e-01
-2.779574990272521973e-01
-5.596284568309783936e-02
-3.436568975448608398e-01
-2.124517709016799927e-01
-3.044664263725280762e-01
-1.394257396459579468e-01
-1.982161700725555420e-01
-2.754947841167449951e-01
-2.199916243553161621e-01
-1.409156471490859985e-01
-2.921525835990905762e-01
-2.211906909942626953e-01
-8.016740679740905762e-01
-1.266370415687561035e-01
-2.769431769847869873e-01
-4.772879779338836670e-01
-1.632916778326034546e-01
-2.356737256050109863e-01
-3.977060019969940186e-01
-1.841385811567306519e-01
-2.675123512744903564e-01
6.527633965015411377e-02
-1.596234887838363647e-01
-2.604669034481048584e-01
-3.296045660972595215e-01
-4.248463809490203857e-01
-2.219593375921249390e-01
-3.076459169387817383e-01
-3.060850799083709717e-01
-2.952294349670410156e-01
-6.414745450019836426e-01
-3.496518135070800781e-01
-1.429872214794158936e-01
-3.117345273494720459e-01
-3.755380213260650635e-01
-4.758098423480987549e-01
-2.054907381534576416e-01
-3.125202655792236328e-01
-1.205363795161247253e-01
-3.496639728546142578e-01
-2.565721571445465088e-01
-4.386940300464630127e-01
-1.731944233179092407e-01
4.280405938625335693e-01
-4.035205841064453125e-01
-3.833138942718505859e-01
-2.989197671413421631e-01
-3.891040682792663574e-01
-3.790274634957313538e-02
-2.344031631946563721e-01
-5.218562483787536621e-02
-3.249838352203369141e-01
-1.678960174322128296e-01
-1.614219546318054199e-01
-3.521249890327453613e-01
-2.427365630865097046e-01
-4.086564779281616211e-01
-6.349326372146606445e-01
-3.399379551410675049e-01
-2.844701111316680908e-01
-6.887596100568771362e-02
-1.544918864965438843e-01
-5.349475145339965820e-01
-1.646542400121688843e-01
-3.204016685485839844e-01
-3.112029433250427246e-01
-3.529858887195587158e-01
-2.354468852281570435e-01
-8.516808599233627319e-02
-1.154379695653915405e-01
-4.862177073955535889e-01
-2.824305891990661621e-01
-3.312980383634567261e-02
-3.778656721115112305e-01
-4.954008385539054871e-02
-4.131163060665130615e-01
-3.478668257594108582e-02
-3.120934963226318359e-01
-5.033615231513977051e-01
-4.749404788017272949e-01
-2.895790636539459229e-01
-2.469630688428878784e-01
-6.055397540330886841e-02
-7.783961296081542969e-02
-3.281826972961425781e-01
-3.007274568080902100e-01
-5.750085413455963135e-02
-1.853559911251068115e-01
-3.805000782012939453e-01
-3.562878668308258057e-01
-3.083838224411010742e-01
-4.105560183525085449e-01
-3.549384772777557373e-01
-1.713803112506866455e-01
-2.663710117340087891e-01
-9.806121885776519775e-02
-3.199817836284637451e-01
1.526728551834821701e-02
-4.061914682388305664e-01
-3.200264871120452881e-01
-6.051716208457946777e-01
-9.427812695503234863e-02
-3.700205385684967041e-01
-3.613170385360717773e-01
-1.314291507005691528e-01
-7.544274330139160156e-01
-2.138988524675369263e-01
-9.625904262065887451e-02
-1.012061014771461487e-01
-1.234672591090202332e-01
-3.859234452247619629e-01
-3.675134181976318359e-01
-1.902293562889099121e-01
-1.405000537633895874e-01
-4.078928232192993164e-01
-4.554019495844841003e-02
-2.022228538990020752e-01
-4.073487222194671631e-01
-9.648969769477844238e-02
-4.132370650768280029e-01
-2.712627649307250977e-01
9.041658043861389160e-02
-3.501030504703521729e-01
-3.869288563728332520e-01
-3.107496798038482666e-01
-3.631800115108489990e-01
1.180187246063724160e-04
-4.667946994304656982e-01
-4.641767442226409912e-01
-1.549279838800430298e-01
1.902882382273674011e-02
-1.346327513456344604e-01
-3.464531004428863525e-01
-3.117894232273101807e-01
-2.265130877494812012e-01
-3.685716986656188965e-01
-6.575257983058691025e-03
-2.705375552177429199e-01
-3.573356568813323975e-01
-1.179548352956771851e-01
-2.022252976894378662e-01
-1.205308437347412109e-01
-2.676897048950195312e-01
-6.434933543205261230e-01
-1.074094558134675026e-03
-3.277033567428588867e-01
-1.303524672985076904e-01
-3.625302016735076904e-01
-2.278791517019271851e-01
-3.241698741912841797e-01
-5.546717643737792969e-01
-4.297412335872650146e-01
-3.592398762702941895e-01
-3.147328495979309082e-01
-2.417141199111938477e-01
-2.181537449359893799e-01
-1.250159740447998047e-01
-3.101887106895446777e-01
-1.458739638328552246e-01
-4.036979675292968750e-01
-1.348033845424652100e-01
-2.988355457782745361e-01
-1.464562118053436279e-01
-3.726217448711395264e-01
-1.756510734558105469e-01
-2.769924402236938477e-01
-5.164506658911705017e-02
-6.935903429985046387e-01
-2.332626432180404663e-01
-2.163357883691787720e-01
-4.200803488492965698e-02
-9.343755245208740234e-02
-3.870006501674652100e-01
-3.651356101036071777e-01
-2.882968187332153320e-01
-1.255640089511871338e-01
7.798583805561065674e-02
-2.290431559085845947e-01
-3.445092737674713135e-01
-1.851085126399993896e-01
-4.672839343547821045e-01
-2.708306312561035156e-01
-3.835854232311248779e-01
-4.280538260936737061e-01
-2.360371500253677368e-01
-1.974297761917114258e-01
