1.036292195320129395e+00
9.053001403808593750e-01
1.188658833503723145e+00
1.132055521011352539e+00
9.923040866851806641e-01
9.142203927040100098e-01
1.079904317855834961e+00
1.010978579521179199e+00
9.374141097068786621e-01
7.700919508934020996e-01
9.746680259704589844e-01
1.094787716865539551e+00
9.076289534568786621e-01
1.118997573852539062e+00
9.998888373374938965e-01
1.175209164619445801e+00
1.054641127586364746e+00
1.004849791526794434e+00
1.104612946510314941e+00
1.061977386474609375e+00
1.017116189002990723e+00
1.085634589195251465e+00
1.001041054725646973e+00
1.007568836212158203e+00
9.992319941520690918e-01
9.663597345352172852e-01
9.112439751625061035e-01
1.176229596138000488e+00
1.060991883277893066e+00
9.656687974929809570e-01
9.188211560249328613e-01
9.543701410293579102e-01
7.469803690910339355e-01
1.239654660224914551e+00
9.392707943916320801e-01
1.088655352592468262e+00
9.725287556648254395e-01
9.112257957458496094e-01
1.074124932289123535e+00
9.126380681991577148e-01
9.804698228836059570e-01
8.971547484397888184e-01
9.861474037170410156e-01
1.075670003890991211e+00
9.563692212104797363e-01
1.009703397750854492e+00
9.218518137931823730e-01
1.043981075286865234e+00
1.012299537658691406e+00
1.096678376197814941e+00
9.762173891067504883e-01
9.754692316055297852e-01
1.157099008560180664e+00
1.008890509605407715e+00
1.101575374603271484e+00
9.884341955184936523e-01
1.031520247459411621e+00
8.996171951293945312e-01
9.911020994186401367e-01
9.878640174865722656e-01
8.451101779937744141e-01
9.581040740013122559e-01
1.005405545234680176e+00
9.619988799095153809e-01
1.008918285369873047e+00
1.073024868965148926e+00
1.005001068115234375e+00
9.087907075881958008e-01
9.884120821952819824e-01
1.259025335311889648e+00
9.645317792892456055e-01
1.098798394203186035e+00
9.467955827713012695e-01
9.928632378578186035e-01
1.011793136596679688e+00
1.057056546211242676e+00
1.143476963043212891e+00
9.761123061180114746e-01
1.058926939964294434e+00
8.728516697883605957e-01
1.041017413139343262e+00
9.401050209999084473e-01
1.088586807250976562e+00
1.061828136444091797e+00
9.877576231956481934e-01
1.077866911888122559e+00
1.019465327262878418e+00
8.561800122261047363e-01
1.043481826782226562e+00
9.570446014404296875e-01
9.961152076721191406e-01
9.447098970413208008e-01
9.233667254447937012e-01
9.520867466926574707e-01
9.305278658866882324e-01
1.169351100921630859e+00
8.996825218200683594e-01
1.142572999000549316e+00
8.859557509422302246e-01
1.005810856819152832e+00
1.306745052337646484e+00
1.041454076766967773e+00
1.154437422752380371e+00
1.192424297332763672e+00
1.157942652702331543e+00
1.046686649322509766e+00
9.642574787139892578e-01
1.060904979705810547e+00
1.052776217460632324e+00
9.226258993148803711e-01
9.602655172348022461e-01
9.573386907577514648e-01
9.318413734436035156e-01
1.049857974052429199e+00
1.005036234855651855e+00
9.169018268585205078e-01
9.990124702453613281e-01
1.199274897575378418e+00
1.054785728454589844e+00
1.027552604675292969e+00
1.017206788063049316e+00
1.031192064285278320e+00
1.080655097961425781e+00
9.417136907577514648e-01
8.651984333992004395e-01
1.007975816726684570e+00
1.002023577690124512e+00
8.400593400001525879e-01
