1.822097897529602051e-01
1.264120638370513916e-01
1.216727495193481445e-02
1.197554543614387512e-01
1.031393706798553467e-01
1.459100395441055298e-01
2.069841027259826660e-01
1.243651360273361206e-01
8.277751505374908447e-02
2.904087305068969727e-01
2.230570316314697266e-01
1.004537492990493774e-01
2.966085076332092285e-01
7.290439307689666748e-02
5.875049531459808350e-02
-1.089755073189735413e-02
3.473200500011444092e-01
2.956173717975616455e-01
3.139250576496124268e-01
5.484504625201225281e-02
5.530946701765060425e-02
7.210721820592880249e-02
2.045946270227432251e-01
7.008710503578186035e-02
1.110420450568199158e-01
8.890432864427566528e-02
2.902812361717224121e-01
1.134526655077934265e-01
1.996777653694152832e-01
1.177592054009437561e-01
2.805525362491607666e-01
2.404959052801132202e-01
2.532990276813507080e-01
-4.074361920356750488e-02
1.896956712007522583e-01
3.012343049049377441e-01
1.690308749675750732e-01
2.394347190856933594e-01
2.528752386569976807e-01
-7.919561117887496948e-03
3.428936004638671875e-01
2.937397360801696777e-01
1.864971220493316650e-01
2.055854797363281250e-01
3.090766668319702148e-01
9.036995470523834229e-02
1.183404922485351562e-01
-9.949868172407150269e-02
1.463914811611175537e-01
1.842366009950637817e-01
2.735831439495086670e-01
-4.732039570808410645e-02
3.921667933464050293e-01
1.935914009809494019e-01
1.316161751747131348e-01
-1.132184192538261414e-01
1.176031231880187988e-01
2.437799423933029175e-01
2.174793332815170288e-01
1.669311672449111938e-01
3.605496510863304138e-02
2.124730944633483887e-01
3.221973180770874023e-01
3.067876771092414856e-02
-7.984644919633865356e-02
2.729801535606384277e-01
1.357237845659255981e-01
3.231327831745147705e-01
8.919425308704376221e-02
4.776767641305923462e-02
2.626034617424011230e-01
1.624322384595870972e-01
1.404298990964889526e-01
4.487965404987335205e-01
1.339592188596725464e-01
2.862233221530914307e-01
1.840738803148269653e-01
3.686907589435577393e-01
3.289978206157684326e-01
2.118276506662368774e-01
3.105272054672241211e-01
2.858996391296386719e-01
4.068842530250549316e-01
-1.567171141505241394e-02
1.824325323104858398e-01
3.178880512714385986e-01
2.522047460079193115e-01
8.160077780485153198e-02
1.754813939332962036e-01
2.351170182228088379e-01
1.833356767892837524e-01
3.099045753479003906e-01
2.092619240283966064e-01
2.475174516439437866e-01
2.087099105119705200e-01
1.234285309910774231e-01
2.003371715545654297e-01
2.774115204811096191e-01
2.912481129169464111e-01
1.009922176599502563e-01
1.225552484393119812e-01
1.756431013345718384e-01
1.305831372737884521e-01
5.581055954098701477e-02
1.212192326784133911e-01
3.222148865461349487e-03
1.990179866552352905e-01
2.507682740688323975e-01
1.291118934750556946e-02
2.410820424556732178e-01
1.357961893081665039e-01
-2.812088932842016220e-03
2.160221338272094727e-01
2.626792490482330322e-01
7.597149908542633057e-02
9.031740576028823853e-02
5.944913625717163086e-02
1.930171102285385132e-01
2.185344398021697998e-01
8.800625056028366089e-02
2.753642201423645020e-01
1.988546177744865417e-02
2.228662818670272827e-01
2.062395215034484863e-01
2.682388722896575928e-01
3.203977644443511963e-02
1.962089836597442627e-01
2.376701831817626953e-01
1.987833678722381592e-01
6.666468083858489990e-02
2.875264286994934082e-01
-9.837997704744338989e-02
1.572488620877265930e-02
2.845087051391601562e-01
3.450838029384613037e-01
1.121903657913208008e-01
2.919906675815582275e-01
4.424270614981651306e-02
4.639567807316780090e-02
2.285736650228500366e-01
2.949465215206146240e-01
1.030466929078102112e-01
2.060607224702835083e-01
8.149403333663940430e-02
1.206642016768455505e-01
5.157381296157836914e-02
2.572775185108184814e-01
3.034138977527618408e-01
4.201022684574127197e-01
2.305559664964675903e-01
1.122665554285049438e-01
4.068528115749359131e-02
3.987473547458648682e-01
8.751755207777023315e-02
2.194783836603164673e-01
1.774032711982727051e-01
2.133858390152454376e-02
2.072733044624328613e-01
1.883910000324249268e-01
1.557576954364776611e-01
1.621904075145721436e-01
4.784152843058109283e-03
1.945699155330657959e-01
7.075342535972595215e-02
1.132110878825187683e-01
-6.095863506197929382e-02
1.810336410999298096e-01
2.952495813369750977e-01
1.074628233909606934e-01
1.568029820919036865e-01
3.227390348911285400e-01
2.844401895999908447e-01
1.102790459990501404e-01
1.225751191377639771e-01
2.461515963077545166e-01
3.400587439537048340e-01
2.743233740329742432e-01
-1.677983850240707397e-01
1.791328936815261841e-01
5.554550886154174805e-02
2.056267708539962769e-01
3.464294672012329102e-01
-5.340265855193138123e-02
9.363804012537002563e-02
2.335835099220275879e-01
3.567670583724975586e-01
1.856848448514938354e-01
1.598688066005706787e-01
3.958234786987304688e-01
2.576789557933807373e-01
8.073691278696060181e-02
1.772092580795288086e-01
2.296386212110519409e-01
1.220538616180419922e-01
2.635293304920196533e-01
1.497515141963958740e-01
4.057353734970092773e-01
2.852536141872406006e-01
3.300145268440246582e-01
1.010420173406600952e-01
4.413307905197143555e-01
1.002588588744401932e-02
1.338396072387695312e-01
6.211481988430023193e-02
4.553199559450149536e-02
5.191273614764213562e-02
2.170372605323791504e-01
9.203904867172241211e-02
1.835006177425384521e-01
2.727603614330291748e-01
5.755947530269622803e-02
1.325157135725021362e-01
1.116475313901901245e-01
1.771545857191085815e-01
-1.212641447782516479e-01
1.015251055359840393e-01
3.432353138923645020e-01
7.688090205192565918e-02
1.284191012382507324e-01
-4.688291996717453003e-02
7.973578572273254395e-02
1.835678219795227051e-01
4.896037653088569641e-02
3.415549397468566895e-01
2.284874767065048218e-01
2.140881866216659546e-01
1.410830207169055939e-02
2.769383192062377930e-01
1.468155384063720703e-01
2.859021723270416260e-01
3.655308857560157776e-02
5.167096853256225586e-02
-3.517813608050346375e-02
6.354691460728645325e-03
-6.699330359697341919e-02
7.002687454223632812e-02
6.928692758083343506e-02
6.638930737972259521e-02
5.205504968762397766e-02
3.889110386371612549e-01
2.689665853977203369e-01
5.114034935832023621e-02
7.929299771785736084e-02
1.148111894726753235e-01
5.423101782798767090e-02
2.045417726039886475e-01
2.771918475627899170e-01
8.575344085693359375e-02
1.499292403459548950e-01
2.295612096786499023e-01
2.193095535039901733e-01
-1.093451157212257385e-01
2.403209060430526733e-01
2.386912405490875244e-01
4.033702611923217773e-01
1.053600311279296875e-01
