8.085383772850036621e-01
5.553155541419982910e-01
6.775636672973632812e-01
1.204556465148925781e+00
9.069836139678955078e-01
7.208192348480224609e-01
7.559917569160461426e-01
1.627759456634521484e+00
5.831149816513061523e-01
8.341448307037353516e-01
7.624812126159667969e-01
5.966095328330993652e-01
8.290027976036071777e-01
1.064507961273193359e+00
4.004199802875518799e-01
7.613692283630371094e-01
3.430124521255493164e-01
7.621182799339294434e-01
6.825938224792480469e-01
7.024516463279724121e-01
8.564301729202270508e-01
1.622792482376098633e+00
4.350526332855224609e-01
8.045045137405395508e-01
8.570042848587036133e-01
7.869610190391540527e-01
4.917962253093719482e-01
9.131460785865783691e-01
6.256709098815917969e-01
8.226463794708251953e-01
4.967902004718780518e-01
5.267407894134521484e-01
4.765607416629791260e-01
7.188987135887145996e-01
8.033357858657836914e-01
1.414181113243103027e+00
1.010495305061340332e+00
7.492890357971191406e-01
1.178290247917175293e+00
8.192796707153320312e-01
1.020499110221862793e+00
8.259526491165161133e-01
1.095308899879455566e+00
1.059004068374633789e+00
7.793613076210021973e-01
4.314565658569335938e-01
9.453112483024597168e-01
8.860768079757690430e-01
9.465700984001159668e-01
1.751514077186584473e-01
6.773315072059631348e-01
3.890582621097564697e-01
6.621925234794616699e-01
1.173229098320007324e+00
2.731491327285766602e-01
3.675236701965332031e-01
8.220130205154418945e-01
7.424245476722717285e-01
5.280862450599670410e-01
3.026185631752014160e-01
1.008308172225952148e+00
7.992625236511230469e-01
6.741644144058227539e-01
5.208843946456909180e-01
