1.059746503829956055e+00
3.105158567428588867e+00
1.184186458587646484e+00
1.568436861038208008e+00
1.623165726661682129e+00
1.295679807662963867e+00
1.781830787658691406e+00
3.219036340713500977e+00
1.914908528327941895e+00
3.030243873596191406e+00
2.741237163543701172e+00
2.274466037750244141e+00
1.297693729400634766e+00
1.170647621154785156e+00
1.443629741668701172e+00
1.231124997138977051e+00
2.457445859909057617e+00
1.623554468154907227e+00
9.235924482345581055e-01
2.714814901351928711e+00
2.061778783798217773e+00
1.020317673683166504e+00
2.724977970123291016e+00
2.262237071990966797e+00
1.842250347137451172e+00
4.308867454528808594e+00
2.638418197631835938e+00
1.896845459938049316e+00
1.176466703414916992e+00
2.579104185104370117e+00
1.854686856269836426e+00
3.322176218032836914e+00
1.586098551750183105e+00
1.630127906799316406e+00
2.911683559417724609e+00
1.747693181037902832e+00
1.011389255523681641e+00
1.165938258171081543e+00
2.200669765472412109e+00
1.510000348091125488e+00
1.508336782455444336e+00
1.924483776092529297e+00
2.124845266342163086e+00
1.997350215911865234e+00
1.185449481010437012e+00
2.382254600524902344e+00
1.741960525512695312e+00
1.936380028724670410e+00
1.486618876457214355e+00
1.507721662521362305e+00
1.992380261421203613e+00
2.277651071548461914e+00
9.667071104049682617e-01
1.982398986816406250e+00
1.317902803421020508e+00
1.753373742103576660e+00
1.995662450790405273e+00
1.214536190032958984e+00
1.289802312850952148e+00
1.828617215156555176e+00
1.238303661346435547e+00
1.974978208541870117e+00
3.163851737976074219e+00
2.141605138778686523e+00
3.872865915298461914e+00
8.427203893661499023e-01
1.046397566795349121e+00
1.398283243179321289e+00
1.583184838294982910e+00
1.388645052909851074e+00
3.451971054077148438e+00
2.204755544662475586e+00
1.858929276466369629e+00
2.342949390411376953e+00
2.317553520202636719e+00
4.554979801177978516e+00
2.194016218185424805e+00
1.773344397544860840e+00
2.850010871887207031e+00
3.001647710800170898e+00
1.474171280860900879e+00
9.019569158554077148e-01
2.515678882598876953e+00
4.021247386932373047e+00
1.517163515090942383e+00
8.171095848083496094e-01
2.197938680648803711e+00
2.249734878540039062e+00
1.595610260963439941e+00
1.020079731941223145e+00
1.314086318016052246e+00
1.184287190437316895e+00
1.128392577171325684e+00
2.485675573348999023e+00
1.729390740394592285e+00
1.791873931884765625e+00
2.145666837692260742e+00
1.379011392593383789e+00
1.006340503692626953e+00
1.292868018150329590e+00
2.839063405990600586e+00
1.339565873146057129e+00
1.030280828475952148e+00
1.725527286529541016e+00
7.968364953994750977e-01
1.595652580261230469e+00
2.177285671234130859e+00
2.867522716522216797e+00
1.387969374656677246e+00
2.257686614990234375e+00
1.801809668540954590e+00
3.322607517242431641e+00
4.212680339813232422e+00
1.237886905670166016e+00
1.683594942092895508e+00
3.748875856399536133e+00
4.681092262268066406e+00
1.647396445274353027e+00
1.795255422592163086e+00
1.575139164924621582e+00
1.481644868850708008e+00
1.153754591941833496e+00
1.179872131347656250e+01
1.229401588439941406e+00
1.703809142112731934e+00
1.397480964660644531e+00
1.324625015258789062e+00
2.716666460037231445e+00
