-0.30771521
0.25711444
-0.10680100
0.19104344
0.10955094
0.13010730
0.04962589
0.00795474
0.00176797
0.28863540
-0.00198317
0.19104488
-0.27645177
0.08564441
-0.06043630
0.07255961
-0.00360660
-0.00818568
0.17629503
0.11822602
-0.03365945
0.05517098
-0.01300297
-0.07864030
-0.12580769
-0.13795809
-0.15192749
0.16391544
-0.18398088
-0.04460858
0.12603894
0.09062759
-0.04178993
0.04383002
-0.07697298
-0.07359137
0.12684001
0.21871252
-0.11373183
0.53041613
0.12498190
0.24246624
0.19248089
-0.16529876
-0.02632174
0.05240522
0.30211899
0.03440211
0.00973377
0.18026137
0.25429544
-0.06866109
0.48702320
-0.02344526
0.11615274
-0.07384162
0.17933494
0.00186767
-0.01118101
0.20056145
0.04181926
0.29236457
0.26272541
0.03849113
