-0.01215096 0.43323421 -0.04420282 -0.04779778 -0.43311208 0.23250940 -0.43603459 -0.42920583 0.45657903 0.17378731
-0.35611978 0.02777345 0.22710682 -0.32763642 0.27792317 -0.34526551 -0.00829583 -0.31653616 0.14771906 0.59761810
0.00166766 0.19981387 -0.11373876 -0.28389934 0.53541893 0.45916757 -0.00471322 0.26804864 0.02362944 0.06868584
0.19660221 -0.12861718 -0.22131582 0.33223611 -0.09916067 -0.35332683 -0.05493342 0.35645464 0.44681993 0.16287687
-0.21777937 -0.14617762 -0.26346946 0.25625703 -0.25154814 0.25730491 -0.11647689 0.53823251 -0.43845004 0.16203970
0.10330126 -0.26368028 -0.10174225 0.33040202 -0.24281588 0.39334780 0.28893226 0.14828555 -0.34334707 0.01091307
-0.23128277 -0.15796709 -0.18563652 -0.10964838 -0.16791868 -0.05730200 0.77409202 -0.00460114 -0.07762492 -0.32427210
-0.15319034 0.11781222 -0.37538707 0.03206199 -0.15275028 0.01841362 -0.11158773 -0.07436930 0.43359625 0.10394259
0.25727236 -0.16293153 -0.07954176 -0.13432197 0.10095483 -0.17840476 -0.36198294 0.34822452 0.28737521 0.12061176
0.26739952 -0.18168889 0.11918183 -0.39278638 0.13615128 -0.32811955 -0.07002423 -0.05305710 0.18609874 -0.19907755
0.41042215 -0.33293769 0.29291013 -0.01464038 0.10712498 0.29805112 -0.33225355 0.11096781 -0.49770123 -0.05767413
-0.44439837 -0.21004915 0.16772611 0.31168589 -0.03230552 -0.06701887 -0.11999000 0.16349891 -0.16328211 -0.41694030
0.12499596 -0.56313854 -0.04913192 -0.12068247 -0.15945449 0.24134588 0.13934679 0.66238326 0.36043069 -0.48539561
-0.04405670 0.02048124 -0.52011257 0.06487658 -0.09002644 0.13302529 -0.25084162 -0.11968952 -0.58328354 0.32172668
-0.19170681 -0.04698779 0.14123096 0.07264563 -0.30308557 0.17500862 -0.48765513 -0.28906789 0.15297021 0.34473619
0.04661871 0.31031922 0.02222320 -0.25328529 -0.16707693 -0.28223470 -0.07391658 -0.13356176 0.45138365 0.36645269
0.07860455 0.14540626 -0.20881642 -0.19303992 0.17272519 -0.09720238 -0.37417632 0.51627010 -0.33256090 -0.13221306
0.15411200 -0.17768484 -0.39356610 0.06805456 -0.42735848 -0.06896894 -0.03505682 -0.03406982 -0.28335768 0.10913625
-0.18459274 -0.17879829 -0.33065841 0.31856641 -0.08572684 0.20534666 -0.28457493 -0.47772428 0.17388581 -0.51919067
0.29911399 0.33231950 -0.10673207 -0.38213199 -0.51858085 -0.34827217 0.31974849 -0.08078668 -0.04717404 0.19339356
-0.13336365 -0.08663433 -0.12135936 -0.21291852 0.02925051 -0.06323536 0.16680044 -0.18568757 -0.16902444 0.19823578
-0.11208790 -0.31803465 -0.08937986 -0.07949506 -0.24311288 0.18412608 0.40555391 -0.35124019 -0.20271443 -0.40219703
-0.18157645 -0.19527256 0.71043020 0.00890703 -0.14312953 0.09583014 -0.00555901 0.32069534 -0.22062173 0.02965216
-0.21725927 0.19902660 -0.54782224 0.03729947 0.14988115 0.41971841 -0.21919057 0.17050412 -0.21816257 0.34326944
-0.43646380 0.30002636 0.35237581 0.13866776 0.23541024 0.32053229 -0.14606205 0.18490314 -0.41956517 -0.22032575
0.17146385 -0.20290068 -0.40766421 0.32953972 -0.51365066 -0.04174866 -0.31793624 -0.05668244 0.23640969 -0.25946933
0.29988179 -0.22559741 0.39868647 0.04146139 -0.18557863 0.08551999 -0.36361071 -0.00675430 -0.19796656 0.15502973
0.36250043 -0.31864831 0.01353038 0.21451445 0.69676584 -0.02552011 -0.11886118 0.05268682 -0.68990588 -0.47037697
0.32053447 0.12080630 0.46626034 0.14846306 -0.13335676 -0.14197180 0.02727742 -0.10286003 0.09879187 0.01547209
0.16216193 0.29770002 0.15610176 -0.06501310 -0.02810574 0.27018729 -0.51577264 -0.19773100 -0.18358821 -0.25265649
-0.31242707 0.10918576 0.37953502 0.07909254 0.33849740 0.15220429 -0.21160275 -0.16513148 -0.58528912 -0.38111418
0.39739606 0.11209761 -0.38693711 -0.01175522 0.34890607 0.07708520 -0.15536697 -0.24321763 0.21848916 0.05942334
0.13140278 0.61265087 -0.06543458 -0.26185000 -0.22883990 -0.22654323 -0.09929479 0.29866597 0.11740842 -0.05165359
-0.44868556 0.69210124 -0.24492058 0.05255842 -0.21411009 -0.06155054 -0.20573738 -0.30643949 -0.47236550 0.13424432
-0.14801243 0.36265981 -0.17076610 0.10752745 -0.31121671 0.22353789 0.28169811 -0.12517685 0.04679247 -0.34613630
0.27607158 -0.29183057 0.19715443 -0.07746463 -0.17434630 -0.07874514 -0.39494851 0.38122448 -0.17070752 0.09822308
-0.09365419 -0.05338256 -0.06555683 0.23372543 0.41036320 0.03532438 -0.44982469 0.05470750 0.25311831 -0.08616894
0.15265065 -0.15424369 0.43613070 0.06602478 0.25092092 -0.17377304 -0.11148466 0.10043376 -0.60718089 0.03587183
0.07677872 -0.42913210 0.64215481 -0.14384626 -0.33115846 0.00787570 0.05844037 -0.15630595 -0.28654486 -0.40132740
-0.41867423 -0.33468768 0.21008912 0.26334402 0.19656549 -0.01331470 0.19711491 -0.26888779 -0.28533414 -0.16828504
0.15237719 -0.05293695 -0.02242203 0.16013947 0.27938539 0.23811212 0.25684032 0.20707698 -0.49610588 -0.34189314
-0.26786944 -0.41952389 -0.07445237 -0.15835966 0.31710562 -0.02358116 0.29052675 0.33614722 -0.41212139 -0.41136616
-0.37530118 0.26495814 0.12045833 0.07731212 -0.18383454 -0.26690120 0.52689302 0.16612093 -0.08143313 0.21111889
-0.08904601 -0.14977473 0.00248338 0.33545983 -0.18607095 0.32815090 -0.10185802 -0.17028970 -0.04052693 0.29535899
0.26639289 -0.02078351 -0.27570245 -0.14206621 -0.27956802 -0.26344040 -0.43165222 0.13821298 0.23250896 -0.09327254
-0.48671782 0.52604002 0.09140022 -0.00361790 -0.18297437 -0.04806589 0.20052846 -0.33148110 0.33195642 0.09236885
-0.14609353 0.33143425 -0.06434199 0.07226080 -0.04926215 -0.01283409 0.34897858 -0.33864200 -0.31021789 0.42409992
0.20886350 0.27056342 -0.12420388 -0.02024222 -0.13263042 -0.26438403 -0.01145854 -0.03162067 -0.21011357 0.53853697
-0.12068696 -0.28371778 -0.04225257 -0.38112077 -0.29450306 0.71953607 -0.35308295 -0.53210306 -0.11951112 -0.28719190
0.29938075 -0.43601590 0.18729118 0.18758816 0.26239166 0.28731063 0.05488175 -0.27450651 0.46140522 -0.12328508
0.03316340 0.28773570 -0.10534409 -0.02335618 0.43520087 -0.41984344 -0.31424043 -0.54920989 0.00029911 -0.03909751
-0.06738923 -0.20215262 0.04463753 -0.03203405 -0.41175830 0.34417483 0.26156548 0.27685398 0.22051415 -0.26076388
-0.10261845 -0.76533020 0.12094758 -0.05064000 0.28504720 -0.13484959 0.02555137 -0.06283728 0.05633479 0.04124055
-0.23722357 -0.19355571 -0.27652761 0.47597277 0.24039663 0.31358123 0.12912850 0.30956569 -0.00691786 0.05714838
-0.53329408 0.13286951 0.32635763 -0.17824249 -0.09657881 -0.19226979 0.16532481 0.13694149 0.30707347 -0.22744025
-0.17469169 0.23383629 -0.06903274 -0.20635276 -0.20089960 0.05789344 0.09551069 0.30053028 0.49392888 0.01262215
-0.19949022 -0.63313210 0.00116016 -0.01332362 0.44934452 0.15907684 -0.15699585 0.07289775 -0.43874559 -0.43263415
0.03572560 -0.06182094 0.11531790 -0.09647276 -0.24488632 -0.14873639 0.48668101 -0.41426954 0.27701905 0.24195601
0.30251321 0.22994721 0.19493252 -0.17294970 0.26166740 -0.09398341 0.24330078 -0.44062346 -0.30805090 0.21632010
-0.55158472 0.03308600 -0.01829187 -0.10306785 0.38941830 0.27782869 0.13016614 0.45722637 -0.16976371 0.26015216
0.01840616 0.39269924 -0.23117428 -0.27934909 -0.09202979 -0.23930657 0.52760684 -0.26265901 0.13552575 0.03859444
-0.33928403 -0.12346857 -0.21793094 -0.28837001 0.10187843 -0.24256340 0.03263095 -0.09690075 0.47912127 0.30637217
0.22821848 -0.35731739 0.39873096 0.04759199 0.10525798 -0.03635761 0.17153955 -0.09230026 0.02883575 -0.53442329
0.24699834 0.06585277 0.25637415 0.14059080 -0.14645904 -0.32700774 0.18234251 -0.40228549 0.23261294 -0.38703552
