   -77    -83    -78    -73    -71    -72    -75    -74    -79    -89    -97    -96    -99    -93    -71    -66    -83    -83    -88   -108    -83    -77    -93    -96    -97    -95    -96    -84    -76    -68    -72    -55
  -138   -170   -157   -147   -146   -154   -163   -163   -166   -179   -185   -174   -162   -155   -129   -129   -168   -165   -177   -201   -188   -191   -186   -184   -186   -178   -173   -155   -144   -125   -126    -95
   -97   -135   -139   -125   -109    -92    -83    -69    -66    -80    -91    -94   -110   -116    -85    -73    -99    -95   -114   -120    -90    -95    -98   -106   -134   -139   -148   -131   -129    -89    -89    -74
   -60   -105   -123   -108   -117   -121   -107    -88    -78    -78    -86    -90   -107   -111    -82    -76   -100   -102   -110   -105    -91   -101    -87    -96   -141   -140   -157   -143   -143    -96    -91    -76
   -47    -82   -115   -104   -113   -105    -99   -104   -108   -103    -96    -92   -114   -147   -158   -168   -171   -152   -128   -113   -120   -112    -87    -93   -139   -137   -148   -160   -151   -103    -95    -77
   -70    -99    -98    -65    -81    -87    -84    -97   -107   -112   -115   -127   -176   -227   -233   -228   -212   -185   -148   -140   -156   -134    -95    -99   -129   -123   -123   -149   -150   -115   -122    -97
  -108   -134   -129   -100    -92    -90    -74    -77    -84    -98   -134   -186   -219   -236   -239   -235   -232   -229   -200   -195   -195   -155   -101    -99   -121   -109   -117   -138   -156   -169   -209   -153
  -146   -171   -175   -136   -130   -122   -100    -75    -71    -86   -152   -208   -231   -238   -251   -249   -240   -238   -225   -224   -217   -168   -108    -99   -122   -111   -113   -136   -190   -239   -269   -205
  -201   -213   -210   -160   -154   -146   -135    -94    -76   -106   -202   -238   -240   -212   -187   -162   -160   -181   -190   -214   -222   -173   -117   -107   -120   -106   -110   -140   -242   -275   -305   -265
  -236   -255   -217   -172   -188   -175   -158   -114    -92   -124   -200   -206   -198   -194   -194   -164   -163   -163   -177   -196   -200   -171   -131   -128   -128   -110   -117   -179   -270   -276   -287   -243
  -210   -283   -221   -178   -169   -204   -174   -139   -107   -108   -143   -141   -144   -181   -168   -147   -149   -146   -165   -159   -156   -152   -139   -163   -166   -158   -161   -188   -229   -193   -210   -216
  -173   -224   -154   -143   -151   -184   -193   -160   -127    -87    -83    -64    -69    -82    -86    -89    -91   -104   -108    -96   -109   -121   -133   -190   -183   -152   -159   -170   -162   -129   -192   -223
  -107   -150   -101   -109   -121   -146   -178   -165   -144    -99    -73    -63    -56    -73   -101    -85    -74    -94   -101    -75    -87   -111   -151   -207   -195   -168   -185   -190   -151   -132   -198   -230
   -92   -117    -79    -84    -85   -107   -135   -166   -151   -125   -109   -100    -84   -111   -146   -132   -127   -146   -130    -84    -99   -129   -166   -199   -168   -148   -144   -134   -123   -135   -202   -235
   -96   -120    -79    -68    -80    -96   -115   -145   -167   -146   -136   -122   -102   -158   -205   -180   -176   -171   -156   -109   -112   -138   -180   -187   -146   -108   -105   -113   -115   -134   -204   -237
  -111   -131    -89    -77    -81    -83    -89   -129   -163   -174   -162   -157   -137   -162   -183   -196   -201   -209   -170   -119   -111   -131   -175   -171   -140   -117   -111   -114   -112   -133   -207   -233
  -112   -128    -93    -90    -91    -87    -83   -119   -144   -182   -182   -172   -140   -128   -131   -157   -167   -177   -163   -132   -115    -95   -122   -121   -127   -122   -121   -131   -137   -161   -219   -240
  -114   -132    -97    -94    -94    -92    -82   -110   -126   -166   -200   -180   -150   -101    -68    -92   -114   -122   -135   -131   -128    -89    -99   -100   -121   -117   -119   -135   -146   -167   -223   -249
  -111   -123    -86    -87    -87    -87    -80    -89   -108   -166   -173   -184   -168    -93    -99   -121   -103    -87   -104   -122   -128    -85   -101   -103   -118   -109   -103   -130   -135   -131   -194   -194
  -106   -123    -97    -99    -78    -86    -98    -97    -99   -167   -145   -167   -141   -125   -130   -140   -112    -87    -93   -121   -106    -77   -100   -114   -133   -123   -111   -125   -118    -99   -169   -146
  -108   -127   -102   -104    -95   -101   -123   -128   -114   -155   -134   -138   -131   -126   -123   -131   -118    -98   -102   -119    -98    -86   -107   -125   -144   -109   -100   -131   -139   -133   -199   -171
  -107   -124   -103   -111   -111   -122   -133   -134   -144   -150   -133   -102   -125   -126   -119   -111   -101    -89    -94    -99    -81    -82    -99   -128   -164   -140   -147   -165   -168   -169   -241   -206
  -107   -129    -92   -103   -119   -127   -139   -168   -181   -141   -118    -85    -97   -105    -95    -83    -86    -84   -105   -105    -82    -80    -90   -130   -170   -138   -150   -160   -157   -151   -251   -223
  -105   -125    -81    -90   -121   -106   -103   -151   -156   -156   -127    -84    -66    -83    -86    -86    -99    -97   -108   -105    -93    -87    -77   -118   -154   -127   -171   -181   -151   -140   -242   -234
   -94   -115    -87    -97   -136    -93    -75   -136   -149   -162   -145   -120    -88    -84    -89    -98   -100    -83    -88    -93    -86    -88    -80    -96   -121    -92   -195   -193   -145   -133   -236   -224
   -94   -121    -97   -108   -154    -99    -79   -102   -151   -136   -167   -131   -101    -98    -95    -97    -88    -81    -81    -68    -71    -79    -69    -82    -84    -56   -191   -183   -140   -130   -228   -205
   -99   -129   -106   -117   -167   -115    -88   -115   -142   -114   -125   -127   -116   -109    -92    -91    -91    -97   -104    -85    -73    -74    -70    -91    -74    -67   -203   -184   -133   -125   -221   -211
   -97   -124   -112   -118   -144   -113    -81   -108   -119   -128   -123   -153   -128   -108   -101    -97   -104   -113   -108    -90    -97    -99    -85   -103    -83   -101   -210   -178   -129   -123   -215   -222
  -100   -124   -105   -130   -140   -119   -100   -114   -109   -140   -113   -136   -129   -112   -112    -92    -97   -110    -96    -77    -90    -87    -84   -112   -102   -126   -212   -170   -126   -122   -211   -221
  -123   -150   -130   -150   -143   -120   -105    -88    -80   -132   -118   -139   -140   -129   -123    -88    -98   -116    -94    -72    -82    -64    -74   -110   -101   -125   -194   -158   -130   -128   -209   -220
  -148   -184   -161   -157   -146   -150   -145   -119   -145   -218   -221   -231   -209   -190   -167   -130   -137   -146   -118   -112   -123    -89   -108   -147   -143   -173   -247   -244   -245   -250   -289   -241
   -92   -124   -111    -96    -94   -106   -104   -103   -115   -147   -154   -149   -139   -148   -122    -96    -94    -99    -86    -92    -97    -73    -81   -102   -100   -109   -130   -129   -143   -166   -202   -193
