  -436    -63    -26    -48      8    -12    -95   -202   -109    -45   -102   -227     28     88    -83    -45     37   -266    -62    145   -302   -185    -68    -23    -82   -253    -37   -102     76    -38    -68   -123
  -679    -27    -46   -165    -95   -103   -231   -350   -226   -101   -176   -394    -53     56   -177   -129     -8   -358   -155    -47   -485   -195   -192    -53    -65   -450   -276   -143    105   -113   -118   -273
  -559    176    114   -162    -82    -85   -135   -208   -122     70    -22   -269     15    141    -89    -34     92   -138    -49   -108   -154     26    -92     85    139   -414   -516     36    177    -56    -60   -235
  -365    200    123   -294    -24    -77    -64   -134   -157      5    -38   -234     15    142    -91    -36     69    -97   -134   -176    -11     -2    -64     54    131   -429   -703     72    120    -52    -61   -238
  -251    152     62   -359     30    -81    -54      0   -108    -65    -64   -205     20    120   -114   -113    -48   -114   -249   -187     22     -3    -35     59     61   -400   -670    -24     40    -25    -60   -254
  -365    110      7   -319     19    -12    -73     32    -51    -72    -80   -184    -15    -46   -325   -414   -338   -250   -404   -221     61     32    -25     92     33   -357   -548   -116    -23     30    -50   -358
  -621    143      3   -347   -130    105    -19     29      4    -10    -51   -274   -242   -400   -596   -653   -435   -200   -454   -255     67     40    -19    100     49   -327   -460   -138    -17     26   -151   -653
  -994    229    126   -450   -380    186     51     11      5     22    -30   -540   -623   -418   -392   -444   -204     -2   -317   -278    -12    -12      6     79     28   -311   -427   -142     38   -169   -489   -997
 -1494    227    159   -526   -546    137     81     49    -30      5    -84   -756   -605     51    -32   -243   -121    -27    -36   -196   -115    -60     14     56    -52   -323   -276   -132     77   -633   -801   -957
 -1833    104     25   -347   -433   -127    -18     75    -23    -32   -130   -716   -278    279     65   -149   -169   -112    248      8   -107    -53    -28     61   -178   -381    -71   -109    -82   -904   -700   -696
 -1724     20    -42     87   -127   -337   -149     60      9   -136   -139   -443    -85    179      8   -143   -260    -93    214    112     22    -51    -88     77   -320   -431    -21   -242   -378   -672   -545   -569
 -1409     10    -97    261     86   -239   -306    -44      8   -222    -34    -60    -57     66     45   -197   -277     24     44     83    174    -50   -183     27   -503   -515   -220   -397   -371   -255   -495   -532
 -1196     77    -65     52    185     46   -342   -226    -34   -274     48    120    -35     58    182   -288   -309    158     12     78    226    -16   -316   -213   -646   -492   -246   -233   -104    -43   -536   -518
 -1110    105      9    -82    210    200   -133   -320   -122   -288     81     58    -26     14     91   -517   -428    258     28     66    171    -17   -430   -519   -593   -277    -99    -56    -73    -57   -551   -506
 -1057     42     18   -103    145    170     49   -213   -255   -367     18     63    -40     50   -222   -534   -484     90     28     14     77    -92   -388   -583   -415    -98    -68     -9   -133    -52   -550   -483
 -1016    -17     40   -107     82     95     75     51   -278   -434   -121    142    -49    -52   -400   -104   -236   -160     35    -77     22   -141   -208   -448   -301    -93   -101    -20   -132    -17   -540   -497
 -1004    -51     74    -67     27     24     13    253   -147   -319   -411    220     -6   -319   -179    207    -58   -349    -20    -96     65   -145     10   -305   -239   -182   -140      6    -47     68   -414   -593
 -1010    -48     66    -26    -58    -20    -92    215     38     37   -683    102     34   -448     66    248     55   -326   -134     74    124   -209    126   -221   -212   -343   -180     70    -12     30   -177   -677
  -966    -48     23    -22   -101    -25   -137     25    176    323   -663   -179    132   -341     39    141     13   -299   -192    226     12   -250    142   -198   -223   -503   -197    164    -94   -188     24   -719
  -911    -34     51    -70   -193     19    -54   -181    168    359   -435   -487    139   -120      0     52    -83   -196    -35    181   -118   -149    114   -201   -212   -551   -193    167   -227   -349    134   -614
  -901    -23    113    -86   -247    117     67   -273    -54    226   -155   -502      1     -2     -3     11    -65    -98     78     40   -109    -33     61   -151   -202   -563   -119    139   -291   -406     91   -565
  -906    -14     33    -46   -120     36    113   -101   -320    160     43   -295   -109     44    -20     -8     34   -117     34    -14   -112      6     23    -21   -175   -610      1    100   -309   -385      6   -694
  -899     23   -117     39    165   -180     43    245   -467    -64    119   -105   -125    -13    -77    -43    105   -140    118     40   -173    -20    -16     72   -110   -695    193     95   -373   -339     65   -846
  -864     37   -225      8    391   -263   -142    521   -226   -418    140    -15    -54    -23    -93    -47     28    -89    164     38   -142    -25     -9    112    -36   -737    403     53   -488   -308    170   -938
  -889     68   -217   -137    488   -182   -381    430    169   -614     49      2    -56     -8   -103    -32    -59     26    117    -31    -89    -84    -79    134     -4   -576    497   -179   -608   -247     83   -860
  -984    121   -168   -204    507    -92   -515    239    308   -442   -236     15   -105    -22    -78    -43   -137     72    114    -42    -37    -90   -202    189     -9   -287    357   -469   -640   -146   -144   -718
 -1001     94   -176   -141    395    -49   -484     47     63    -75   -479      0    -67    -14    -40   -110   -145    100    139    -22     15    -79   -253    279    -36   -154     96   -699   -616    -56   -277   -677
  -955     42   -166    -70    113    -53   -263    -64   -128    187   -507    -41   -192    -10    -46   -228    -75    119     78     -5     85   -116   -230    293    -90   -162    -68   -797   -502    -31   -309   -702
 -1007     44    -46    -63    -84     63    -28   -186    -75    264   -361    -85   -395     56    -35   -259     12    123    -63     36    183   -185   -183    194   -153   -160   -174   -781   -371    -36   -321   -685
 -1109     19     -6    -99    -93    181     38   -219      2    186   -335   -279   -436     84    -11   -187     62    127   -193     58    220   -234    -83     91   -211   -110   -178   -651   -335    -48   -362   -632
  -986     54      5    -62     15    128     28   -165     -1    206   -291   -380   -201     28     -6    -69     75    120   -202     83    162   -219     23     82   -219    -21    -27   -385   -266     35   -274   -595
  -631     -3    -11    -34     90     33     16   -129    -20    137   -247   -354    -56    -51    -13    -13     24     46   -139     81     75   -152     50     54   -178      7     35   -251   -277     -1   -182   -361
