  -295    -37     84     82     17   -138   -289   -224    -84    -15     29    161    238    132     20    -64   -232   -223    -21   -116   -250    -30    130    102      8     55    147    135     80     15     24     58
  -338    -87     63     24    -41   -220   -385   -291   -135    -65    -28    134    255    133     -6   -126   -343   -385   -186   -140   -136     16    107     34   -173   -176    134    216    116    -10    -14     40
  -195   -113    -91   -128    -58   -168   -282   -181    -18      6      6    152    269    147     15    -91   -305   -418   -230    -10    148    173    115    -27   -343   -396    147    363    221     29     -1     40
  -146   -225   -333   -289   -120   -162   -227   -150      7     62     50    157    253    142     22    -75   -297   -438   -195    168    298    189     49   -116   -493   -528    107    449    307     55      7     40
  -169   -274   -415   -298   -134   -167   -199   -167    -83     15     80    183    222     31   -198   -285   -424   -492   -164    294    367    214     17   -163   -533   -550     52    421    367    108     23     39
  -239   -255   -351   -166     -7    -62   -119   -157   -171   -143    -48     47    -59   -417   -644   -560   -458   -377      7    441    491    306     48   -173   -527   -539     -2    331    367    164     12     16
  -299   -205   -306   -179    119    104     30    -52   -126   -250   -387   -491   -536   -690   -730   -457   -233    -69    266    642    679    449    134   -132   -507   -562    -84    272    319      3   -254    -74
  -361   -121   -338   -347    186    277    163      0    -65   -273   -719   -985   -682   -528   -487   -272    -49     91    348    674    738    536    239    -49   -477   -587   -157    203     99   -495   -571   -136
  -488    -57   -353   -409    245    483    322     45    -82   -351   -957  -1112   -579   -288   -252   -172     14    123    259    426    548    499    299      7   -432   -492   -139     23   -358   -891   -509    -36
  -652    -52   -135   -210    215    560    500    191    -60   -436   -904   -824   -289   -117   -205   -215    -10    223    226    110    149    272    250    -36   -408   -303    -69   -287   -816   -920   -169    216
  -725   -163    123     30     91    348    578    380     35   -329   -535   -312    -69   -150   -288   -269      3    267    202    -74   -223    -99     30   -228   -564   -369   -256   -597   -890   -599    151    376
  -700   -271    140    103    -32     74    396    474    179    -57    -70     -7    -82   -170   -298   -270     28    190    139    -82   -337   -408   -325   -550   -803   -550   -369   -474   -520   -219    302    400
  -587   -268    -11     18    -27    -86     81    354    312    217    175     17   -130   -194   -377   -334     80    219    175     11   -242   -519   -680   -868   -879   -549   -349   -263   -172    -27    336    417
  -513   -217    -60    -21    -21   -148   -135    130    350    363    221      5   -159   -335   -610   -410    189    355    255     58   -191   -613   -934  -1030   -740   -411   -238   -140    -91    -24    326    409
  -541   -204    -10     22      8   -120   -220   -106    162    393    296     74   -154   -511   -715   -304    265    461    285     12   -234   -642   -968  -1004   -591   -245   -126   -148   -151    -53    338    415
  -582   -220     -2     43     32    -53   -181   -249   -109    265    408    158   -157   -459   -477   -143    153    349    270     10   -205   -483   -783   -923   -630   -331   -188   -179   -149    -26    364    432
  -593   -205      3     19     11      9    -40   -222   -269      7    396    250   -130   -240    -69   -119   -254    -62    154     76   -117   -286   -544   -822   -751   -541   -298   -170   -102    -18    334    396
  -568   -169     10    -25    -28     42     86    -56   -243   -275     70    257     -4     25    230    -41   -420   -315     40    112   -115   -212   -373   -699   -813   -603   -234     -8     56     46    278    289
  -561   -177      4    -31    -33     43    162    153    -85   -458   -385     84    127    146    253     63   -307   -218     60     40   -236   -209   -293   -640   -816   -488     23    184    134    119    209    153
  -570   -222    -74    -94     -5     86    173    275    122   -439   -619   -153    169    208    161     18   -160    -23    128    -63   -281   -188   -285   -641   -839   -448     97    163     65    212    302    192
  -575   -264   -181   -177     43    151     70    137    231   -219   -529   -275     97    205     88     -2     -6     88     36   -161   -250   -179   -309   -653   -904   -537    -58     23     30    319    492    338
  -573   -274   -178   -146     15     71    -39    -54    175    110   -183   -185     -1    141    104     63     27      0    -85   -194   -206   -162   -287   -633   -958   -644   -219   -130    -22    332    537    397
  -551   -251    -37     -8    -86   -126   -108   -156    -15    245    135    -79    -80      1     78     74    -19    -47    -89   -199   -195   -100   -174   -563   -966   -662   -256   -233   -165    222    456    354
  -536   -236     67    143    -68   -167    -77   -183   -284     27    255     81    -24    -38     23     66     50     43    -63   -219   -202    -52    -48   -426   -827   -539   -290   -475   -402    108    382    266
  -506   -200     99    240     42   -150    -30   -131   -445   -357    122    184     65     37     70    105    147    120    -41   -203   -202    -97    -13   -223   -513   -323   -476   -890   -618     41    381    268
  -443   -113    163    299    109   -184    -25     35   -420   -613   -175    162    140    124    105     72    109    113     -5   -138   -156   -113     10    -45   -234   -263   -748  -1160   -669     -5    389    342
  -406    -56    228    302     76   -250    -91     20   -334   -640   -348    122    244    148     27     -4     99    150     23   -110   -147    -63    111     63   -167   -368   -931  -1198   -569    -34    362    372
  -454    -79    185    202     32   -183   -128   -140   -252   -479   -299     41    219    110    -55    -17    160    220     78    -77   -169    -67    156     94   -202   -499  -1029  -1102   -444    -42    317    346
  -508   -106     90     90    107     42    -59   -199   -210   -374   -389   -143    163    161     10     50    207    232    159     45   -148   -157     66     31   -260   -595  -1065   -986   -365    -43    304    337
  -536   -109     64     52    184    204    -40   -239   -229   -457   -587   -236    187    301    168    153    209    182    181    150    -78   -195    -65   -119   -327   -582   -984   -909   -386    -68    310    363
  -497   -223     22     49    138     89   -161   -322   -321   -562   -686   -347    132    286    199    140     95     38     73     94    -80   -185   -162   -278   -396   -544   -858   -910   -604   -264    191    312
  -193   -115     82    115    123     55    -92   -151   -141   -263   -288    -75    176    240    188    128     61     27     65     69     -7    -43    -65   -152   -192   -222   -341   -389   -263    -67    185    195
