  -371     80     -2    -35     14      2    -38   -102    -12    -13    -70    -94     83      1    -99     34     48   -217     48    104   -221     28     72     29    -25   -106     42    -61     69    -64    -33     46
  -508    209      2    -85      9     28    -33   -120      1     21    -93   -154    118     16   -157     53    111   -268     63    151   -188     45     31     71     10   -204      2     18     82   -121    -59     37
  -514    216      1   -135     33     25    -38   -106     -8     41   -104   -142    120      5   -178     45    105   -160     28     18    -46     60    -33     94    108   -235   -109    207     30   -169    -59     51
  -439    177      0   -180    124     50     16    -43      3     60    -89   -141     99     12   -176     20     74   -103   -101    -70     88     53    -14    109    190   -269   -224    344    -32   -177    -68     53
  -332    145     -4   -218    184     26     21     -2    -14     71    -44   -126     79    -27   -228    -80     -3    -89   -192    -26    175     43     29    132    181   -273   -276    325    -40   -144    -89     51
  -322    172    -23   -218    155     21      9     51    -32     39      1    -93      0   -148   -297   -207    -53    -63   -202     47    200      2     34    148    138   -256   -245    236    -22    -87   -131      2
  -436    273    -15   -241     71    102    -42     51    -17     20     45   -133    -88   -130   -157   -154     21     -3   -238     45    157    -78      5    128    106   -247   -201    166     24    -74   -281    -43
  -690    409     -3   -332    -14    264    -87     43     26     63    131   -165    -89    133     18   -107     90     14   -250     44    101   -120    -21     80     73   -234   -195    142     97   -190   -410     54
 -1056    568     34   -400    -48    314    -94     23     50    170    276   -171    -32    316     22    -82    101    -14   -152    -23     47    -76    -35     62     29   -220   -150    111    185   -298   -377    266
 -1328    686     51   -324   -102    212     -7     18     25    213    282   -224    -41    244    -54    -78     16    -65    -35   -113     -1      2    -26     99    -75   -254    -80     25    194   -318   -319    433
 -1334    634     38   -135   -188     22     67     46      2    119    117   -372   -138     23   -170   -155   -171    -84    -37   -166    -48      0     16    180   -212   -295     -3    -15     80   -243   -298    552
 -1137    404    -40     34   -173   -108     23     91     17    -58    -17   -294   -155    -88   -150   -249   -235      0    -75   -121    -16    -76     15    228   -295   -254     78     27     15   -131   -302    568
  -977    279    -80     31    -82   -120    -89     97     74   -164     14   -144   -124    -25    -11   -301   -125    199   -117    -38     37    -96    -60    177   -218   -113    125     54      5    -77   -297    577
  -889    308    -71    -52     38    -94   -137     17     98   -137     88    -69    -96     42     -2   -355    -35    303   -179    -24     37    -18    -70     55   -115    -21     65     49     11    -32   -309    590
  -829    317    -40    -88     77    -59   -106    -54     35    -66    120    -43    -79    139    -34   -239     42    271   -168    -60     53     85     62    -11    -63     35      4     20    -31     -3   -309    599
  -787    273     18    -69     85    -41    -61      0    -88     -3    125     62    -90    173   -101   -116    -23    109    -33   -101     86     53    112   -100    -69     64     14     42    -30     25   -291    593
  -761    247     51    -62     59    -13    -41     85   -193     30      9    212   -121    -61    -83    -62    -85    -74     83    -53     87    -87    123   -154    -53     50     49    110     27     54   -238    570
  -765    231     46    -42     13     -6    -54     96   -182     30   -186    321   -109   -261    121      0   -123   -164     97    109     33   -178    187   -134    -38    -64     39     85    -71    -74   -257    406
  -766    222     46    -38    -54      0    -36     18    -60     44   -351    269     44   -320    183     15   -102   -184     51    205    -80   -180    232    -69    -34   -204    -14     16   -235   -201   -180    192
  -734    208     74    -44    -65     65    -44    -83     44     98   -353     34    236   -222     77     61    -54   -126     57    155   -141    -90    212     -7    -15   -310     35     56   -283   -152     -2     66
  -719    200     89    -52    -42    145    -67   -162     72    185   -198   -150    295    -40      4     52    -57   -136     94     56    -99    -17    165     76     24   -334    125    106   -270    -91     87     17
  -711    250     62    -69    -29    121    -27   -119    -23    231   -144   -260     98     48    -54    -41    -41   -105    114      6    -94     24     85    149     53   -313    248    136   -239    -79    122     45
  -699    269    -39    -30     41    -20     63     48   -228    181    -43   -249    -54     25    -90    -60      3   -111    136     -5    -99     53     26    163     53   -338    400     84   -250    -49    125     44
  -690    224   -105     14    138   -225     21    202   -326     -2    144   -195   -102    -14    -80      0     -3   -128     72    -65   -114     27      3    153     39   -433    531    -25   -272     17    134     42
  -694    241   -129     18    228   -334    -75    292   -209   -284    268   -110   -121    -27    -80     -2   -101    -88    -18   -122   -123    -44    -29    150    -54   -469    554   -182   -306    110     59    106
  -734    311   -167     -6    275   -346   -151    323   -103   -417     82     38    -94    -17    -75    -55   -137      4    -54   -140    -92    -85    -65    186   -146   -290    525   -284   -294    175    -71    230
  -784    313   -200     -5    200   -276   -203    313    -74   -186   -214    187    -85    -42    -58   -102    -87     73    -26   -131    -23    -77   -106    238   -181    -63    430   -346   -289    182   -173    327
  -785    293   -165     18     87   -117   -123    223      8     91   -441    176   -109     35    -36   -134      9     80    -48    -96      5   -135    -79    245   -193     57    338   -391   -221    163   -216    370
  -792    276   -102      0      0     45    -30     34     48    122   -446     55   -162    194    -42   -155     71     50   -110    -25     27   -240    -23    204   -172    110    255   -383   -129    139   -235    398
  -837    318    -15    -29    -16    114      4    -82     69    135   -320    -69    -91    264    -68   -154     92     28   -156     82     44   -289     58    147   -141    132    183   -319    -83    123   -247    431
  -722    469    107     24     69    167     92     18    201    337    -42     19    166    251      0    -60    132     91    -79    233    118   -146    182    170     -2    283    273    -61    155    347    -77    563
  -671     36   -167   -205   -101    -74    -66   -166    -61     28   -370   -437   -179   -165   -206   -195    -79    -97   -195     50    -46   -206      7    -37   -178    -29   -101   -400   -375   -244   -534    116
