   233    136     24     33    -64   -105     -7    142     99     24    102    219    -39   -116     34    -55   -151    227     59   -287    215    237     88    -16     36    186    -17     43    -70     11     69     92
   330     75    -81    -13   -149   -238    -89    120     32   -120     19    257   -117   -249     -1   -147   -327    202      3   -362    168     88    -17   -196   -159    253     80    -32   -216    -33     74    118
   339    -50   -172     63    -47   -142     -6    187    105   -104     48    264   -100   -233     21    -93   -275     68     68     85    166    -47     23   -189   -305    332    435   -142   -300    -17     76    108
   279   -184   -194    201    -36   -106    -30    144    124    -93     26    232    -89   -223     26    -87   -282    -27    202    287      0   -120      0   -187   -428    354    669   -224   -337    -39     72    111
   183   -211   -167    293    -67    -62    -17     44    113     -8     20    171   -118   -258     -5    -63   -237    -26    368    283   -163   -146    -26   -209   -399    325    676   -156   -311    -93     59    121
   168   -166    -71    299    -66    -41     47    -25     71     53     30     79   -227   -307     12    118    -49     35    451    215   -288   -190    -57   -252   -294    298    553    -52   -211   -165     18    181
   267   -199   -123    313     66   -156     23    -22    -26    -16    -50      8   -204   -208     36    199     35     16    462    170   -363   -257    -93   -271   -272    272    460     22   -186   -299     37    408
   508   -242   -355    398    345   -326    -98     11    -33   -181   -323     -2     48   -168    -74    149     -9    -57    369    137   -341   -246   -130   -269   -301    217    456     71   -394   -404    293    696
   834   -265   -651    506    589   -351   -268    -76      3   -303   -613     74    308   -216    -96    199     74      5    162    110   -176   -167   -150   -295   -266    193    366      5   -700   -229    652    636
   998   -170   -660    337    531   -126   -306   -236    -75   -357   -546    264    287   -285   -136    143    151     96   -182    -24    -12    -67   -127   -374   -137    280     91   -253   -744    190    844    304
   897     35   -304    -75    233    206   -125   -331   -232   -247   -162    398    103   -268    -49    138    282    116   -301   -174      4     38    -62   -464      7    354   -171   -400   -352    460    812     45
   665    156     40   -324    -13    316    131   -278   -317     47    122    186      7   -132    -10    286    380      1   -154   -153   -156     80     10   -501     49    312   -170   -251    -24    328    714    -14
   591    108     95   -118   -151     78    306    -24   -234    161    -37   -140      6    -66   -143    363    377   -199    -60    -95   -297    -75     -3   -407     50    185    -71    -86     -7    163    693    -36
   596     46     -2    101   -188   -159    230    249    -53     78   -219   -180      1   -143   -234    522    476   -338    -90    -78   -322   -296   -129   -145    125    111     23      0     -4    118    698    -34
   538     84      0    112   -173   -206     36    263    162     83   -266   -194    -65   -337   -118    555    464   -331   -189    -96   -310   -385   -261     37    212     78     16    -50     42    140    708    -47
   481    141    -16     96   -125   -156    -80     18    296    257   -171   -347   -190   -347    103    285    220   -108   -261   -112   -278   -305   -352     47    198     59     -3    -64     68    142    700    -49
   454    170    -47     49    -74    -43    -54   -279    228    324    125   -559   -279     88    196   -113     46    200   -141   -111   -234    -93   -361     -5    127     92     62    -34     35     75    593      7
   471    176    -79    -12     10     36     37   -320    -19    105    462   -498   -271    494    -14   -432    -91    380    130   -204   -262     85   -347    -96     12    216    195     -4     27     26    394    113
   470    169    -72    -38     69     65    101   -114   -260   -270    560    -50   -306    347    -95   -386   -139    335    229   -369   -203    199   -329   -186    -18    431    312    -65     84    130    154    223
   418    147    -79      8    134      7     84    103   -335   -573    377    408   -216     89    -81   -295    -48    272     28   -440    -26    160   -323   -243    -33    566    303   -256    152    280    -95    168
   396    111   -156     88    252   -125    -61    241   -147   -635     57    506    -22   -100    -99   -134     68    150   -204   -285     49     33   -290   -296    -99    520    166   -281    256    367   -174     63
   395     61   -123    110    192   -170   -173    193    187   -447   -164    321    111   -127    -66     11      6     34   -182   -100     72    -37   -214   -376   -180    458     49   -181    310    356   -139     63
   391     70     86     12   -105     16   -119    -95    377   -108   -272     75    131     -8     31      6   -132     79   -138    -96    116    -20   -149   -442   -205    530   -109   -162    371    340    -84    184
   377    118    246    -34   -412    205    125   -445    268    286   -282    -91     27     16     82     -6    -82     83   -200   -111    140     32   -136   -484   -199    633   -353   -212    456    348    -89    297
   397    107    268     83   -575    193    356   -564   -101    548   -133   -157    -17    -15     73      6     24    -46   -201    -34    107     88    -53   -407    -75    563   -662   -145    624    351     -7    276
   489     62    217    148   -683     86    498   -417   -444    457    230   -122      0    -11      3    -32     75   -109   -158     17     33     84    117   -286     32    228   -831     46    708    303    209    161
   551     80    195     60   -689      0    499   -237   -448     37    515     55    -12    -76   -106      4    123   -118   -180     16    -16     70    210   -345    -19    -78   -799    198    650    224    374    108
   525    126    165    -62   -447    -56    249   -111   -210   -312    520    142      7   -208   -144    159    120   -150   -176    -35    -62    130    201   -457    -89   -185   -667    299    538    166    427    128
   508    131     27    -38    -67   -138    -77     22    -83   -363    354    142    219   -276   -142    236     31   -158    -16    -72   -193    207    166   -439   -133   -293   -540    365    418    134    455    133
   553    109    -77     48    100   -224   -201    112    -95   -379    199    307    374   -277   -156    181    -65   -154    164   -106   -313    238     81   -317   -101   -345   -428    319    339    136    510     93
   487     20   -122     13    -17   -269   -208     38   -177   -535     28    346    156   -266   -176     23   -144   -149    185   -162   -287    169    -81   -274    -72   -384   -471     82    171    -25    364    -28
   382     90     24     62    -88   -131   -113     71    -79   -398     90    372     53    -92    -57    -15    -80    -38    157   -125   -140    136    -92   -170     52   -158   -274     76    236     84    346     40
