    51   -227   -150   -141   -185   -204   -193   -182   -215   -222   -156   -107   -225   -245   -132   -186   -251   -148   -273   -292    -56    -76    -98   -153   -117    -98   -190   -158   -204   -153   -113   -166
    59   -368   -269   -204   -224   -226   -226   -264   -344   -367   -265   -236   -381   -368   -197   -253   -328   -272   -414   -254    -49   -134   -220   -272   -227   -152   -250   -314   -351   -235   -169   -285
    56   -244   -151    -20    -88    -68    -78    -87   -143   -180    -77    -28   -171   -215    -75   -124   -221   -189   -157     28     56    -49   -123   -185   -161     58    -23   -237   -285   -120    -74   -215
   -72   -282   -189    -18   -128    -95    -65    -32    -49   -112    -72    -43   -168   -198    -57   -117   -217   -199    -80     33    -19   -149   -212   -253   -205     82      3   -240   -319   -136    -71   -223
  -128   -393   -233    -53   -108    -38      1     42     62    -11    -45    -55   -171   -148     15    -23   -121   -122    -10      0   -113   -250   -258   -283   -185     93     45   -168   -291   -164    -72   -220
   -61   -405   -167    -52   -128   -112    -68    -25     49     54      1    -68   -189   -152    -54    -66   -133   -103     14    -59   -249   -323   -274   -275   -158     78     56   -113   -244   -189    -57   -209
    23   -439   -138      0   -129   -186   -165   -160   -106    -27    -27    -70   -238   -291   -317   -388   -455   -336   -113   -185   -382   -366   -270   -249   -151     54     39    -77   -221   -206     52   -244
   178   -584   -210     85   -113   -253   -252   -192   -162   -139   -178   -163   -333   -448   -373   -346   -406   -263    -60   -151   -396   -352   -263   -237   -147     33     49    -42   -279   -217     89   -477
   335   -822   -337    115    -70   -268   -309   -216   -167   -226   -287   -160   -268   -231   -109    -34   -109    -46     -3   -107   -288   -311   -258   -232   -113     32     61    -49   -371   -211    -45   -730
   345   -931   -363     17    -26   -194   -314   -269   -231   -290   -246    -53   -109   -104    -11     29     -5   -109   -198   -207   -216   -233   -227   -217     -9     48     13   -145   -352   -211    -60   -732
   213   -837   -342   -169     -4    -45   -219   -328   -324   -277   -230   -177   -213   -293   -249   -115    -76   -258   -392   -337   -232   -141   -161   -197     40     -9   -123   -214   -259   -192    113   -583
    61   -639   -322   -270    -50     43    -55   -278   -313   -235   -382   -483   -560   -650   -582   -384   -338   -459   -521   -440   -302   -116   -102   -191    -32   -201   -354   -347   -346   -213    245   -579
   -25   -650   -347   -299   -197    -15     24   -126   -202   -206   -450   -541   -576   -594   -544   -310   -406   -549   -495   -392   -309   -149   -113   -205   -214   -395   -428   -389   -371   -180    253   -609
   -33   -691   -394   -341   -311   -140      1    -15    -95   -185   -393   -426   -345   -416   -322   -135   -307   -493   -427   -302   -287   -179   -142   -203   -290   -332   -234   -253   -233   -106    243   -631
     9   -640   -345   -319   -357   -241    -54     11      8   -139   -338   -361   -318   -436   -241   -154   -294   -517   -480   -306   -291   -211   -146   -155   -282   -248   -171   -187   -183   -106    234   -638
    31   -595   -293   -275   -357   -287   -131    -57     42    -80   -292   -427   -342   -285   -179   -153   -250   -413   -447   -273   -257   -183   -133    -83   -215   -198   -197   -211   -184    -98    231   -636
    58   -552   -255   -246   -296   -272   -200   -145     14    -42   -176   -483   -323   -138   -295   -262   -198   -237   -306   -288   -266   -133   -133    -77   -217   -230   -230   -192   -157    -80    215   -614
    74   -524   -242   -217   -228   -232   -236   -220   -112    -57    -82   -462   -298   -146   -410   -470   -338   -191   -153   -262   -239    -98   -135    -74   -235   -234   -205   -133   -113    -46    215   -513
    76   -484   -235   -214   -208   -219   -237   -279   -324   -207   -107   -366   -323   -176   -334   -403   -231    -77   -124   -284   -173    -90   -102    -54   -198   -176   -184   -170   -106   -106    113   -461
    63   -480   -257   -196   -183   -240   -235   -266   -416   -372   -136   -238   -316   -264   -312   -321   -129    -62   -212   -307   -178   -129    -76    -66   -176   -145   -261   -248   -107   -164    -38   -526
    57   -511   -251   -153   -168   -300   -259   -180   -291   -334   -109    -77   -203   -262   -234   -156    -79   -117   -246   -251   -158   -134    -62    -80   -145   -154   -349   -276    -79   -164   -109   -532
    56   -523   -212   -117   -181   -273   -257   -135   -107   -245    -84     19    -71   -171   -133    -88   -104    -83   -173   -143    -96   -105    -42    -78   -119   -172   -369   -227    -64   -166   -134   -566
    42   -487   -192   -180   -220   -172   -191   -118     18   -160   -185    -39    -53    -73    -44    -59    -53     -3    -73    -41    -21    -66    -62   -106   -115   -118   -292   -152    -25   -154    -98   -539
    25   -444   -168   -244   -323   -128   -173   -153     39      7   -222   -110    -35    -46     10    -18      8     15    -19     33     20    -25    -81   -154   -109    -37   -249   -167    -86   -227    -18   -521
    39   -473   -137   -233   -380   -110   -122   -244   -106     43   -172   -140     -9     17     40    -14    -28    -73    -75    -12      1    -22    -50   -151    -89    -80   -278   -228   -190   -278     85   -532
    71   -487   -114   -241   -422   -109    -67   -334   -279    -82    -93   -124    -13     15    -10    -47    -79   -143   -109    -24    -40    -26    -27   -155   -135   -216   -407   -267   -305   -266    141   -556
    84   -460   -116   -293   -430   -123    -62   -327   -345   -212    -25    -77      4    -24    -83    -98   -142   -189   -125     12      0     27    -20   -185   -143   -258   -424   -230   -357   -218    164   -557
    97   -474   -195   -327   -355   -147   -114   -248   -349   -270     35    -56     40    -83   -134   -135   -226   -250   -111     15     10     85    -30   -197   -134   -257   -344   -175   -351   -183    182   -557
   131   -520   -259   -307   -289   -252   -178   -189   -347   -282     54      9     43   -141   -188   -150   -265   -273   -116    -87    -93     46    -86   -215   -157   -273   -276   -166   -311   -165    200   -569
   155   -555   -258   -222   -259   -305   -188   -190   -346   -280    -10     -1    -26   -192   -216   -167   -287   -263   -113   -203   -195    -25   -160   -226   -186   -299   -252   -160   -267   -162    220   -578
   127   -413   -210   -166   -217   -187   -123   -147   -289   -253     53    109    -20   -184   -205   -169   -231   -173    -75   -206   -160    -14   -145   -201   -170   -245   -170    -29    -58    -33    255   -592
    29   -229   -163   -179   -213   -198   -161   -158   -234   -188    -11     -5    -97   -202   -206   -178   -191   -154   -148   -232   -186   -119   -183   -183   -173   -213   -164    -68    -81    -72    110   -465
