   161   -203   -202   -200   -175    -90    -33    -79   -176   -211   -204   -292   -330   -249   -154   -137     -8    -24   -265   -209   -168   -285   -347   -303   -198   -232   -243   -231   -175   -131    -87   -187
   182   -490   -419   -384   -356   -246   -164   -212   -356   -410   -369   -454   -583   -489   -288   -279   -137   -109   -439   -529   -495   -568   -609   -574   -348   -307   -468   -512   -440   -279   -169   -338
   246   -401   -240   -204   -220   -142    -17      3   -101   -129    -73   -174   -377   -337   -133   -108     46     60   -212   -336   -359   -368   -317   -340   -124    -27   -316   -532   -459   -166    -36   -230
   382   -189    -81   -174   -304   -271   -169    -89   -151   -180    -82   -146   -352   -323   -139   -118     19     40   -178   -354   -442   -375   -271   -284   -123     11   -301   -650   -596   -191    -37   -233
   393    -44     15   -137   -301   -256   -255   -213   -220   -241   -146   -159   -335   -284    -91    -97    -36      7   -189   -444   -552   -460   -299   -271   -117      0   -252   -610   -668   -254    -48   -236
   266   -118    -19   -138   -259   -177   -194   -219   -225   -244   -182   -175   -241   -155    -60   -224   -319   -285   -428   -679   -761   -615   -385   -299    -89     15   -186   -455   -622   -334    -59   -229
   178   -340   -174   -194   -324   -281   -216   -193   -195   -196    -81    -37   -126   -203   -281   -514   -710   -685   -697   -900   -998   -777   -445   -318    -80     30   -147   -372   -544   -333     -3   -232
   166   -574   -263   -143   -426   -527   -378   -227   -219   -191     19     65   -219   -529   -622   -693   -790   -771   -692   -958  -1094   -840   -490   -321    -70     30   -129   -360   -415   -216     44   -467
   239   -846   -445   -175   -542   -748   -580   -297   -268   -243    -38    -45   -453   -620   -465   -309   -410   -505   -553   -808   -918   -767   -537   -337    -86    -35   -164   -307   -242   -136    -78   -863
   399  -1057   -755   -346   -563   -800   -788   -448   -315   -231    -54    -59   -493   -629   -414   -185   -218   -401   -623   -608   -570   -590   -537   -355   -127   -136   -224   -193    -93   -124   -280  -1060
   511  -1007   -842   -507   -406   -589   -835   -654   -367   -167     59    121   -280   -320   -174    -69   -137   -385   -583   -391   -237   -330   -426   -292    -56    -96   -208   -124    -65    -82   -235   -966
   669   -668   -604   -575   -326   -322   -679   -780   -473   -139    145    302    116     45    194    246     70   -192   -334   -145    -37    -53   -239   -165     36   -103   -296   -272   -211   -184   -165   -969
   770   -364   -242   -398   -314   -176   -339   -681   -557   -241    -37     96    134     83    238    286    -38   -214   -239   -106    -29     53    -43    -37     -4   -261   -459   -487   -415   -239   -129  -1006
   710   -309   -115   -204   -287   -193   -156   -430   -551   -421   -258    -94     23    -29     42     59   -382   -504   -386   -229    -94     59     33      5    -52   -257   -294   -288   -303   -188   -125  -1016
   585   -374   -115   -163   -262   -227   -160   -220   -400   -529   -465   -256   -112    -63    -63   -121   -579   -767   -524   -272   -157    -82    -81    -58    -72   -124   -136   -152   -200   -150   -128  -1030
   527   -404   -160   -178   -236   -217   -207   -129   -202   -456   -652   -471   -231   -122   -184   -355   -548   -737   -590   -355   -212   -196   -140    -24     -4    -36   -100   -132   -184   -158   -140  -1038
   486   -428   -204   -190   -230   -219   -275   -199    -95   -207   -648   -640   -290   -107   -152   -262   -172   -369   -522   -439   -244   -183    -27    188    181     71   -109   -195   -268   -238   -127  -1035
   455   -454   -230   -182   -192   -201   -290   -251   -117     -1   -371   -703   -316    -56   -220   -228     36    -24   -376   -445   -259   -210    -65    221    281    147   -152   -273   -379   -342   -142   -965
   472   -415   -202   -150   -121   -137   -229   -271   -194     22    -53   -569   -420   -206   -432   -360    -29    -17   -270   -345   -154   -200   -170    139    321    225   -164   -217   -173   -113     27   -645
   456   -397   -157   -105   -145   -164   -179   -315   -366    -81    125   -324   -468   -318   -382   -405   -209   -127   -281   -257    -80   -203   -199     58    313    285   -154   -193    -28    -84    -75   -514
   440   -393   -160   -106   -209   -295   -133   -178   -488   -274     62    -98   -356   -359   -317   -327   -255   -233   -285   -184    -86   -209   -190      6    246    209   -254   -312   -131   -337   -428   -714
   434   -395   -184   -132   -227   -368   -190    -78   -503   -514   -135    -32   -250   -343   -283   -218   -104   -129   -173    -62    -72   -169   -189    -46    202    104   -328   -331   -217   -440   -546   -907
   407   -391   -181   -187   -179   -259   -268   -104   -301   -578   -289      9    -32   -129   -135   -123    -76    -94   -122    -11     -7   -142   -163    -44    228     80   -355   -247    -68   -351   -419   -923
   421   -322   -151   -299   -241   -111   -230   -170     12   -312   -401   -123     -3    -10    -62   -143   -165   -144   -177    -52    -26   -133   -168    -34    257     49   -418   -175     86   -333   -326   -871
   428   -293   -108   -386   -343    -23   -134   -207     87    -43   -469   -328   -149   -118   -123   -146   -148   -130    -92     30     21    -71   -217   -100    246     60   -271     51    205   -323   -295   -824
   385   -381   -121   -407   -433    -36   -109   -250     17    239   -247   -361   -240   -204   -140    -74    -99   -168    -97     69     78     32   -183   -131    213     72      7    258    176   -289   -226   -835
   398   -416   -181   -413   -457    -91   -131   -259    -64    209   -105   -384   -351   -248   -119    -41   -144   -323   -266    -74     -4     -4   -205   -182     80      5    172    305     26   -256   -153   -875
   447   -335   -157   -354   -427   -202   -195   -207   -184    -53   -107   -344   -413   -298   -106    -45   -250   -439   -368   -176    -85    -67   -269   -282    -54    -44    180    240    -87   -214    -92   -876
   405   -390   -205   -323   -468   -416   -316   -151   -214    -94    -14   -166   -352   -385   -171    -66   -299   -424   -356   -228    -65     22   -218   -270   -104    -73    124    148   -173   -171    -58   -862
   375   -514   -310   -341   -518   -575   -297    -26    -82    -10     17   -149   -398   -573   -341   -149   -338   -366   -310   -314   -114     60   -139   -147    -91    -76    104    108   -185   -136    -57   -889
   376   -549   -332   -325   -448   -528   -256    -48   -164   -202   -165   -307   -527   -705   -503   -291   -380   -329   -289   -399   -240    -79   -183   -108   -105   -163    -16     42   -172   -180    -91   -934
   278   -455   -345   -335   -388   -380   -259   -172   -271   -319   -234   -368   -585   -650   -478   -322   -300   -249   -257   -356   -266   -181   -225   -155   -144   -205    -89    -15   -224   -372   -327   -841
