   -97    124     27     41     50    -13    -46    -24     56     22    -18    120    158     13      5     73    -69    -93    215     96   -117   -106     57    -17    -90    127    177     40    -14      1    -31    239
  -177     38     85    134     93      6    -44     -5     29    -20    -66     28     97     19     -2     50    -25   -106     64    165    -14    -77     -9     17   -178     -7    235     58    -21    -19    -68    183
  -115    -87    -54    132    121     94     -9      2     98     34    -50     31     85     36     11     16     -4     18     25     52      9    -64    -22     59   -112   -164    249    216    -14     -9    -50    198
    32     22    -99    -73    -35     33     30    -28    124    174      5      5     68     26     34     36      4     -7     14     -8    -23    -39    -17     27    -18   -261     52    333     71    -31    -62    204
    29     37     30     -3    -24    -79    -18   -127   -104    142    165     75     37    -23    -32     48     34    -63    -35     27    -72    -94      3     -4     -5   -117    -85    180    178      9   -104    220
    26      5    -31     31     59    -93     11     53   -183   -191     19    124     33    -17   -121    -91     27     -6     57    156     47   -101    -28    -20   -116    -47     50     64    103     56   -135    310
    51     51   -143     18    182    -68   -149     68     87   -154   -306     -7    154    -20    -54    -11     65     10    122    309    226     35    -32    -22   -140   -168     41    154     18    -33   -205    471
    90    143   -197    -89    236    147   -172   -132     56     31   -188    -98    132     22    -37    111    191     26   -110    268    332    153     30    -20    -64   -151   -125     75    -34     53   -320    542
   -42    397    -26   -307    172    346     20   -183   -106     15     -9   -101    -63    124     40     29    178    158   -174    -64    312    231    111    -12     -9    -20   -224    -33     16     83   -339    577
  -434    538    350   -367   -119    493    291    -55   -142     17     24   -125    -99    -32     49     61     39    149    141   -173     -8    275    220     13    -22     78   -100    -70     63   -171   -269    638
  -408     21    491    161   -343     59    461    190    -41     43    -30   -206      7    -38    -99    -70    -83     14    176     26   -237     -9    245     16   -155    -18    152     19    -53   -179   -178    575
   -52   -264     52    474    -19   -327    203    393     57    -38    -33   -106    -53     33    -79    -63    -47   -104      5    115    -69   -249     32     22   -149    -92    148    157     -7    -51    -88    606
   -55    -64    -89    108    187   -141   -131    333    167     -9    -15    -20    -99    -16   -150     -9    188    -20    -53     96    101   -133   -150     41    -65    -57     31     87    128     15    -70    633
  -140     16      3     22    141     26   -212     42    264    132     20     -8    -29    -75    -20   -153    191    161    -30     67     51    -20   -199    -46     50     14     25     12     95     33    -82    604
  -169     11     24     55    116    139    -62   -286    140    327    117    -69     -9    -75    -10   -193    211    390     41     52     51     14   -244   -197     60    127     72     43     55      9    -65    590
  -146    -21     10     44     99    145    159   -216   -211    251    387    -67     18    163   -179   -312   -105    466    269     84     65     93   -153   -256   -103     98    158     76     41    -15    -62    640
  -111     13     -9    -18    103     91    200     60   -299   -201    533    271   -143    193     98   -112   -340    -64    296     79      8    179      7   -203   -161     15     91     69     39    -54   -192    745
  -152     28     78    -12      4     69    161    174   -116   -476    146    582    -97    -95    254    123    -57   -163     40     23      4    107     60   -104   -133     74     57    -61     30     37   -389    509
  -143     -8     60     57     16    -18     52    215     78   -295   -310    430    190   -108     89    140    100     -6    -43     24     27     18     -1    -55   -144     56    173    -78     -1    170   -283    115
  -126    -38    -36     93    182    -59   -119    203    274    -12   -371      6    308      8     -8    116     47     -8     55    100     23     51     -9    -74   -196   -123    146     86    -19    189    -17    242
   -93    -12     -6    -96    124    175   -164    -14    396    184   -201   -286    224    211     39     22    -11     66     55     16     29     35     26    -67   -128    -30     77    104      3    193     45    494
   -98     65    128   -132   -175    275     89   -269    297    370      7   -294   -119    170     95      7    -56    106      9    -41    103      9    -42   -109   -159    147     94     14     48    164    -54    666
  -150    -18    163    120   -218    -12    275   -270   -121    510    183     -6   -194   -105     23     63    -30    -89    -22    -27    118    169     -2   -116   -223     74      9    -25    151    196   -255    701
   -56   -125     22    230    -76   -166    250    -15   -528    282    329     31     34    -81    -39     58    101    -29    -71    -77    -99     99    184      9   -156    -95    -90    -49    157    290   -202    542
    -4    -56    -87    198      2   -196    187    226   -388   -273    452    107     29     54    -21    -54     63    112      8      2    -99   -127    119     54    -59   -147   -134   -115     12    191    -44    495
   -95     69    -55     87     69   -177      3    283    127   -541     73    278     17      9      9     28     54     41    -16     49     68    -27     22    -69    -25      3   -162   -201    -32     47    -49    610
  -132     28     55     75    116   -108   -238    101    308   -123   -247    133    108    -38      0     78    106     97    -25    -68     26     94    131    -63    -75     47   -107   -165    -55     -9   -161    667
   -80    -82     -2    189    207     15   -177    -21    116    114   -184     -5    227     46    -50     29     80    119    174    -31   -182      2    188     73    -51    -43   -103   -125    -30     37   -169    614
   -99     15    -18     61    218    163    -13    -25     51      6    -75    -41    135    130    -47     13     93     23    161    175    -87   -108     68    111     54    -76   -155   -135      8     45   -106    600
  -134    123    127    -13     13    158      8      5     91    -49    -44     16     66    155     16    -13    100     30     59    125     43     -8    -25     10    130      4   -187   -154     59     42   -107    604
  -324     64    177    174     81     76      9     -6    110     75   -105     31    221    236    178     55     78     54     58    110     45     48     34    -46     50    140    -52   -213    -49     91    -35    839
  -101   -218    -49      6     78     20     21    -48     24    149    -58   -175    -22     -8     46     38     -3      0    -25     34     33     -8     29     27    -63     21    101    -77   -252   -158   -229    -27
