   -85   -120    -74    -70    -71    -80    -93   -109   -109    -97    -94    -94    -81    -60    -69    -82    -93   -112   -114    -94   -110   -139   -110    -92    -92    -91    -78    -63    -69    -69    -75    -59
  -151   -170   -116   -110   -100    -98   -122   -149   -152   -143   -147   -152   -133   -105   -103   -107   -130   -151   -155   -154   -176   -170   -150   -141   -136   -133   -150   -119    -93    -98   -105    -77
  -137   -148   -115   -113   -109    -88    -85    -90    -88    -78    -87   -103   -106    -86    -84    -86    -95   -106   -127   -135   -128   -111   -110    -99   -104   -117   -156   -118    -86    -83    -88    -69
  -101   -115   -111   -126   -130   -102   -100    -96    -88    -76    -79    -94   -100    -86    -83    -82    -86   -107   -139   -148   -123   -107   -112    -99   -108   -140   -169   -141    -97    -79    -85    -70
   -79   -107    -99   -116   -119   -107   -111   -107   -103    -93    -80    -95   -108   -101   -106   -120   -112   -109   -127   -149   -124   -117   -109   -100   -109   -137   -161   -144   -110    -80    -81    -69
   -84   -121    -93   -110   -111    -96    -97   -101   -104   -107   -106   -119   -130   -144   -169   -179   -166   -146   -151   -165   -143   -125   -111   -108   -114   -123   -138   -127   -115    -89    -79    -80
  -110   -152   -106   -122   -130   -100   -104   -103    -96    -95   -105   -132   -176   -187   -208   -230   -208   -184   -186   -197   -160   -132   -109   -104   -113   -116   -134   -124   -120   -111   -100   -110
  -151   -191   -111   -134   -167   -116   -110   -110   -105    -95   -112   -153   -219   -216   -210   -221   -202   -202   -216   -216   -189   -146   -107    -92   -101   -116   -131   -132   -132   -149   -181   -154
  -209   -247   -118   -163   -189   -136   -113   -104   -108   -105   -138   -212   -248   -189   -158   -157   -157   -178   -190   -195   -185   -149   -110    -92    -95   -119   -126   -108   -150   -198   -272   -191
  -272   -297   -142   -183   -180   -177   -133   -106    -98   -104   -161   -227   -228   -183   -166   -146   -169   -188   -177   -172   -167   -143   -114    -98   -102   -128   -114    -91   -164   -237   -298   -181
  -291   -314   -162   -140   -149   -175   -168   -110    -88   -104   -157   -192   -212   -195   -189   -179   -197   -200   -179   -162   -134   -138   -121   -114   -129   -149   -131   -117   -165   -214   -232   -159
  -263   -273   -173   -138   -130   -137   -171   -139    -88   -104   -132   -165   -181   -184   -160   -148   -172   -169   -158   -137   -109   -106   -119   -129   -157   -186   -169   -154   -157   -170   -194   -145
  -206   -227   -135   -128   -114   -112   -135   -157   -112   -105   -121   -127   -133   -136   -132   -132   -154   -129   -113    -96    -95    -99   -115   -157   -183   -207   -189   -174   -160   -154   -184   -149
  -185   -205   -120   -109   -100   -102   -114   -136   -136   -109   -100   -100   -114   -122   -144   -155   -171   -131   -105    -93    -93   -111   -145   -176   -185   -174   -149   -146   -146   -140   -179   -148
  -176   -196   -109   -109   -100    -93   -109   -122   -140   -132   -107    -92   -106   -137   -188   -217   -182   -162   -122    -88    -95   -122   -169   -183   -179   -139   -115   -114   -119   -127   -179   -149
  -172   -196   -111   -107   -100    -93    -97   -104   -129   -149   -145   -104    -89   -151   -214   -215   -193   -180   -126    -90    -92   -119   -162   -166   -164   -134   -114   -110   -117   -128   -176   -151
  -172   -190   -104   -103   -103   -100    -94   -102   -123   -150   -172   -127   -105   -148   -177   -147   -160   -174   -148   -101    -93    -95   -119   -120   -133   -128   -127   -125   -134   -144   -182   -152
  -173   -192   -101   -105   -106   -107   -105   -112   -124   -142   -168   -163   -120   -126   -154   -111    -97   -111   -144   -111    -96   -101   -101    -97   -121   -136   -148   -141   -145   -156   -193   -161
  -167   -186    -98    -95    -98   -106   -108   -119   -121   -136   -158   -181   -120   -114   -137   -105    -79   -118   -113    -94   -110   -116    -93    -94   -121   -149   -156   -125   -135   -150   -158   -132
  -161   -183    -97    -96   -107   -104   -113   -133   -123   -113   -148   -170   -140   -115   -114   -115   -107   -119   -101    -99   -104   -102    -89    -98   -128   -165   -163   -126   -126   -130   -140   -104
  -159   -177   -101   -115   -117   -104   -112   -127   -133   -112   -131   -138   -129   -109   -101   -112   -111   -104   -101   -104   -102   -103    -93   -106   -128   -160   -146   -118   -115   -139   -145   -113
  -161   -172   -105   -128   -124   -111   -116   -120   -131   -106    -98   -110   -114   -107    -98    -95    -95   -100    -96    -88    -98    -98    -95   -107   -130   -177   -156   -127   -156   -175   -174   -138
  -161   -183   -106   -121   -113   -116   -126   -129   -140   -153    -96    -86    -86    -96    -92    -78    -80    -89    -82    -80    -91    -95    -90   -106   -133   -191   -159   -120   -141   -157   -166   -135
  -154   -182   -112   -128   -108   -111   -118   -115   -130   -149   -115    -72    -72    -69    -77    -77    -84    -84    -82    -95   -101    -98    -85    -96   -132   -182   -147   -139   -161   -150   -162   -128
  -149   -175   -111   -131   -114   -114   -110   -109   -140   -143   -149    -78    -65    -75    -79    -82    -85    -83    -78    -91    -98    -98   -102    -96   -122   -152   -145   -162   -180   -147   -168   -125
  -159   -176   -117   -134   -119   -115   -131   -107   -114   -125   -157   -119    -89    -88    -80    -80    -88    -86    -73    -69    -82    -83    -96    -91    -97   -124   -140   -164   -196   -150   -161   -131
  -160   -185   -132   -129   -112   -118   -136   -122   -110   -121   -124   -135    -86    -66    -74    -95   -100    -89    -75    -78    -81    -88    -93    -80    -84   -109   -139   -176   -206   -145   -152   -135
  -152   -189   -129   -126   -119   -115   -106   -113   -107   -121   -141   -135   -102    -78    -79   -107   -120   -101    -84    -88    -87   -100    -99    -82    -87   -114   -148   -188   -200   -132   -150   -135
  -154   -185   -103   -125   -119    -97    -98   -105   -109   -112   -118   -131   -116    -87    -78   -106   -117   -106    -96    -83    -73    -96   -106    -94    -96   -122   -164   -196   -188   -124   -153   -132
  -175   -194   -108   -132   -140   -113    -99    -96   -103   -104   -122   -158   -132   -103    -91   -104   -110   -105   -104    -89    -73    -81    -94    -96    -99   -126   -158   -189   -179   -125   -158   -136
  -221   -211   -145   -150   -143   -135   -129   -121   -134   -152   -200   -220   -195   -173   -147   -134   -129   -130   -127   -115   -107   -105   -110   -117   -137   -153   -184   -231   -233   -209   -230   -155
  -142   -155   -123   -117   -112   -104   -102   -107   -112   -125   -162   -175   -162   -147   -118   -103   -100   -101   -103    -99    -89    -92    -90    -90   -112   -120   -134   -168   -184   -187   -200   -151
