     0   -291      2      1     62    151    125    -68   -109      5      7   -223    -42    182     62     11    250   -104   -257    280     10   -280    -86     82    130   -109    -21    -32     80     82      0   -127
   -50   -380     47     -8     16    149    120   -113   -170     11      5   -345    -91    214     60     -1    279   -102   -252    135   -181   -221    -85     81    251   -114   -292   -130    201    108    -21   -172
  -109   -236    153    -70    -89    108    106   -111   -179     43     27   -332    -89    214     52     -8    231      0   -186   -233   -254    -17    -17     67    385      3   -683   -140    309    125    -24   -162
  -119    -76    231   -172   -132     90     84    -62   -155     29     40   -266    -73    204     55      2    200     65   -258   -476   -164    108     28     57    435     80   -904   -155    327    148     -2   -165
   -39    -50    170   -270   -126     69      0      3    -84    -41      8   -184    -28    221     39    -89     40     17   -414   -583    -75    151     52     99    391     63   -836   -211    237    161     43   -172
   -14    -71    141   -286   -164     34    -59      5     12    -14    -18   -139     45    216     19   -196   -140    -25   -481   -582      4    198     73    150    348     11   -675   -237    110    167    134   -221
   -72   -173    197   -234   -349     28     21    -38     34     71    101    -22     53    133     39   -205   -203      0   -506   -552     61    216     86    169    356     38   -569   -277     68    217    225   -515
  -224   -380    387   -159   -703      1    147      1     -5     78    367    184   -203    -48     93   -217   -207     16   -456   -483     34    140     83    161    345     91   -494   -332    184    382    122   -891
  -384   -620    562   -133   -944    -41    186    116     -4     87    555    157   -553    -99    155   -215   -230   -147   -218   -257    -87     13     65    183    329     22   -382   -239    477    380   -324   -937
  -377   -824    430    -84   -704   -232     44    173     86    191    497   -118   -548     67    149   -130   -282   -327     71     68   -136   -112    -31    237    286   -192   -227     49    560     68   -732   -709
  -171   -879     -1     70   -170   -449   -192    146    232    174    153   -283   -291    103     53   -136   -403   -305    137    159      7   -120   -192    271    232   -375   -135    209    275   -169   -809   -498
   -82   -746   -231     55     54   -304   -389     -7    267     22    -63    -26    -57    -12     26   -178   -478   -144     70     40    150     -8   -246    281    205   -328    -95    156     72   -134   -691   -403
  -109   -602    -96   -123     -1     10   -355   -256    128    -87     58    251     60    -45    175   -155   -561     24    110      2    179    134   -103    205     90   -250   -113     -2      3    -41   -621   -390
   -99   -530     18   -186    -10    124   -134   -380    -95   -118    171    249     44    -14    299   -287   -792    117    173     12    133    213     96     71   -127   -234   -104    -24    -27    -23   -615   -385
   -51   -541     13   -158    -17    106      0   -234   -254   -249    143    269     56    214    216   -442   -750     97    208     68    109    211    243     41   -254   -203    -50     41    -55    -51   -625   -363
     5   -575     -6   -122    -11     45    -35     48   -188   -465    -52    282    219    242    -87   -273   -327   -145    141     89     99    116    266    112   -241   -170    -70     22    -85    -56   -603   -349
    23   -611     11    -37     -9    -24   -116    208    -23   -377   -405    260    371   -214   -302     95     94   -331    -89     32    178     -4    193    168   -101   -136   -171    -61    -66     -3   -476   -384
    -2   -622     13     24    -58    -75   -181    124     62     68   -607     21    400   -418   -224    273    266   -238   -352     38    327   -139    113    229     60   -199   -341    -74      5      5   -223   -413
    -2   -592    -11     42    -70    -99   -190    -76     78    448   -367   -399    237   -241   -149    229    246   -234   -422    219    293   -257     78    262    158   -348   -520     34     24   -242    -59   -391
    32   -562     22     30   -205    -90    -29   -240     11    508     31   -644    -55    -31    -26    172     98   -282   -170    338    115   -251    106    253    227   -421   -552    175     11   -450     62   -262
    39   -534    111     -4   -370      9    187   -259   -185    351    271   -509   -255     48     80     62    -45   -152     72    223     -5   -162     92    233    291   -364   -427    228    -59   -552     74   -198
    20   -499     45    -60   -217     32    178    -44   -386     98    306   -157   -232     11     40    -46     21    -59     44    142    -68    -91     50    241    347   -388   -346    212   -150   -560     27   -256
    14   -453   -163   -112    140    -16    -98    228   -322   -271    156     64   -120    -36    -58    -72    134    -82     53    189   -121   -126     -2    262    423   -513   -287    322   -191   -560     68   -376
    10   -426   -284   -191    347     27   -371    350     86   -565      4    160     10      7    -77    -72     37    -68    138    185    -99   -163    -57    262    437   -656    -59    504   -314   -615    141   -468
   -34   -442   -238   -332    382    141   -543    210    494   -491   -257    115     28     -9    -69    -30    -64    -29    143     94    -51   -123   -152    158    301   -624    263    482   -513   -615     50   -459
  -115   -460   -155   -382    412    273   -609     17    576   -105   -448    -93    -18    -20     -3     47   -137    -24    150     54    -20    -47   -270     86    179   -370    488    368   -627   -502   -140   -421
  -144   -478   -190   -282    372    250   -532    -25    314    233   -436   -337      1     51    123      7   -228     -1    198     78     12    -48   -350    165    184   -162    491    243   -665   -358   -248   -434
  -100   -511   -199   -120    157     97   -202     64     37    352   -333   -331   -103     56    217   -132   -270     31    142     59    111    -73   -397    237    201    -45    472     81   -646   -245   -268   -476
   -58   -546    -27    -24   -108     23    137     34    -44    298   -170   -226   -381     47    264   -196   -199     82    -35    -30    269    -62   -359    215    154     57    448    -53   -570   -174   -300   -478
   -78   -607     45    -69   -250     45    249     -5    -66    247     11   -336   -587     67    236   -141    -88    130   -181    -83    336    -52   -222    199     69     83    387    -64   -487   -164   -367   -455
   -77   -562     -7   -133   -151     72    222     25    -75    307    117   -545   -491     64    138    -36     -6    102   -245    -44    285    -79    -66    250      6     24    325     11   -434   -178   -383   -397
   -53   -297    -26    -97     -4     59    131     17    -19    245     46   -421   -207      6     42     20     27     39   -152     22    146    -75     21    189    -11     14    205     29   -238    -87   -249   -132
