    66      7   -139   -123    -35     98    173    122     -8    -72   -107   -250   -334   -172    -46     39    135     73    -93     47    127    -53   -262   -208   -140   -196   -213   -188   -118    -47    -28    -98
    99    -66   -290   -214    -43    175    300    187    -16   -103   -159   -387   -558   -326   -107     59    216    171     38    131     47   -195   -368   -256    -89   -128   -327   -484   -309   -114   -102   -191
    54     -9   -101    -42    -27     62    195    132    -55    -94    -82   -291   -497   -296    -75     68    238    313    254     28   -241   -327   -294   -103    175    180   -288   -717   -431   -112    -74   -175
    19    135    221    226    107     79    136     47   -130   -173   -137   -303   -469   -277    -84     62    269    401    235   -187   -451   -349   -197     17    353    327   -277   -880   -572   -149    -85   -175
    46    279    387    315    150    108    127     84    -36   -146   -201   -356   -445   -216     40    200    384    468    191   -388   -573   -343   -137    101    408    361   -206   -842   -667   -235   -116   -179
    78    279    276    169     30     44     50     41     39     -9   -110   -284   -272     28    221    167    108     74   -210   -780   -831   -460   -152    131    392    324   -133   -683   -670   -325   -140   -145
    97    233    196    105   -116   -168    -90    -38     14    130    151     69    140    300    257     43   -162   -266   -589  -1178  -1183   -679   -239     98    376    344    -29   -543   -624   -292     -7    -49
    65    115    183    192   -240   -482   -237    -80    -21    196    459    571    526    382    308    110   -136   -303   -653  -1265  -1309   -823   -383      8    367    415     91   -438   -472    -21    247   -270
    12    -89    148    225   -463   -867   -456    -76     34    282    704    835    465    112     73     -5   -235   -472   -665   -960  -1008   -790   -475    -58    319    392    101   -259    -45    444    185   -741
    49   -147    -61     54   -503   -963   -755   -276     36    379    713    506     24   -174    -45    -19   -289   -714   -733   -505   -450   -496   -383    -17    276    228     -7     58    578    696    -98  -1148
   254     69   -320   -175   -264   -663   -912   -592    -75    298    307    -71   -374   -281    -78    -78   -411   -823   -701   -230      7    -67   -105    138    300    150     11    375    732    438   -411  -1344
   287    202   -388   -270    -76   -269   -733   -746   -263    -49   -228   -359   -294   -104     47    -34   -377   -651   -470   -109    205    284    250    403    458    244     90    235    323     85   -563  -1385
   183    162   -203   -178    -86    -43   -315   -631   -513   -443   -483   -275    -21     91    195    161   -240   -492   -315    -87    214    438    559    720    705    480    280    147     68    -62   -622  -1417
   165    160   -110   -128   -113     53     26   -337   -623   -679   -532   -166     51    201    350    275   -419   -702   -356   -118    182    500    741    823    658    402    213     82     34    -58   -617  -1416
   205    184   -136   -176   -137     54    173    -33   -445   -738   -647   -228     28    298    462     86   -724   -985   -486    -82    240    558    783    746    476    212    101    115    127    -28   -638  -1428
   249    227   -129   -197   -171    -13    141    163   -101   -575   -822   -401     39    365    245    -34   -515   -748   -519   -128    195    456    677    676    494    267    155    158    131    -59   -675  -1437
   261    220   -131   -151   -118    -82    -46    137    140   -259   -835   -605     54    170   -227   -178    -76   -221   -353   -230     26    240    505    622    611    467    294    140     36   -115   -621  -1362
   243    169   -149    -95    -77   -159   -228   -107    109     51   -460   -589   -148   -153   -533   -168    275    261   -138   -250     -8    183    366    543    659    535    191   -122   -221   -264   -533  -1094
   237    174   -134    -89    -76   -174   -333   -411   -136    216     71   -305   -328   -322   -535   -230    228    204   -211   -231    124    220    286    504    638    392   -181   -458   -390   -396   -559   -814
   255    242    -49    -32   -102   -262   -379   -530   -366    263    404     22   -385   -383   -356   -137     79   -102   -325    -70    222    203    270    520    619    287   -315   -481   -303   -497   -745   -781
   270    301     92     92   -182   -380   -295   -387   -439     84    389    166   -323   -412   -208    -53    -80   -233   -157    123    230    193    293    548    651    385    -49   -196   -206   -658  -1003   -981
   264    318     96     40   -171   -285    -73   -114   -380   -277     52     99   -161   -298   -183   -148   -149   -126     37    165    198    182    284    549    689    488    203      6   -135   -661  -1066  -1145
   262    277    -77   -208   -114    -60      8     26   -216   -479   -316    -64    -36   -136   -165   -162    -56     13     70    159    181     84    148    480    693    479    204     46     16   -475   -901  -1157
   262    244   -215   -442   -134     -6   -105      2     43   -264   -465   -219    -42      1    -61   -118   -122   -126      2    164    171      5      2    366    580    325    149    186    264   -312   -755  -1100
   230    198   -268   -584   -258    -42   -128    -96    230    101   -307   -288   -105    -59   -122   -202   -277   -259    -33    153    171     39    -34    199    275    136    230    530    495   -202   -729  -1115
   171     78   -356   -660   -317      4    -70   -244    215    385     13   -243   -242   -225   -234   -211   -250   -271    -71     97    147     96    -53     11     51    141    523    801    591   -117   -738  -1221
   142      3   -470   -671   -241    152     18   -234    185    456    245   -211   -400   -275   -169   -103   -237   -330   -114     62    105     37   -194   -129     38    320    756    861    536    -76   -687  -1270
   164     38   -475   -553   -167     95     72    -23    128    335    201   -195   -424   -264    -52    -67   -335   -429   -193      7    102      2   -282   -189    120    467    822    785    436    -74   -620  -1255
   200     92   -307   -306   -264   -164     31    125    124    271    226      3   -317   -367   -124   -156   -423   -430   -282   -175     42     40   -189   -119    204    563    827    696    359    -62   -589  -1257
   218    117   -189   -184   -373   -355    -40    118    162    348    390    189   -385   -617   -362   -317   -424   -327   -304   -317    -26    103    -14     15    252    573    780    649    368    -16   -602  -1299
   202     60   -255   -310   -406   -293      4    136    170    395    446     67   -585   -786   -565   -421   -330   -199   -245   -293    -55     55     34    127    265    420    610    601    358    -56   -688  -1323
    29    -96   -315   -347   -307   -154    -14     13     20    156    131   -151   -539   -584   -472   -341   -207   -139   -168   -178    -67    -42    -39     39     76     93    162    146    -24   -315   -661   -828
