  -148   -253   -176   -117    -82    -84   -158   -255   -315   -297   -288   -267   -193    -98   -104   -151   -198   -287   -257    -93    -18    -94    -46      0    -44   -138   -171   -109    -88    -82   -143   -108
   -77   -120    -29    -12     18     21     -8    -45    -36    -17    -35    -32      2     28    -19    -41    -41    -26    -21     34     67     84    128    121    114     -2    -47     15     65     16    -44    -33
   -23    -27     -7    -32     -8     24     37     28     58     54     -6    -48    -41    -16    -29    -14      2      9    -20     55    125    139     87     70     67    -33   -112    -20     63      4    -51    -36
    12     26     21     44     46     92    111    132    138    110     35    -23    -39    -22    -32    -12     -2    -25    -71      6    101    125     84     79     69     -4    -98    -48     29      1    -48    -37
   -21     -2      9     32     67    125    163    205    212    158     58    -23    -65    -86   -125   -118    -99   -130   -194   -140     -2     80     85     80     58      1    -77    -64    -18    -11    -46    -35
   -69    -66    -24    -52    -15     83    133    149    179    170     92    -14   -101   -207   -332   -431   -423   -394   -405   -328   -129     17     67     75     68     -4    -68    -63    -48    -38    -84    -67
   -86   -101    -19   -133   -118     -1     76     86    113    166    132    -28   -229   -347   -476   -515   -436   -336   -342   -312   -161    -57     16     58     76      6    -72    -72    -50    -69   -228   -185
  -153   -202    -71   -216   -219    -46     68     81     86    124     82   -100   -276   -228   -112    -63     22     51    -32   -131   -172   -128    -62     22     49      0    -67    -95    -95   -203   -446   -436
  -258   -399   -197   -292   -302   -103     18     66     64     40    -59   -159   -151     63    213    212    178    156    137     -6   -188   -191   -130    -48    -52    -77    -81    -54   -154   -328   -519   -415
  -231   -486   -242   -247   -272   -200    -82    -24      6    -75   -164   -126     39    182    163    164    150    185    191     92    -62   -163   -152   -113   -159   -209   -171   -115   -249   -346   -431   -148
  -104   -331   -168   -129   -172   -235   -213    -99    -85   -119   -108     61    117     72     64     97    134    165    123     77     56    -52   -102   -118   -209   -331   -335   -331   -395   -346   -273    -28
    -7    -76     -5    -84   -112   -157   -228   -178   -121    -91      2     92     39     23     45     63     83     73     69     56     73     47    -27   -142   -279   -462   -505   -451   -327   -184   -150    -10
    70     36     41    -77   -133   -148   -203   -214   -106     -7     52     35      3     25     22    -42    -68    -41      6     -5     14     34    -31   -206   -329   -373   -287   -166    -45     -9   -101    -12
    56     -6     13    -25   -104   -150   -159   -163   -140    -39      4     35     28     39    -80   -201   -232    -96     -8    -43    -40    -52   -102   -241   -302   -207    -37     20     25    -16   -111     -4
     4    -71     -7    -26    -69   -105   -115   -131   -194   -142    -28     50     72      9   -101   -172   -136    -48    -12    -29    -55    -90   -101   -130   -128    -42      8    -23    -27    -35   -105     10
   -10    -81    -11    -15    -49    -88   -111   -111   -179   -198    -67     87     76    -25    -12    103     55    -78    -94    -71    -80    -80    -61      4     14     11    -39    -34      1      9    -79      9
   -16    -71     20     16    -25    -73    -86    -84    -78   -165   -176    -38    -24    -77     70    191     79    -53   -109    -43    -45    -45     -6     50     64     44     27     87    163    173     13     21
    -8    -70     22     14     -6    -55    -61    -53      2    -38   -168   -189   -126   -101    -21     62     74     52      7     25     -7    -38      3     54     28     52    111    209    246    229     77     76
   -14    -97    -31    -34    -35    -53    -71    -26     37     82    -35   -159   -117   -106   -149    -77    -43    -61     -7      0    -57    -64     -7     20    -17    -14     45    113     94    103     33    104
   -30   -112    -42    -87    -82    -53    -64    -70     28    106     73    -10    -26      9    -34    -72    -58    -63    -30    -69    -85    -66    -24     -8    -14    -48    -54   -104   -162   -116   -111     42
   -37   -107    -43    -71    -52    -19    -56   -131    -57     60     98     87     86     76     89     64     77     64     15     -9     -8    -22    -20     -8     -6    -46    -82   -147   -227   -203   -204    -64
   -31   -104    -10     44     83     22    -12    -67   -101      0    116    174    159    101    111    135    113     72     59     65     49     24     23     44     58     48     95     74    -37    -95   -156   -102
   -14    -93     25     91    147    120    103    112     15    -72     35     94    115     80     49     40     20     48     82     63     27     20     47     88    120    169    254    214     31    -55   -134   -110
   -17    -79     12     83    167    211    195    176     46   -124   -138    -40      2     26      3    -24    -13     38     60     49     38     11     25     61    123    264    355    209     17     -4   -104    -54
   -23    -78     -3     68    178    177    186    154    110      1   -146    -92    -51    -29    -29    -69    -96    -72    -21     12     47     27     23     78    176    324    332    169     64     12   -110    -18
   -16    -74    -15     34    111     79     83     73     72     30    -45    -47    -10    -31    -91   -168   -193   -145    -60    -30    -19    -12     33     97    169    199    180    111     34     -8   -130    -43
   -15   -103    -58    -38    -22    -32    -47    -48    -57    -54    -22    -12     11    -23   -137   -222   -186    -82    -16    -14    -41    -69     -9     65     81     67     47      3    -87    -29   -140    -76
   -42   -150   -116   -152   -151   -124   -109   -126   -122    -75    -27    -33    -38    -55   -107   -153   -110    -41      4     35     34    -33    -46    -15    -24    -53    -73   -103   -130     -9   -135    -66
   -66   -184   -125   -179   -163    -83    -54    -56    -56     -8    -56   -190   -162    -95    -27    -42    -40    -39    -27     43     86     18    -57    -92   -127   -141   -130   -125   -111     -9   -128    -38
   -64   -168    -57    -48    -17     13    -12    -73    -86    -67   -151   -258   -175    -40     51     74     61     14      0     46     90     55    -33   -124   -208   -207   -133    -89    -75    -14   -108    -17
    -1    -20     87    111    116     87     51     25      3    -29    -83   -114     -3     85    148    197    196    142    108     91    105    112     69    -10    -80    -97    -10     86    179    271    160    164
   102    161    202    173     71    -15    -18     83    112     31     25     62     58     48     76     97     76     35     -7    -67    -74    -33     -1     43    101    101    103    198    337    407    365    297
