  -193      5     77     72     24    -26    -62     -9     65     90    108    154    168     70     19     18    -13     61     66   -209   -184    187    212    158    137     42    -11     57    131     49     87     73
    31    268    134    -39    -40      8     18      4     41     93     84     51     48     48     32     25     80     45   -135    -53    250    259    110    110    103   -106    -63    153    102     24     83    -18
   143    226     49   -142   -119   -106    -81    -68    -77    -71    -27    -21    -10    -19    -46    -29     -4   -113   -108    185    242     51    -23    -12     -7   -106    -21     39    -23    -22     21    -48
   -95   -194   -112     79    223    123     63     45    -45    -81    -21    -21    -31      2     11     20     35    -32     45    171     39    -99    -82    -42    -73      2     82     -5    -47     -8     36    -42
  -220   -204   -111    -50     15     74    187    228    173     59    -30    -65     38    141     75    -55    -81    -62    -24    -30    -42    -23    -22    -29    -39     21     28    -26    -60    -23     36    -53
  -171    -75    -32    -81    -53     44      6    -43     68    189    146     23    -35   -189   -300   -304   -232   -143    -26     56     35     28      0     -2     35    -35   -152   -109      0     55     89    -99
  -153     62    175    -61   -110     46     39    -16    -81      9    144   -151   -492   -410   -211    -43    128    226    250    147    -24    -65    -40      0     39    -32   -131    -89     66    133    -70   -249
  -162    141    125   -158    -76     43     17     23    -72    -45    -82   -391   -270    207    378    341    283    318    400    126   -119    -98    -67    -53    -94   -151    -61     41     90   -314   -317    -68
  -266    -90   -196    -32    125    -39    -76      3     50     24   -255   -214    361    479    240    173     66    163    236     52    -78    -68    -82    -78   -187   -161    111    144   -189   -555    191    240
  -184   -173   -180    376    185   -199   -152     -5     56   -132   -149    449    692    400    270    137    174    259     -7    -34    112     16    -54     -3    -36     27    133   -109   -375     -8    560    -48
   -67    197    334    177    -22     60    -45    -86   -137   -133    328    452    -81   -195    -42     22    165    -22   -307   -203     31     37    -24     14      9   -100   -342   -506   -162    226    208   -214
  -211    174    251   -152    -45    161     25   -132   -113    101    167   -412   -687   -490   -362   -383   -440   -490   -404   -284   -190    -10     43    -45   -169   -227   -285   -129    243    233     92   -212
  -290   -147   -195    -45     42    -55    -73    -91     -3     62   -140   -377   -275   -145   -186   -431   -402   -170    -94    -96   -110    -15    -64   -214   -207     23    237    374    257     58     36   -221
  -301   -236   -162    -36    -93    -46     68     30    -18   -108   -177   -167    -83     14   -187   -128     94     81     28      5    -32   -145   -234   -201    -22    155    187    109    -23     -4     58   -182
  -229    -89    -59    -85    -52    -64      3    115    -32   -184    -95     43     86   -172   -301    162    105   -126    -25    -59   -115   -155     22    183    182     78    -29    -81    -50     38     75   -196
  -225    -78    -24    -57    -82   -118    -53     67     38    -13    -51    155    -96   -227    440    714    206   -172   -167   -116    -17     22    140    170    123    -43   -149    -88     16     99     77   -243
  -230      3     88     28    -39     32     35     10    182    181   -113   -114   -108    199    215   -298   -298    -81    -54     40     81    -88    -99    -62    -86   -147    -26    148    199    226    214   -225
  -121     22    -50    -68     36     70    -36     -7    124    175    -88   -262    -46     58   -314   -433   -205   -116     94    251     22    -67    -21   -126   -213   -154    174    389    256    182    265   -171
  -181    -96    -46    -33    -69    -38    -25    -18    -60      9    -44   -105     45     17    -58   -139   -253   -101    161    -32   -143      8     34   -132   -144    -48     79    -43   -342   -394   -233   -347
  -188     -2     14   -182   -163     92     52   -105   -247   -226   -120     -6     94      7    -81   -156     15    254      9   -260    -29     50     17    -30    -39    -96   -272   -528   -516   -311   -183   -305
  -172    -48    -85     38    180     18   -114   -196   -347   -257    -68     89     49   -105    -82    176    390     82   -212    -21    110      5     -4     -3    -48   -103    -59      5    122     91     64   -192
  -204    -96      3    301    245   -128    -95    101      2     34     66    123    133     65     47    122   -111   -402   -144     51    -72    -39     96    161     79    -78     73    214    162      5     79   -225
  -106     50     85     26    -62    -31    146    282    102    -93   -141   -288   -216   -117   -117   -203   -207     54    178    -11   -102    -67     33     47    -49    -37    292    193    -73    -82    144   -196
  -177     -3     25    -86     -6     79     38     67    100    -76   -163   -212   -207   -139    -51    -16    109    163     57     70    141     79    -73   -137    -36    227    367     -8   -117    -79    108   -124
  -254    -20      1    -48      6    -74   -198   -111     66    100     -3    -51    -48     14     85    114     12   -166   -179    -93    -41     -7    -62      0    114     72   -107   -252    -95    -67     99   -143
  -137     52     24     30    -16   -126   -116    -62   -137    -10   -125    -98     37    111      7   -158   -174    -89    -59   -116   -189   -196    -62    110    -35   -373   -384   -227    -93    -38    101   -224
   -85     -8     -3    -61   -160    -94     11   -183   -358   -285    -78    220    125     30   -101   -120     43     80     59     36    -13    -41      7     37   -138   -295   -247   -237   -114      8    111   -228
  -266   -120   -136   -369   -323    -37    -34   -144     36     55    138     24   -228   -124    -47     79    140     28    -32    112    233    149     24    -45    -95    -99   -157   -183    -62    -37     52   -200
  -222     -5    -87   -129     64    176     25     91    132     57   -166   -303   -116     70     63    108     40    -19     16     58     24     29      0    -70    -91    -79    -63    -42    -22    -36     81   -181
  -152    -18    -51    122    285     87    -58   -102   -188    -74   -262   -124    165    108     92     96     10     -4     38      9   -100   -109    -56    -19   -100    -95     47     26    -53     -6    122   -181
   -99    176    135    166     48    -37      8     16     78     19     51    429    347    127    159     79     -8     39     95     33    -12     36     85     50     25     69     83     63    200    288    368    -70
    63    108    132     38    -64     34    135    162    133    190    394    360     94     80     61    -77    -41     91     56     18    124     97     17     77    183    192    148    144    210    235    142   -200
