    44   -248    -72    -43     22     75     47   -109   -126    -66    -47   -206    -86     78      0    -31    115   -180    -93    356    -73   -343   -130    -93    -46    -92     18   -120    -35     20    -48   -127
  -412   -175     74     98     55     16    -55   -115    -62     -1      4   -112     73     73    -45      2     -1   -168    313     89   -551    -27    100    -27     37     61   -132   -274    122      5    -68    -31
  -552    162    318     94    -57    -16    -71   -109    -35     76      3    -81    117    119    -21      6     16     21    220   -289   -301    189     60     34    107    -30   -398    -69    204    -19    -22    -30
  -254    377    244   -179    -83     40    -71   -109      1     40    -62    -55    135     81    -49     36     55     40    -18   -258     70    171    -26     25    124   -254   -416    156    139    -34    -11    -32
   -12    185     40   -196     95     -3   -138    -98    -21     -1    -66    -49     74     83     38     99     28    -16    -99    -73    131     43    -94     27     36   -363   -263    265     78    -50      1    -34
    -3     43    -17   -128     48   -127    -48    -13    -64    -67    -77    -46    205    242      7   -104   -203   -150   -253   -128    113     43    -43     16    -64   -286   -116    208      0    -67     57    -23
   -66   -110    -33     57     -4   -125    -13    -40    -44    -60    -13    194    226    -85   -253   -272   -214    -98   -284    -33    253    122     -7      4    -71   -182    -77     44    -52     61    303   -295
  -176   -192    188    102   -285    -47     39     28    -22    -93    160    223   -283   -473   -214   -179     24     10   -270    204    337     76      2     30      9   -132   -158    -87     92    459     29   -815
  -354    -58    378   -282   -420    178     60     58    -65    -28    295   -264   -804   -196     22   -138     81   -232   -174    375    284     24     53     87     73   -262   -319     15    553    268   -892   -619
  -694    238     65   -638     79    283    -35    -10    -21    196     -6  -1041   -643    231    -79    -94   -175   -376    224    336    139     94     52    120    -36   -426   -142    435    520   -607   -953     76
  -835    345   -312   -108    387     34    -60     -6    153     37   -765   -920    184    263   -117   -165   -382     46    469    111     70    161     15    125   -123   -254    212    328   -215   -767   -305    252
  -714    154    -83    328     -4      4     90     64     71   -367   -577     66    396     40    -57    -30    -58    350    258    -40     79     55     17    178   -121   -147     91   -187   -494   -288   -145    206
  -578    154    216     55   -105    166    117     27   -127   -349     62    274     89    -41    136     77   -171    126     55    -44     40     -4    159    188   -276   -251   -116   -287   -124     49   -189    184
  -431    211     42    -69    119     90    -12      0   -103   -161    189     95    -83     44    348   -253   -404    160     42     54     97    112    128    -59   -459   -256    -69     -1     80    -33   -289    164
  -376    128    -32    -14     91     81    -23    -16     41   -111     42    -55    -85    381     56   -766   -102    305     -1    144    160     72   -123   -281   -369    -84     47    107    -21   -100   -325    197
  -320     85    -31    -28    115     71    -81     22     17   -154    -40   -104    309    244   -863   -538    444    316     23     60     43   -102   -170   -211   -154     99     65      3   -133   -115   -280    229
  -326    -26    -26     33    121    -65    -87     82   -225     -9      3     89    257   -473   -542    448    418     24    -32   -168     88    -20    -70   -200      2    108   -108   -187   -168   -128   -242    279
  -434     19     99     59    -33    -71     16     10   -279    159     28    174    -98   -390    167    312     62     -1   -171   -110    320    -88    -75   -142     76    -98   -398   -281    -43    -79   -142    368
  -369    109     26      7      9    -35    -23    -76    -95    180     -7     74   -222   -174    247    129     94   -265   -271    379    185   -264     61    -67    -27   -380   -414    110    274    -15     28    228
  -327     17     61    147   -125   -191     39      6    116    213   -102    -66   -123    -68    322    225   -197   -469    194    497   -221   -160    155   -103    -81   -388    -59    400     79   -293     13     16
  -322     80    204   -127   -361     88    187     57    143     -4   -233   -168     61     57    195   -116   -385     88    485     59   -272     53    112   -106    -27   -295     77    219   -320   -269    148    -41
  -329    128     -8   -425    -38    426    -16    -81     36    -94   -246   -126    135     88      0   -129    167    300     29   -102    -42     58    -37   -118    -17   -293    -16     69   -255    -54    229    -72
  -397     92   -187   -167    248    196   -302    -95     95     48   -114     84    123    115     -5     95    192   -203    -78     82    -56    -30   -106      5     61   -465   -163    186    -78   -108    221   -117
  -311     67   -126    -18    136    -40   -162     65     82     71     -2     18     58     61    -43      9   -121   -184    203      3   -139     -5     12    106   -130   -822    129    444   -251   -159    217   -214
  -270    -50    -69    -62    145     13    -36     40    -59    -60    102      2     60    -54   -116    -12    -14    106    169    -74    -72     82     52    -52   -372   -564    697    227   -559    -59     55   -217
  -426      4    -81    -77    312     55   -188      4     16    -77    255    -83   -132    -84      5    193     25     54     52    -42     11     96   -106   -111   -185     25    641   -249   -593     22    -88    -82
  -441    152   -170    119    492    -79   -244    265    -19    -17    -36   -245    -70     68    201     53   -199     55     96    -24     16    -22   -196    108      9     99    290   -391   -470     36   -118     13
  -253     54    -98    337    243   -288    -10    260   -321    -47   -310    191    118      9     99   -233   -155    217    115   -152    -16    -43    -90    275    -14     49    152   -479   -371     77   -126      7
  -277    -36     77    173   -197   -183    170    -95   -168    119    -21    353   -276    -84    -25   -246     64    264    -38   -158    129    -65     15    282    -72     60     28   -512   -188     73   -212      6
  -388     51     94   -112   -210    225    149   -100     57     96     80   -118   -506    147    -86   -156    194    219   -122      7    178   -139     61    169    -77     31   -132   -384    -44     -4   -270     63
  -618      0   -107   -225    104    301    -44   -213   -135    106   -208   -682   -243    207   -153    -40    231     69   -211    135     77   -288      8     82   -187   -127   -192   -374   -348   -291   -527    176
  -640    244    -32     36    232     79   -144   -238    -18    -25   -503   -254    355    208     27    112    122    -74    -63    188   -104   -197    110    -70   -270    -86   -222   -430   -249    -55   -121    686
