   -28    -99    -57    -53    -44    -25     -7      1      5     10    -22    -80    -77    -33    -45    -63     12     43     45     10   -111   -191   -222   -213   -184   -156   -110    -97    -73    -46    -85    -71
   -81    -89    -73   -105   -125   -123   -100    -66    -27     -2    -23    -78    -80    -55    -73   -102    -51     15     47    -58   -185   -184   -175   -181   -179   -219   -198   -152   -110    -76   -103    -72
   -19     80     86    -39   -101   -112    -86    -52    -19     31     46     -2    -23     14      7    -31     21     85     85    -68   -174   -165   -127    -91    -71   -162   -170   -112    -58    -26    -52    -49
    38    148    133    -18    -98   -135   -152   -162   -177   -128    -48    -17    -17      1    -17    -57     -9     88    101    -13   -157   -192   -141    -72    -54   -151   -156   -138    -69    -37    -58    -47
    21    130    160     27    -64   -133   -180   -209   -255   -267   -168    -69    -21    -31   -106   -198   -180    -34     86     40   -123   -194   -154    -71    -63   -152   -136   -129    -87    -44    -67    -54
   -44     46    117     38    -20    -68   -121   -164   -213   -252   -213   -131    -78    -89   -113   -150   -164    -54     59     61    -37   -118   -133    -69    -54   -127   -132   -107    -85    -51   -106    -98
  -118    -22     51      5     -7    -10    -44    -58    -95   -158   -181   -181   -143    -67     22     61     38     33     66     76     67     -2    -81    -62    -51   -103   -123   -122    -98    -70   -227   -214
  -168     -8     89    -34    -40     -5    -14    -43    -83   -104    -98   -147   -124    -73    -69    -44     -5     30     36     22     57     45     -7    -21    -41    -99   -116   -136    -94    -98   -280   -149
  -198     -7    164     28    -31    -20     -2    -58   -104    -90    -44    -98   -120   -149   -143   -144   -107    -56    -37    -21      1     50     56     27    -22    -87   -103   -113    -41    -98   -170      4
  -162    -32    111     92     35    -51    -26    -25    -64    -49     -5    -82    -90    -32    -48   -112   -123    -58     18     75     65     60     68     43    -36    -59    -30    -47    -39    -89    -72     52
  -157     43     80    139    144     -7    -45      3      0     -9     48    119    244    329    279    166     93    123    194    214    182    104     37     17    -48    -15      3     -7     10     20    -47      4
  -105    125    191    232    186    103    -10    -27    -17      9    137    279    404    454    462    368    281    232    216    257    251    148     25    -14    -46     57     83     65     53     30    -97    -41
   -72    105    189    233    240    194     66    -73   -113    -81      2    136    206    241    273    122     50     74     94    160    215    159     40    -37    -45     53     27     -7     25     29   -109    -52
  -109     26    108    166    260    274    166    -40   -168   -194   -146    -66    -23     23     25    -94   -100    -54     10     86    173    170     56    -34    -18     20     10     24     20     -5   -130    -56
  -127    -35      9     64    180    263    207     65   -127   -228   -231   -173    -84      9    -53   -135   -136   -162    -80      2    105    132     17    -87    -81    -28      8     36     21    -12   -136    -55
  -129    -47    -38    -23     69    187    198    135     -7   -192   -235   -159   -105    -61   -107   -123    -51   -161   -145    -55     54     96     16    -84    -74    -36     11     34     17    -15   -147    -70
  -125    -64    -46    -45     -9     84    158    163     84    -55   -170   -114    -47     -5     64    126    138    -13   -120    -75     53    113     63     -5      2      8     -7    -19    -42    -60   -169   -114
  -119    -50    -32    -41    -35     25     93    149    116     89    -84   -139    -24     45     49    124    131     41    -69    -67     47     72     31     -6     37     26    -19    -46    -43    -37    -92    -58
   -97    -41    -28    -22    -21     -4     26     97    163    182     58   -122    -55     38     27     52     69     -1    -49    -26     52     61      5    -47      7     21     54    114    126    108     43     47
   -79    -22     -3    -23    -55    -41      2     35    106    174     90    -49    -82      2     32     17     -5    -15     -7     43     82     80      3    -63    -33      6     56    121    103     63     -7     66
   -78      3     25    -21    -84    -62     14     13    -29     24     -8    -75   -147    -92    -46    -41    -33     12     54     52     63     73     13    -53    -68    -47    -16    -15    -28    -30    -89     19
   -73    -15     13    -15    -36    -74    -44     19    -61    -42    -47    -87   -104   -110    -72    -25     11    -14    -32    -16     20     48     18    -40    -73   -103    -79    -92   -102    -46   -126    -50
   -80    -16     -2     13     17    -70    -90     -2    -15    -34     33     10     -3    -31    -40    -31    -24    -63    -88    -53    -29      1     22      9    -14    -98   -134   -136   -140    -73   -124    -60
   -71     14     -4     15     48    -42    -58     16     41    -64    -33     43     15    -10    -49    -52    -38    -32    -24    -20    -26    -10     21     52     55    -57   -114    -92   -108    -82   -118    -42
   -65      2     -9     -8     46    -17   -107    -11     93     29    -54     26     19    -26    -51    -14     45     71     86     67     35     42     32     49     77     49     41    -39    -75    -65   -135    -29
   -87    -26    -23     -3     76      8   -155    -78    118    154      6    -53    -48    -40    -15     25     65     91    108     98     87     67     27     26     69     84    110    -37    -70    -53   -140    -27
   -99    -19    -13     48    142     56    -73   -124     75    180     43   -119   -110    -57     -9     25     48     56     66     35     25     20      7     15     38     44     80    -75    -55    -34   -117    -27
   -89    -22     -5     15     80     74    -19   -113     20    160     54    -54   -125    -95    -46     14     59     59     18    -21     -4     -3     -5     24     38     44     53    -84    -39    -30   -105    -22
  -111    -39     12     21     55     86    -11    -72     43    172     63    -18   -116   -131    -89    -26     46     66     20     -1     26     37     30     44     45     64     51    -69    -46    -47   -124    -26
  -132    -55    -14     15     83     92    -24    -70     52    161     83    -11    -79   -146   -123    -87     -5     38     -6    -25      2     -2     22     40     56     99     83    -39    -46    -53   -139    -32
   -90   -140   -136    -95    -24    -52   -180   -193    -63     47    -59   -192   -234   -238   -217   -185   -132   -117   -147   -144   -136   -182   -140    -62    -19     36     27   -103   -190   -254   -333   -219
   -59     28     -3     31     94     79    -10    -55     28    103     80    104    104     61     17     -5     -2      5     18     51     31     -7     -3     -8     21    111    140    101     93     64     26     35
