   313    122     -9    -34      2     69    125     98     18    -25    -41    -76   -145    -41     36     25     74     39    -75    209    286   -128   -251   -191   -154    -63     38     37    -69     -1    -29    -33
    66   -276   -226    -22     75     74     71     26    -33    -86    -82    -98    -98    -33     -9      4    -11    -71    160    240   -223   -436   -236   -148    -86    127    157   -149   -118     -4    -88      0
  -336   -421    -85    191    147    107    101     45    -13      4     -9    -79    -87      4     47     44     16     75    226    -95   -476   -277   -107    -30     67    207     13   -225    -24     13    -61     21
  -188     42    167     14   -182    -83    -10    -57    -47      3    -34    -82    -45     -1    -47    -47     -7     68     43   -269   -275    -37      6     34    148     94   -182   -229    -17      0    -71     17
   104    224    153     23    -31    -36   -183   -254   -187   -117    -80    -75   -128   -130    -17    153    217    190    123    -33    -34     -3    -29     34    104    -53   -239   -160      0      9    -60     31
   186    165     80     30     35    -79   -121    -90   -144   -204   -214   -170    -10    285    452    454    320    202    109   -115   -133    -91    -51     26      4    -56    -89    -42    -29    -77   -150     83
   196     64   -113     49    128    -84   -114   -107    -82    -94   -133    186    612    619    385    142    -59   -144   -280   -407   -215    -49    -15     15    -28    -28      5    -36   -149   -144     94    371
   196    -48    -41    286    152   -137   -100    -92      1      8    122    575    571      0   -264   -334   -375   -322   -536   -494   -129      0     13     42     97    161     40   -118   -172    342    599    282
   269     72    306    296   -188   -176    -17    -24    -36      8    388    545   -124   -570   -376   -352   -252   -340   -619   -396   -127    -29     53    104    239    241   -121   -261    218    793    191   -321
   129     59    277   -259   -381     -2     24    -27    -68    201    378   -365  -1154   -829   -588   -511   -489   -804   -658   -294   -236   -134     36     89    143    -44   -292     76    644    364   -571   -332
  -180   -131   -333   -432    -34    -53    -92    -42    109    230   -340  -1094   -782   -360   -431   -526   -780   -775   -262   -106   -200    -86     46    104    153    138    334    696    533   -123   -453    -99
  -203   -318   -471    -54      5   -249   -146     27    131    -62   -496   -247    211    135    -66   -103   -100     47    175     97     49      0     14    200    380    412    471    342    -96   -295   -343   -114
  -112   -135    -41     11   -136    -40     17     57     -7   -206   -166    161    162     29     55    301    252     52     28     -3     14    -34    133    433    477    228     15   -234   -286   -135   -265    -94
    -6     94     57    -87    -25     66    -35    -64    -76    -84     68    163    100     -8    248    285   -132   -193    -77    -40     34    184    385    439    213    -40   -148   -149     22      5   -256   -121
    20     53    -16    -22    -13     34     23    -87    -24     51     78     20    -99    181    532    -60   -448   -116    -39     61    181    295    179    -38   -194   -181    -60     71    103    -36   -307   -127
    51    102     22     -6     38    115     77    -30     21    -70    -55   -176     58    346   -367  -1105   -594    -21     94    160    102     39   -115   -191   -228    -40    150    172     69   -102   -357   -106
    98     -7   -127    -83     43    -10    -86    -10   -142   -312    -97    -25    183   -108   -650   -196    179    125    105     10    -80     53     42    -22    -40    145    155    -47   -213   -312   -553   -213
   -37   -108    -35     44    -27   -132    -69    -43   -242   -305    -60    152     91   -174    -41    278    174     79    -46   -291    -21    126      9     32    140    140   -201   -603   -647   -599   -753   -232
    -4     51     13    -23     21     15    -48   -119   -173   -126    -67     72    -45   -154    -40    108    255    161   -278    -71    262     87      0    126    142    -49   -428   -432   -100      2   -221     85
    40     15    -13    181    196   -105   -172   -108     -7    148     47    -36   -185   -160     40    239    149   -321   -281    260    174    -67     39     96     76      3    -28    258    394    158   -132     32
    28     47    185    163   -213   -211     59    114    227    241     56   -177   -227    -67     66   -122   -553   -449    104    164    -96    -34     95     76     84     52     44    172     12   -252   -313    -34
    91    101     68   -316   -462     11    192    -62    -61   -146   -256   -416   -357   -238   -176   -303   -147    282    214    -58    -39     23    -15   -119    -80     -1    -77   -119   -205   -195   -276     12
   -21    -54   -159   -271   -130     34   -167   -371   -273   -119   -112      5     28     11      6     60    220     33   -207    -42     32    -38   -108   -110      9    -44   -424   -308    -67    -79   -252     36
    -5    -17   -155   -141   -148   -263   -323   -202   -170    -44     29    130    107     98     34     -9   -148   -365   -192    -96   -199   -209   -109     36    -61   -566   -792   -139     52   -108   -192    -21
   124      0   -119   -152   -170   -154    -55    -24   -137   -208   -158    -19     55    -18   -156   -220   -164    -33     87     -4   -135   -132    -30   -113   -413   -705   -252    284     73   -112   -208   -113
    20   -146   -155   -262   -145     -5    -13   -123     -4   -117    102    158     -5   -155   -145     56    150    111     80     55     65    101     11   -243   -303    -83    335    323      5    -90   -261   -102
  -130   -109   -203   -246     86    120    -66     79    349    258    204   -243   -262   -139     76    218      3   -111    -22     31     28      7   -145   -185    -10    201    346    281     58    -88   -279    -69
    86    121    -15    194    358    128      3    261     91    -58   -219   -245    117    127    166     15   -226   -116     29    -80   -210   -195   -211    -45    100    188    291    238     30    -50   -214    -61
   140     38     65    225     21   -247    -61    -34   -172    -59     77    378    248    -28     11   -153   -197    -15     15   -148   -107   -106   -128     71    165    220    230     78    -20     -8   -228   -110
    57     18     62    -55   -366   -212     81    130    226    208    385    398   -148   -180    -94   -231   -169    -21    -56    -99     66     64     38    111    195    247    103    -52     14    -17   -291   -140
   103   -187   -193   -353   -316     13    115    103     23    134    238   -281   -668   -368   -362   -351   -135    -30   -157   -105     66    -37    -90     69    119     35    -25    -25   -186   -419   -745   -658
  -656   -576   -595   -517   -303   -260   -382   -505   -518   -565   -960  -1170   -814   -535   -478   -318   -225   -336   -367   -202   -272   -377   -256   -299   -519   -605   -741  -1006  -1202  -1251  -1263   -327
