   148   -161    -71    -27    -32      2     53     87     45     35     56    -10    -88    -40      0    -36     39    158    -30   -159    -68    -45   -116   -128    -16    -39   -150   -108    -61     -4     -2   -100
   104     -5    -15    -51    -79    -73    -62    -18     21     57     69     69     10     -1     12    -18    -62     65    113   -135   -213   -138    -87   -133    -15    101   -103   -100    -50     -5    -35    -38
    14    137    203     43   -113   -174   -135    -62    -46    -25     29     62     23      5     20     11    -59    -16     62    -98   -223   -195   -138   -170   -102    147    -14   -136    -47      0    -36    -49
  -183   -131     56    172    109     11   -105    -66    -71   -143    -68     41     24      8     20     21    -19     13     20   -124   -255   -290   -245   -179   -212     67    142    -93    -95     -8    -27    -46
  -149   -207   -185   -119   -138    -58    -99    -59     42    -50   -129    -27     52    100    105    -21   -140    -85    -50   -179   -244   -259   -266   -174   -230   -129    138     66    -80    -60    -28    -52
   -14   -115    -88   -112   -243   -246   -276   -363   -150     52     50     42     91     26    -31   -133   -323   -326   -179   -185   -219   -197   -206   -165   -165   -183    -39     66     31    -26     -2   -103
    68   -159     24     36   -176   -214   -147   -313   -408   -228     83    149    -28    -76     15    151    170    140    159     40    -99   -181   -198   -180   -175    -79     -4    -21     62    119      9   -329
   174   -213     61    107   -154   -254   -130   -124   -283   -364   -124    133     30     66    244    327    338    346    447    293     33   -121   -192   -181   -247   -159     55     68    114     90   -106   -382
   291   -326   -103    128      1   -232   -260   -161   -145   -207   -239    -32     67    -25    -96    -11    -20   -108     99    350    191      0   -101   -113   -214   -262    -11    174    182     95    -46    -51
   518   -100   -270     91    356    -77   -323   -247   -121   -144   -223    -41    107    104    -79   -128   -119   -225   -305    115    379    209     42     26    -31   -170    -82    151     83    171     59     40
   384    487    154    -71    393    383    -99   -268   -152    -98   -176   -166   -205   -180   -133   -120   -122   -148   -301   -239    170    312    140     77     94    -15   -230   -163   -146    -29     41     40
  -140    290    455    -56    -27    480    309    -98   -127    -46   -226   -370   -372   -403   -375   -359   -382   -298   -241   -345   -233    139    217     54     76    127     36    -43    -19      7    -14    -23
  -296   -304     78    111   -126     76    374     82   -145   -111   -189   -297   -165   -127   -170   -277   -489   -338   -117   -165   -263    -91    173     -1     -5    216    405    322    119     36     -1    -27
  -175   -345   -182     37     -6    -37    255    285   -106   -218   -241   -205   -116     36     -4     21   -139   -185    -12     24    -52   -146     14    -40    -93     47    164    175     92      2      8      5
   -51   -149   -103    -25     -7    -57     23    346    153   -191   -236   -107    -54      6   -109    -30     -1   -236   -159     -6    -18   -113    -37     75     24    -18    -34    -32      0    -12    -19     -3
   -33    -83    -39    -14     -4    -42   -142     99    368     99   -209    -88     34    -74     79    243    436     64   -218    -92    -22    -94   -169    -35     59     35    -54    -61     -7     -4    -16    -42
   -38    -82     24     84     64     51    -35   -126    222    442    -19   -254     57   -113   -332   -313    203    438     59    -17     59    -58   -275   -219    -72     47     58     25     37     39    110     35
    -9    -88    -67     -7     73     62     16   -169   -104    357    382   -219   -134     18   -358   -553   -321    167    204    150    142     62   -184   -239   -152    -47     20     69     27    -44    146    269
   -39    -89    -48    -67    -21     -1     20   -142   -277    -52    557    215   -117    125     66   -157   -286   -179     -4     14     26     72    -57   -175   -124    -67   -185   -197   -237   -446   -384    159
   -29    -54     40    -27   -129    -39    113    -29   -296   -377    185    372     16     84    232    103    -43    -36     13    -38    -17     56    -10    -97    -84     13   -161   -396   -363   -449   -613   -151
   -29    -59     61    143     63    -93     74    153   -204   -463   -243    225     54    -70    121    196    138     92    113    109     65     78     -5    -91   -107     72    199    139    169    131   -146   -154
   -36   -111    -39     80    253     56    -41    340    218   -167   -262     54    210     39     -2      9    -23    -99    -59     53     10     46     62    -31    -74    -10    139    278    302    282     78   -121
    10    -22    -72   -216    -23    159    -74    123    443     -6   -309   -299    -68     31    -35    -95   -103      6     -4     -5    -41   -104    -47   -102   -137    -59    -35     52     75    144    189      1
   -62    -49      7   -212   -257     32    -85   -254    363    257   -201   -218   -209    -82     -6    -23    -85      1     47     47    136     58    -85   -195   -250    -89   -113    -47     19     37     86    145
   -83   -186    -12   -110   -280   -125   -160   -452    -53    516    103      9     34    -42     20     79      0   -145   -131   -116    -18    142     65   -111   -310   -244   -270   -157      4     57    -69     67
    14   -169    -49     -7   -200   -156   -102   -344   -474    250    268    -84     10     32     13      2     -1    -42    -45    -95   -163    -76     15    -63   -313   -371   -358   -223    -93     85    -40    -54
    34   -111   -107    -15    -95   -164     32    -99   -475   -305    210     58      7     69     97     51     25     30     58     71     13    -51    -41   -100   -182   -216   -267   -259   -146     75     80    -15
   -26   -145    -80   -130   -224   -292    -17     66    -46   -222     81     80    -83    -85     91    141    119     44    -77    -33    120    126     28    -97    -81      0   -126   -216   -151     -2     38     47
    54    -92    100    158     28   -124    -46     82    106    -49     13     20    -30   -107     11     94     89     97    -53   -222   -116     82     98    -12    -78      2    -83   -129    -69      2    -19     36
    95    -79     53    216    261     53    -74    -62    -49    -46     35      9     81     -2    -47     31     48     70     32   -143   -241   -119     40     70    -29    -64   -107    -78    -14     20      4     33
    40     48      1    -26     47     14   -106    -37     27    -58     45     85     72     -7   -123    -91    -44    -52    -36   -111   -235   -227    -78     49     92    -17   -179   -117     45     18     -4     18
  -250     10     16    -22    -35     24    -79    -66     41    -16    -43     86    116     99    -43   -132    -68    -56      8     42    -55   -104    -94    -85     28     35   -210   -353   -194   -169   -182    167
