    73   -120    -35     -4     -8    -41    -74    -77    -80    -67    -87    -63    -39    -33     -5    -29   -121    -79    -65   -116    -85   -118    -77    -61    -60    -27    -72    -39    -53    -21   -102     73
   237     46    147    174    164    140    127    136    150    171    153    157    161    174    200    157     82    133    108     72     60     39     28     46     59     95     50    111    112    159     62    236
   237     67     75    105     81    109    103     95    101    117     96     93    110    135    175    139     67     79     28     -9    -12    -62    -78    -29    -31     19    -14     50     76    135     24    209
   199     45     45    106     56     73     58     70     75     99     85    102    112    135    184    158     95     72      8    -34    -64   -130   -107    -57    -52     21     10     59    105    145     31    208
   148     -9     36     62      0    -15     -8     14     50     60     55     87    113    111    113     66     23     16    -37    -80   -113   -169   -118    -76    -52     42     57     81    113    141     35    209
   157    -44     42     54    -17    -60    -67    -45     15     54     27     42     61     70     88     98     70     34    -25    -82    -86   -145   -111    -78    -53     55     49     74    103    125    -13    216
   187    -64     24     37    -62    -74    -94    -93    -28     22      3     14     53     67     90    110     98     39      0    -32    -17    -72    -71    -45    -26     74     29     36     77     85   -156    223
   226   -142     -9     16   -105    -51    -98   -111    -73    -43    -65      9     21     31     33      8    -39    -80    -66    -31      3     -8    -14     -3     14     95     50     53     32     70   -222    323
   352   -174     15      4    -38     -8    -39   -122    -95   -107   -138    -80   -122   -100   -109   -121   -181   -159    -91    -30     -1    -16     13     15     45    115     81    103      5     83   -226    460
   473   -160     72     54     20     -9    -31    -78    -94   -124   -216   -133   -101   -128   -135   -176   -188   -124    -74    -46    -21    -55      0      3     63    153    151    123     13     51   -165    473
   510   -133     21     35     30      3    -38    -13    -74   -154   -204    -20    -11    -68    -89   -110    -65     11     15      5      8     -1     -6    -28     56     85     49     49    -11    -28   -182    388
   399   -181    -28    -12     19     35     28     -7    -47   -123    -94     11     17      0    -10     -6     18     75     49     73     53     43     35    -36     68     62     40     41    -26    -80   -235    349
   348   -204    -40      0     20     40     34     -4    -44    -37    -24     25      4      0    -80    -80   -119    -13      1     63     80     67     55    -21     26     25      0    -41    -91   -156   -282    324
   323   -210    -47    -18     27     44     14     13    -42    -19      2      8     27    -21    -63    -99   -150    -11     -5     69     49     32      4    -22     -5    -38    -55    -92   -109   -177   -303    309
   307   -200    -54    -14     18     39     21      1    -23    -50     36     31     72    -40    -71    -94    -99      1     44     80     46     15    -21    -17    -27    -37    -16    -50    -92   -182   -308    297
   314   -181    -48    -14     -7      2     -2    -10     -2    -67     -3     50     22   -107    -72      1    -16     -3     49    109     75     67     27     60      3    -38    -39    -75   -117   -198   -319    286
   308   -173    -21     -7    -17    -35     -3    -13      9    -55    -32     53     14    -69     -3     54     27     40     45    116     69     87     35     85     11    -47   -109   -139   -165   -214   -322    274
   321   -152    -13     -6    -14    -35    -21    -14     -3    -54     -1     12     53    -30    -31     34     46     37     50     87     67     88     46     96     19    -57   -107    -42    -37    -13   -125    405
   330   -139     -9      7    -12    -35    -44    -45     -1    -69     25     -8     33     42     19     41     46      4     63     61     71     80     59     75     -2    -32    -14     88    102    128     28    492
   317   -126    -23    -34    -56    -34    -28    -34     22      2     53     12     -8     67     79     38      8     45     76     71     47     83     64     44    -17     -1     -1    110    121    136     29    466
   320   -125    -23    -46    -44    -17      0      3     29     73     73     49    -29     26     55     70     97    127    101     63     61     80     55      5    -37     10      7     96     79    103    -34    438
   306   -170    -56    -22     -4     -6     -2     51    134    110    187    170    118     92    113    141    129    122     93    109    127    100     96     12    -63    -62   -134    -56    -44     43    -97    439
   297   -170    -73    -19    -16    -24    -26     60    192    100    165    198    176    168    161    171    161    186    169    159    140    115    135     51    -89    -99   -182   -123   -116    -11   -146    444
   303   -153    -75    -29      0     -8    -21     86    155    166    110    224    228    206    206    187    209    263    266    238    204    167    148     58   -123    -43   -152   -131   -166    -85   -182    440
   291   -174    -67    -30     21      5    -59     60     87    222    137    225    260    219    251    236    219    235    249    270    274    241    186     37    -63     32   -114   -133   -192   -114   -179    424
   278   -188    -66      8     54     33    -43     11    126    197    166    104    208    227    244    206    169    192    210    254    264    226    195     51      2      8   -137   -117   -170   -109   -179    406
   308   -172    -31     50     85     55     14    -24     66     64    120     93    219    249    206    137     98    162    202    250    248    205    182     81     32    -38   -172    -52   -139    -92   -181    400
   324   -160    -17     16     47     43      2    -18     -6     26    151    105    184    191    152     81     49     84    139    225    256    217    159     96     58    -46   -165     -8   -132    -92   -195    406
   325   -149     20     43     35     18    -22    -24    -12     13    125     73    118    138     75     27     19     23     46    116    144    172    121     82     61    -46   -144     -2   -126   -112   -206    401
   340   -168    -14      4     18    -17    -51    -65    -45    -53     66     29     66     92     29      1     -6    -25    -13     16     37     79     54     28     40    -54   -124     -6   -126   -133   -208    394
   189   -271   -210   -159   -140   -130   -175   -168   -149   -210   -181   -180   -143    -99   -107   -109   -129   -166   -121   -106    -95    -52    -58    -99   -113   -187   -272   -282   -411   -467   -460    232
   602    524    497    458    408    368    371    427    473    529    707    813    744    603    475    410    364    351    355    328    314    349    336    352    429    483    570    758    868    923    901    900
