    44   -125    -37    -34    -59    -48    -22    -12    -53    -61    -55    -89   -106    -90    -51    -63    -29     94    -60   -239    -69     74    -36    -42     14    -79   -187    -57      3    -26    -43   -103
   -20   -109   -154   -208   -216   -218   -214   -211   -191   -159   -150    -84   -121   -147   -107   -166   -216    -23   -196   -466   -180   -144   -161   -150    -65    -96   -306     -9   -107   -100    -80    -88
    28    -12    -12    -94    -95   -119    -79    -50    -62    -51    -15      5    -20    -39    -24    -25    -77    -52   -124    -29     68    -76     -5    -20    -35     51   -130    -34    -89     -8    -49    -61
   -35   -211    -56     49      3    -93   -112    -16    -77   -144    -48      5    -27    -25    -11    -30    -94    -87    -87     69     19    -74     33     20   -185     45      2   -159   -126      6    -47    -60
   -48   -172   -120    -32    -87     -1    -21     22     52    -79   -142    -68      7     16    -42   -207   -267   -179    -98    -34     41     63     73     21   -190    -79     -5    -87   -122    -23    -26    -67
   -43   -131    -45    -62   -143     71      1   -124     35    137     23    -59    -55   -184   -202   -247   -300   -248   -124    -35     32     96     84     -2    -56    -91   -171    -59     18    -20    -52   -165
   -72   -213     26    -81   -208     91    133    -29   -121     27    201    -31   -381   -380   -347   -316   -246   -223   -134   -114   -121    -34     58    -10    -45    -10   -165   -101     90     41   -241   -386
   -74   -240     -4    -98   -191     -2    110    152    -15    -89    -44   -214   -488   -360   -317   -356   -317   -222     69   -118   -213    -78     31      0   -138   -109    -53     23     75   -238   -431   -261
    31   -434   -277     38     -7   -152    -50    114    144    -43   -409   -392   -169   -189   -205    -63   -171   -179     52      0   -125    -52    -18    -17   -195   -238     20    104   -192   -528   -340    -69
   234   -602   -566    201    132   -304   -151     30    151   -149   -508   -102     61   -159   -202   -171   -140    -48   -330    -77    154     -5    -66    -62   -147   -174    -56    -71   -535   -280   -168   -181
    80   -336   -238   -205     10     88   -137   -104    -13   -190    -49    220   -236   -275    -35    -74     27    -14   -359   -203    196    152    -20    -96    -37   -103   -366   -379   -357      4   -195   -185
  -186   -152    253   -443   -195    284     33   -198   -116    115    255    -52   -215    -54     77     14    -27    -27    -28    -63    -49    178     91   -196   -148   -130   -294   -283    -44    -18   -286   -170
  -100   -321     68      7    -95    -19    152    -77    -79    148     41   -171     59    155    117    -90   -232     14    108     43   -155     -5     -6   -400   -341   -233   -146    -56    -54   -128   -235   -144
    15   -344    -24    130    -43   -120    159    118    -95    -58    -82    -43     65    121   -175    -59    -90    -81      7     32    -96   -210   -204   -367   -276   -120     10     89    -23    -86   -156    -84
    26   -240     31     34     -8   -100    -11    260     -1   -187    -94     39     64   -100   -352     77    -14   -322    -75    -41   -152   -338   -270   -148   -103   -105    -72    -67     -4     -6   -133    -84
   -12   -219     40     41     10    -63   -142     92    170    -37   -206     74   -100   -525    -72    148      0   -279   -205   -100   -123   -288   -276    -51     21    -81   -133    -64     31     12   -133   -144
   -59   -224     51     60    -35     22    -74   -207    153    248   -208   -176    -55   -104     65   -262     14    215   -112    -26    -14   -176   -293    -66     -5    -58    -54    -35    -18    -40    -77   -219
     5   -210    -63    -11     58     58    -43   -226    -19    236    106   -371      4    284   -141   -361    -74    119     42    103    -92    -47   -198   -107   -106   -130     -1     82    -86   -205    -80   -133
     1   -227     -6     -6     19     46     55    -62   -137    -57    312   -171   -123    119      0    -80   -177    -94    176    -31   -138     84    -96   -143    -82    -13     24     13   -149   -244   -226     63
   -30   -180     98    -55   -101    132    157      6   -186   -327    173    103   -101    -33      5   -113   -100     75     -2   -253     11     64   -112   -110    -20    103    -44   -270   -130    -53   -320    -27
   -42   -216    -36     78    108    -64     39    119   -204   -350    -64    187    -44   -185   -114    -15    120    -52   -211    -61     79    -27   -131   -107    -89    -19    -31   -130     24     23   -312   -197
   -31   -289   -141    140    232   -244   -177    227    -60   -261   -207     37     50   -112   -103     50    -10   -250    -64    106    -65    -82    -57    -81    -68   -150    -59     38     23    -41   -240   -240
    11   -198    -31    -92     -9    -14   -151     84    157   -222   -200   -216     -1     64     -8    -96   -182     27     36    -57   -103   -157    -45   -115    -84    -82     28     22   -125    -92    -66   -158
   -59   -162     83   -144   -117    131    -61   -237    277    -27   -204   -160   -127    -26      3    -84   -124     29   -107    -95     47    -64   -172   -262   -168    132     42    -80    -93   -101   -162     30
   -96   -206     85     -8    -92     97    -72   -344     46    281   -229   -131   -112   -116    -23     30    -37   -147   -161    -86    -22     36   -109   -170    -73    136   -218    -72     35    -45   -276     49
    10   -246    -17     99   -134     22     36   -124   -369    280    -43   -204    -36    -18    -43   -115    -65    -24    -20    -61   -146   -103     17     93     15   -104   -311     74      0    -18   -208    -89
    59   -244    -40     75   -203    -35    188    -18   -406   -154     70     12    -80    -47    -81   -112     14     -7    -31     -8    -93   -144     -1     32     20   -117   -305    -39   -121    -32   -111   -140
   -20   -187     82   -111   -225    -16     94    -33      0   -255     83    -21   -241   -100    -23     43     79    -66   -203    -56     64    -37    -42   -151    -19    -45   -315   -119   -161    -89   -146    -74
   -34   -225     51    -10    -12    -23   -110      8    110   -130    -45   -238    -69    -26    -25     69     17    -16    -52    -82    -66     28     34   -154    -84   -140   -304    -64   -162    -98   -183    -61
     5   -313   -125     19    200    -51   -107     46    -20    -59   -107   -247     98    -69    -64     47    -40     -7     91     13   -153    -29     30    -15    -90   -244   -214    -14   -180    -77   -149    -85
    32   -189   -123    -70    -24   -129    -89    -22    -77   -297   -219    -95    -85   -260   -151    -89   -123    -67     60    -36   -143    -61    -76    -72    -85   -283   -338   -188   -171   -175   -173   -238
   -31    -57     43     -7   -119    -14    -13     16    -62   -278    -62     65   -107    -48      2    -92    -43     29     66    -29     -7     36    -95   -109     34    -65   -227   -146      3    -40   -111    -88
