    74    238    270    278    278    272    294    355    407    409    401    380    330    269    256    273    270    317    340    285    343    488    499    441    387    338    278    245    254    249    234    156
   -30     -8    -95   -160   -174   -186   -214   -239   -253   -251   -256   -258   -223   -155   -136   -144   -197   -218   -166    -81    -60   -183   -258   -240   -253   -192   -135    -92   -111   -126   -161   -103
   -74    -95    -98    -75    -63    -83    -95    -90   -111   -130   -141   -158   -172   -134   -103    -90   -125   -141    -65     15    -35   -164   -176   -167   -199   -112    -60   -120   -130    -96   -114    -76
  -294   -423   -242     22    207    188    129     84     23    -38    -84   -129   -154   -110    -58    -31    -56    -95    -76    -76   -172   -223   -193   -164   -188    -95    -22   -111   -140    -85    -98    -64
  -188   -272   -271   -294   -264   -132     13    101    123     71    -38   -113   -145   -167   -242   -326   -356   -329   -286   -269   -264   -172   -120   -120   -179   -192   -171   -201   -167   -111   -114    -71
   -41    -27    -60    -79   -130   -167   -238   -275   -191    -41      3    -90   -250   -401   -422   -304   -196   -144   -100   -174   -244   -183   -123   -105   -171   -243   -294   -266   -155    -84   -119    -97
   -47     -6    -67   -117   -152   -117    -99   -156   -252   -290   -296   -296   -269    -89    194    355    370    301    193    -48   -250   -264   -196   -145   -189   -197   -191   -185   -173   -202   -307   -238
  -109    -96   -181   -211   -184   -188   -146   -111   -123   -218   -351   -250     40    232    211    112      3    -47    -75   -189   -265   -266   -219   -209   -271   -280   -190   -127   -229   -331   -305    -47
  -184   -177   -225   -110    -45   -191   -210   -146    -94   -162   -290   -219     -3    -85   -283   -367   -411   -448   -452   -394   -270   -202   -153   -171   -225   -215   -158   -167   -241   -171     58    142
  -108    -22    -83     13     -5   -176   -273   -218   -185   -209   -182    -97    -75   -145   -136   -210   -243   -301   -448   -441   -276   -138    -93   -129   -182   -194   -258   -359   -308   -120   -105   -203
  -176    -29     17   -180   -213    -95   -122   -231   -247   -225   -224   -397   -712   -749   -665   -573   -503   -524   -590   -554   -405   -226   -142   -225   -333   -387   -535   -549   -368   -187   -394   -346
  -517   -466   -230   -276   -353   -205   -122   -160   -179   -172   -350   -652   -816   -727   -698   -783   -850   -801   -629   -492   -441   -339   -231   -256   -262    -75     45     69     65    -53   -323   -280
  -444   -540   -394   -287   -284   -365   -285   -189   -184   -176   -223   -211   -129    -90   -208   -329   -369   -286   -149   -110   -193   -313   -390   -371   -195     62    163    109    -17   -152   -347   -293
  -334   -340   -229   -210   -220   -231   -155    -86   -125   -188   -205   -172   -132   -160   -174    -53     22    -62    -33    -31   -121   -301   -391   -308   -159   -175   -266   -278   -255   -226   -340   -284
  -258   -206   -119   -139   -164   -204   -233   -168   -123   -158   -114      1     26    -51    -85      6    -86   -181   -132    -74    -87   -127   -120    -49      0    -98   -188   -201   -189   -197   -354   -307
  -275   -225   -119   -123   -128   -149   -206   -234   -142    -71   -104    -62    -24      9    179    240     83     -4    -74    -26    -21    -63   -202   -272   -225   -188   -175   -167   -145   -164   -336   -302
  -254   -173    -53    -31    -20    -24    -95   -201   -189   -120   -156   -189   -111   -153   -444   -785   -662   -259     -1     68     15    -89   -276   -370   -350   -232    -99    -49    -67   -108   -253   -239
  -228   -207   -177   -177   -126   -104   -160   -246   -284   -264   -192   -162   -150   -138   -301   -430   -382   -250    -69     34     -3    -27   -125   -276   -317   -244   -152   -143   -173   -229   -323   -229
  -289   -264   -149   -135   -147   -155   -163   -208   -308   -367   -207    -37    -49    -19    -30    -86   -160   -210   -229   -272   -214    -99   -120   -230   -260   -232   -324   -510   -641   -769   -892   -577
  -244   -187   -103   -146   -165   -125    -97   -143   -246   -385   -360   -198    -62    -90    -86    -38      7      8   -117   -183   -106    -33   -106   -174   -225   -207   -298   -404   -373   -316   -510   -340
  -258   -216    -78     14     35    -87   -145   -137   -171   -241   -239   -208   -175   -174    -87     35     43    -89   -144    -70     -4    -54   -126   -188   -213    -85     81    135    146     71   -184   -137
  -257   -224   -106    -46    -48    -90    -36     96    110     -6   -112   -167   -120    -69   -101   -176   -316   -367   -264   -119   -100    -97    -72   -115   -200   -206   -183   -144   -151   -186   -300   -199
  -180   -136   -131   -281   -314   -213    -85    -89   -110   -157   -324   -462   -490   -361   -253   -210   -126      0     40    -49   -116   -164   -199   -259   -309   -246   -162   -188   -242   -243   -275   -155
  -281   -264   -165   -214   -239   -183   -195   -237   -196   -134   -131   -159   -156   -135    -86    -69    -95   -128   -132    -70      0    -27   -123   -224   -263   -223   -199   -201   -204   -238   -326   -179
  -272   -258   -197   -211   -251   -267   -310   -321   -291   -181    -24    -31     -3    -25    -71   -116   -201   -305   -348   -308   -264   -199   -116   -128   -267   -426   -585   -477   -314   -229   -379   -246
  -174   -147   -138   -169   -207   -191   -164   -186   -359   -413   -318   -152    -88    -95   -181   -249   -218   -133   -103   -130   -215   -249   -194   -189   -313   -471   -591   -430   -259   -212   -359   -264
  -220   -237   -220   -259   -267   -231   -167   -199   -327   -381   -187     58     17    -68   -105    -87    -32     -7      3     25      5    -35    -73   -158   -216   -298   -429   -404   -293   -235   -312   -233
  -315   -327   -268   -318   -300   -210   -106    -49     24    -37    -97   -170   -240   -229   -120    -21    -19    -97   -115    -74    -27    -17    -64   -159   -161   -200   -320   -326   -257   -272   -356   -255
  -184    -78     42     87     93     35    -64    -59    -35   -191   -321   -301   -163    -97    -62    -65   -111   -104    -98   -155   -230   -209   -163   -187   -194   -219   -298   -255   -198   -192   -309   -243
  -226   -182   -101    -24     19    -60   -185   -239   -233   -274   -249   -123    -11    -92    -92    -77    -94    -61    -29    -52   -135   -167   -158   -158   -152   -179   -259   -248   -236   -188   -308   -242
  -144    -99   -125   -186   -214   -181   -113    -32     38     -4    -38     -6    -78   -196   -163   -135   -124    -87    -71    -68    -69    -58    -53    -54    -43    -75   -183   -222   -203   -164   -263   -210
   -76    -67     86     47     -5    -15      8     36     89    122    104     64     29      5    -42    -80    -66    -12     -9    -20    -16    -39    -66    -11     56     68     18    -29     34    160     63     47
