    83    137     88    108     98     88    134    188    210    190    204    212    147     89    106    104     89    194    210     60    139    318    361    272    266    227     94     56    104    112    125     94
  -117    149    -10    -97   -104   -135   -173   -252   -243   -235   -227   -192    -58    -62   -111    -87   -114   -244    -63     25   -207   -167   -130   -117   -114    -35     22   -113    -18    -87    -66    -70
  -226    105    121    153     69     19    -16    -13    -36    -76    -79    -81      8      0    -50    -13     23    -69     19    105    -28     10    -39     28      8     54    130    -50      0    -33      2    -42
  -263   -169   -145     83    241    258    199    147    150     53    -52    -73      8     19    -27      0     48    -26     16    -22     -8    -30    -55     24     28    -23    143    113    -29    -36     13    -40
   -66    -26   -127   -251   -134    -54    110    166    288    289     69    -80    -20      2    -14    -17    -62   -133   -118   -138    -42     18     24     27     72    -84    -60    153     19    -73     -4    -39
     6     43     65    -33     22    -88    -55   -125   -102    178    275     78     -6    -42    -98      8     42    -23    -90    -87    -72    -58     16     29     79      7   -131    -22     52     -7     -9    -12
   -28     33     11      1     10    -75     45     87   -116   -158     35    162     65     12     17     22     79    102     14    -29    -73   -129    -76     -3     16     38     60      5    -30      5     41    -18
   -64    -14    -92    -10     27    -75   -122     67    107     -4    -47    100    153     -1      0    -56   -117    -80    -40     93     -6    -81    -83    -37    -36    -88      2    102     -3    -16     34    -21
   -93      8   -197    -89    133     22   -159    -70     77    109     42    -20    111    118    -92    -89    -67   -153   -257     16    104    -31    -34    -20     23    -48    -49    107     54     56      7    -34
  -151    401   -127   -204    163    155   -139   -149    -82     -7     29      2    121    261    216    137    171    111   -105   -207     95    108     -2    -10     62     -8   -129    -61     37    -62    -86   -144
  -517    466    147   -336   -198    247    128   -128   -185    -98    -61   -254   -296   -391   -328   -163    -92    -85    -93   -321   -233     89     67    -24      5    -26   -121   -262    -94   -251   -178    -74
  -596    -86     10    -31   -370   -124    221     37   -112    -85   -160   -421   -381   -383   -461   -435   -442   -335   -194   -226   -301   -142    106     79      9     63    160      0    -11    -54   -101    -44
  -296    -96   -306      0   -117   -320    -88    128    -41   -122    -32    -46    -53     34    -12     -5    -76    -52      1     12    -46   -179    -41     85    -99    -62     59     58    -19    -70   -122    -22
  -208    149   -124   -133    -87   -139   -144    130    101    -78      9    -16    -85    -67     17     18    108     45    -43     -9      1    -75    -91    106    -73   -152   -164   -158    -61    -40   -128     -2
  -183    202    -20    -57    -49   -144   -239    -66    212     23     24     81     81     34    114    -45     77      4   -127    -49    -39    -25     -1    211    194     51    -45    -52    -36     -3   -134    -27
  -218    142     13    -22    -17    -77   -166   -243     66    178     41    -30     -5      1     58    213    320    308    -36    -77    -23    -79   -165    -57    102    139     10    -25    -27     24   -106    -24
  -185    134     45     38     80      2    -35   -138   -160    143    186   -125   -113     10   -427   -525   -439     96    210    -11     26    -63   -145   -157    -25     63     90    110     74    119      6     78
  -178    137    -41    -95      2    -28    -93    -85   -248   -108    241    131   -185    -76    -18   -128   -239   -221    104     57     68     30     65    -75    -24    -22    -15     86     50     25   -103    154
  -235    109     15    -35    -71    -30    -59    -42   -218   -233    -75    355    -15   -141    152     57    -44   -175    -99    -49    -59    -86     87     -4     40     15   -107   -231   -293   -344   -518   -293
  -188    147     35      4    -72    -49     -5      3   -132   -208   -386    140    135   -183    -22     30     54     35      8     21    -39    -59     60     23     84     52     51    -95   -132    -13    -57   -304
  -204     66     -2     97    151     15    -97     15     42    -60   -233    -20    233    -80    -74     69     53    -41     -8     55      7    -23     38    -11     83     43    212    308    169    132    166   -120
  -175     79    -29    -59     62    197     -2     36    262     86    -84   -133    216    213      6    -76   -152   -127   -104    -48    -62    -77     49     73    147     53     12     56    -39    -26     90    -95
  -166    188      0   -169   -215     84    135    -90     86    144   -200   -336   -299    -56    -42    -66     10    122    190    100     34    -69   -131    -68      7     80    159    105    -10    -60     59      5
  -257     36    -24     17    -82    -88     95    -51   -143    355     65    -26    -52    -53     37     71     48   -105     52     92    131    197    -22    -83    -30     24    230    130     86    -12    -55    -74
  -169     22    -85     27    -16   -175     31     24   -281    126    329    -41     56     22    -15     17      0   -144   -157   -173   -192    -33     65     13    -25   -222     13    -43     21     53     -8   -210
  -129    151    -97     21     94    -97    103    139   -199   -401    275     20    -71     32    -61    -94    -88     11     38     -8    -98   -181   -107    -18    -64   -273    -14    -17     50     55     38   -160
  -229    141   -127   -134      9   -145    -35    184     25   -375     -9    238     59     21     18     36    -15     16     40    100    158     65    -65     -8    -15    -38     48    -70    -18     27     -5    -38
  -233     67    -87   -116    -89   -174   -162    127    164     81   -137     93    -11   -102    -20     -4    -26      0    -53    -73    105    163     29     46    -49     22    128     -9      8      7   -122    -53
  -124    165     28    114    117    -19    -99    -19    -24     25   -199     17     35     66     -9    -52    -50    -13     33    -84   -135    -77      1     62    -99    -70     88     -8     81     66    -72    -77
  -200    130   -110    -91     10     16    -93   -107   -103    -31    -72     71    -41    112     -1    -27     28    -16      0     68     22   -125    -55     49    -49   -103     -6    -46     86     37    -51    -56
  -216    371    107    -31    -97     76    109    178    234    197    139    326    185    198    113     47    120    104     58    148    179     89    117    114    103     93     52     65    339    350    211    116
  -364    120    108     89     29     -9     40     15     63    101    -87    -52     71     95     91     -3      4     29    -52     47     48    -52     22      8    -27     82     47   -119    -14    177     59    174
