   -80     52      0    -19    -15      2     21     33     55     59     41     -8     43     42    -20      2     98     37     16     -2   -143    -91    -68    -24      9    -21     21    -17     28      7     14     -3
   -27    191     94     18      8     46     81    116    136    140    112     58     91     80     21     52    167     98     13    -58    -48     77     69     89    126     18      7     44     93     46     67     17
   -34     96      6    -99    -56    -29    -12     -9     -2     12     -5    -23     31     39    -20    -14     75    -26   -142   -190   -115    -21     19     28     77    -59    -37     48     64      1     32    -12
    19     29    -51   -148    -48    -46    -42    -44    -63    -40    -14    -14     27     32    -23    -21     46    -38   -160   -163    -87     13     59     49     98    -22     23     54     84     10     37    -10
    50     68    -23   -120    -48    -69    -75    -86   -115    -75    -11      8     54     78     21     27     79     18   -123   -115    -48     67     95     76    101      2     36     35     68     29     45    -14
     1    107    -23   -112    -64    -51    -56    -68    -99    -77    -16     31    110    123     91    102    136     94    -51    -36     28    112    108     81     97      9     15     16     48     63     80    -24
   -48    146      9    -86    -49     -5     -1     12     -2    -45     -9     13     82    171    240    284    262    197     50     54    103    119     90     65     78     -3     -5      1     76    128    113    -26
  -105    246     79    -98    -42     16     32     23     22     15     76     47    151    269    280    270    242    193    122    119    117     92     70     53     60    -27    -23    -14    156    148     99     96
  -132    381    145    -78     11      7     23     14     18     87    206    152    249    227    127     76     85     95    139    127     95     79     51     52     54    -34    -11      4    190    118    263    266
  -110    420    123     23     93    -36      4     30     63    153    242    174    216     81     26     54     69    134    171     88     58     47      6     68     52     -1     45     48    181    179    396    248
   -43    378     90    115     44    -50    -14     68    132    163    228    235    165     46     31     40     71    140    131     53     -4    -39    -65     76     63     93    146    138    221    272    312    137
    24    322     91     80      2    -13    -44     41    134    143    291    324    199    140    147     89    104    133     94     50    -12    -93   -107     78     83    163    203    232    276    262    189    122
    28    277     84     25     52      1    -47    -34     69    139    295    281    176    151    188     79    135    177    122     65     19    -55    -60    116    185    281    252    240    220    188    158    126
     4    264    107     69     82     18    -40    -60     18    119    209    186    112    132    118     27    153    210    150     54     43     -4     15    179    250    267    172    146    101    136    154    136
   -26    233    120     90     86     40    -48    -35     -2     70    132    126     84    113     61    155    237    195    180     46     29     12     83    182    220    159     98     94     74    137    162    144
   -37    218    105     87     90     38    -23      6     10     43     86    138     87     18     53    179    146     77    146     38     36      0     79     84    130     90     86     95     88    150    174    141
   -55    211     91     79     64     46     17     62     22     96     49    183     99    -10    159    153     -1    -15     48     36     67    -54     25      1     73     61     85    115    133    180    219    137
   -68    206     78     58     49     72     45     74     55     99      9    150    138     62    178    158     33    -38    -29     54     47   -116      1     -6     69     61     78    119    108     95    163     43
   -72    180     56     57     48     75     71     81    107     91      1     49    157    105    111    141     35    -55     13     91      2   -108     -9      1     81     59     96    136     46      0    128    -36
   -70    172     66     47     25    106    131     77     98    102    -17     33    124    118     76     59     -4     29    100     82     -3    -56    -27     15     83     85    153    171     56     43    213     32
   -67    188     49     22     56    152    148     40    -13     49    -32     20     64    106     25    -18      3     59     39     26     -9    -50    -46     31     92    100    133    123     91    114    277    105
   -71    201     43     47     94     88     88     47    -93     -3    -32    -42    -25     16    -29    -51      2    -58    -59    -29    -71    -87    -75     20     81     92    150    140    142    144    266     98
   -72    185     41     82     78      4     42     85    -41    -55     19    -43    -87    -78    -86    -74    -74   -116    -56    -51    -94    -81    -79      1     39     25    113    128    115    124    250     65
   -61    175     42     65     85    -26    -21     31    -24   -101     55      9    -66    -97   -103    -69    -71    -62    -57    -96    -93    -68    -64     -4     22    -31     67     78     83    140    224     48
   -70    197     58     31     80    -46    -82     27     27    -64      5      8    -62    -85    -70    -18     -7      5    -36    -96    -98    -90   -106    -28      5    -58     12     11    103    156    184     73
   -80    221     73     48     91    -46    -92     72    124    -20    -66    -39    -70    -44     14     46     20     32      8    -54    -58    -95   -154    -49     -4    -76     29     14    161    162    177     98
   -74    201     84     97    100    -54    -18    117    172     64   -112    -61    -54     -8     48     52     48     46      2    -61    -42    -73   -113    -17    -22    -55    134     69    230    168    189     96
   -74    201    130    113     52    -34     44     92    140    124    -97    -18    -86      2     64     66     89     61    -22    -68    -33    -69    -72     14    -26     -2    187    100    250    169    197     90
   -88    230    112     64     20     32     75    124    131     74   -118    -65   -101     41    105     92    109     56    -33    -12     17    -64    -43     37     12     67    189    116    227    153    191     97
   -91    257     98     71     39     28     57    117     91     56    -77    -35     -5     72    107     92     87     33    -43     14     43    -48     -5     67     59    115    170    113    180    151    185    106
   -61    242    138    119     72     -5     83    148    115    116     46    123    196    184    161    116     46     11      0     38     54      4     57    125    117    151    171    131    193    252    300    202
   -66     -4    -82    -66    -88    -87      7     24    -34    -67    -80    -26    -39    -35    -26    -51    -96    -76    -26    -13     10     16     14     11    -15    -33    -48    -97   -112   -118    -62   -137
