   -61    -86    -55    -51    -53    -64    -82    -91    -90    -86    -89    -80    -67    -57    -52    -62    -85    -98    -92    -75    -76    -95    -88    -83    -87    -81    -68    -51    -53    -53    -66    -40
   -95   -157   -109    -95    -94   -108   -128   -142   -139   -135   -131   -123   -106   -101    -90   -108   -131   -151   -144   -128   -149   -163   -138   -133   -131   -131   -110   -102    -94    -90    -96    -68
  -106   -140   -111   -104    -90    -80    -85    -89    -81    -78    -87    -95    -88    -86    -77    -83   -101   -121   -115   -101   -110   -110   -104   -103   -119   -137   -123   -104    -94    -81    -88    -59
   -93   -123   -107   -109   -121   -107   -103    -96    -79    -69    -83    -90    -85    -86    -81    -87   -105   -124   -117   -106   -110   -106   -107   -103   -123   -142   -150   -115    -99    -82    -87    -60
   -74   -105   -111   -115   -113   -105   -107   -102    -95    -87    -87    -92    -95   -110   -119   -125   -131   -134   -112   -105   -112   -123   -111   -103   -124   -140   -153   -120   -104    -85    -86    -59
   -80   -112    -94    -95    -88    -94   -103   -108   -100    -97   -107   -116   -138   -164   -184   -187   -173   -159   -131   -126   -132   -133   -112   -105   -115   -131   -143   -107   -106    -95   -101    -65
   -89   -139   -116   -117    -88    -87    -89    -98   -105   -102   -120   -160   -181   -203   -226   -232   -226   -211   -192   -169   -147   -136   -108   -101   -110   -120   -136   -109   -113   -128   -152    -80
  -109   -177   -138   -143   -111   -103   -106    -94    -94   -102   -151   -198   -220   -221   -248   -263   -242   -206   -211   -180   -157   -135   -103    -92   -107   -117   -129   -112   -147   -181   -206   -126
  -153   -227   -159   -159   -150   -109   -118   -104   -100   -123   -171   -204   -238   -228   -174   -162   -159   -157   -178   -168   -155   -135    -98    -89   -102   -109   -123   -124   -188   -225   -256   -189
  -207   -300   -154   -176   -187   -135   -125   -114   -113   -133   -179   -218   -234   -171   -142   -138   -136   -149   -173   -150   -145   -137   -106   -103   -116   -116   -134   -147   -208   -255   -306   -174
  -229   -309   -187   -164   -160   -147   -131   -114   -115   -129   -156   -193   -210   -174   -177   -169   -161   -150   -145   -154   -128   -123   -117   -129   -144   -141   -154   -165   -213   -238   -259   -110
  -223   -275   -164   -147   -135   -149   -148   -123   -113    -95   -113   -137   -125   -130   -143   -135   -130   -120   -106   -107   -113   -106   -121   -158   -182   -200   -192   -185   -201   -208   -233   -104
  -166   -232   -125   -102   -127   -126   -133   -135   -116    -95    -95   -107   -110   -107   -127   -125   -116   -112    -91    -73    -87   -116   -141   -185   -207   -225   -222   -232   -219   -190   -214   -109
  -143   -195   -120    -99    -97   -110   -130   -131   -124   -107   -106   -110   -112   -137   -169   -177   -153   -119   -106    -83    -90   -122   -162   -198   -214   -213   -194   -179   -163   -165   -214   -112
  -144   -193   -119   -108   -102   -109   -115   -138   -144   -124   -110   -108   -121   -163   -184   -202   -183   -133   -129    -89    -98   -125   -173   -210   -209   -175   -140   -143   -146   -160   -214   -112
  -146   -193   -123   -113   -102    -96   -106   -126   -143   -155   -114   -128   -131   -151   -199   -229   -200   -158   -132    -97   -100   -128   -173   -182   -188   -164   -140   -138   -143   -157   -214   -108
  -141   -193   -119   -119   -109   -101   -101   -121   -135   -180   -146   -134   -144   -143   -179   -185   -149   -152   -140   -105   -104    -94   -121   -143   -171   -154   -147   -142   -145   -148   -219   -107
  -139   -196   -115   -115   -115   -114    -99   -105   -140   -169   -166   -153   -142   -106   -111   -118   -130   -128   -123   -127   -112    -93   -104   -127   -163   -162   -158   -156   -157   -154   -211   -106
  -135   -181   -108   -113   -109   -109   -100    -90   -133   -150   -180   -177   -142   -132   -113   -108   -103   -113   -112   -120   -109   -100    -98   -119   -163   -163   -152   -125   -113   -116   -178    -63
  -133   -184   -119   -115   -105   -114   -116    -98   -111   -144   -166   -162   -151   -139   -114   -112    -99   -108   -107    -99   -109   -103    -98   -129   -165   -159   -140   -112   -102    -72   -147    -64
  -134   -185   -115   -124   -129   -120   -128   -121    -86   -107   -139   -137   -122   -114    -99   -107   -116   -112   -100   -105   -107   -103    -96   -131   -168   -184   -173   -147   -152   -143   -161    -84
  -131   -187   -118   -131   -136   -118   -119   -140   -120   -102   -112   -117    -98   -107    -95    -82    -83    -78    -82    -88    -89    -89    -92   -134   -180   -206   -205   -187   -205   -192   -195   -100
  -130   -187   -107   -116   -122   -105   -136   -144   -138   -110    -96    -89    -75    -69    -65    -53    -55    -59    -69    -71    -77    -75    -82   -122   -158   -185   -196   -163   -187   -175   -198   -103
  -128   -175   -102    -91   -116   -100   -112   -121   -132   -114    -83    -63    -54    -51    -56    -67    -73    -74    -76    -78    -82    -77    -65    -99   -146   -179   -190   -159   -191   -182   -196   -110
  -119   -169   -106    -85   -109   -100    -85   -112   -140   -147   -139    -86    -63    -68    -72    -76    -70    -68    -63    -72    -83    -73    -65    -93   -119   -162   -180   -184   -211   -185   -191   -106
  -117   -176   -112    -94   -111   -108    -92   -104   -148   -155   -138   -105    -78    -75    -81    -81    -75    -66    -59    -50    -65    -70    -49    -71    -81   -127   -159   -206   -226   -182   -187    -97
  -125   -177   -121   -111   -117   -120   -118   -106   -126   -150   -126   -116    -82    -81    -91    -97    -99    -87    -75    -67    -71    -75    -56    -65    -69   -115   -175   -217   -229   -174   -187    -95
  -125   -167   -128   -125   -110   -113   -125   -111   -125   -147   -143   -129    -93    -92   -100   -110   -123   -107    -89    -78    -82    -88    -81    -79    -86   -128   -190   -223   -225   -166   -190    -97
  -129   -183   -125   -124   -113   -117   -131   -123   -144   -135   -136   -122    -97    -99   -105   -115   -118   -104    -86    -81    -87    -86    -94    -95   -110   -144   -198   -225   -217   -158   -194    -97
  -140   -204   -131   -137   -141   -126   -119   -117   -115   -125   -149   -143   -129   -110   -106   -111   -110   -108    -90    -83    -82    -84    -97   -104   -122   -151   -190   -218   -211   -159   -197   -100
  -141   -194   -132   -131   -123   -107   -118   -122   -126   -145   -165   -175   -171   -124   -118   -114   -107   -112   -111   -101    -94    -98   -110   -117   -132   -153   -173   -194   -202   -176   -220   -123
  -124   -141   -107   -103   -100   -100   -112   -116   -131   -155   -166   -170   -155   -124   -104    -93    -89    -91    -99    -91    -88    -93    -96   -107   -122   -132   -152   -177   -181   -164   -173   -117
