   -76   -110    -74    -65    -56    -51    -63    -78    -82    -72    -77    -95    -85    -58    -60    -60    -57    -77    -87    -67    -85   -109    -93    -72    -70    -86    -89    -76    -62    -56    -71    -58
  -125   -186   -133   -136   -131   -131   -147   -168   -173   -158   -159   -167   -150   -118   -119   -130   -139   -142   -158   -179   -198   -198   -177   -155   -143   -165   -178   -145   -114   -111   -125    -97
   -97   -117    -91   -125   -130   -119   -104   -103   -101    -92    -94   -116   -118    -98    -96    -99    -93    -91   -133   -155   -139   -113   -117   -112   -101   -142   -180   -143   -100    -92   -105    -91
   -90   -103    -98   -127   -128   -108   -103   -102   -111   -108    -98   -108   -113    -97    -92    -91    -87    -90   -130   -149   -125   -117   -122   -113   -110   -134   -190   -153   -116    -94   -101    -91
   -67   -110   -121   -138   -139   -116   -113    -98   -101   -112   -109   -109   -110   -111   -128   -144   -134   -117   -124   -149   -137   -128   -122   -109   -121   -136   -175   -157   -132   -101    -97    -92
   -77   -107    -90   -108   -125   -112   -128   -127   -111   -109   -110   -121   -139   -169   -182   -194   -182   -154   -146   -180   -161   -136   -117   -104   -114   -133   -165   -160   -137   -103   -102    -96
  -108   -140    -88   -115   -137   -103    -99   -126   -132   -115   -119   -156   -187   -181   -206   -237   -228   -180   -173   -192   -165   -144   -117   -102   -103   -118   -159   -161   -136   -122   -162   -137
  -146   -182    -89   -135   -174   -134   -101   -102   -118   -112   -117   -180   -237   -225   -213   -221   -202   -168   -163   -178   -169   -146   -117   -105   -111   -120   -157   -155   -140   -180   -224   -207
  -182   -246   -114   -140   -195   -155   -127    -99   -105   -108   -137   -208   -276   -201   -156   -159   -172   -188   -151   -161   -179   -147   -110   -102   -116   -130   -150   -136   -161   -232   -277   -262
  -199   -314   -163   -134   -163   -170   -161   -117   -100   -101   -152   -223   -212   -138   -127   -140   -181   -201   -162   -150   -166   -153   -117   -105   -127   -135   -120   -123   -200   -243   -266   -211
  -192   -308   -176   -114   -108   -166   -178   -133   -100   -129   -178   -165   -162   -167   -172   -179   -183   -170   -170   -162   -134   -142   -138   -130   -151   -167   -157   -161   -201   -187   -199   -188
  -195   -248   -132   -116   -112   -137   -163   -145   -116   -126   -123    -98   -147   -182   -164   -161   -178   -170   -167   -156   -115   -117   -142   -149   -154   -172   -173   -188   -176   -135   -155   -182
  -153   -199   -110   -122   -113   -109   -151   -171   -139   -105    -79    -83   -101   -107   -107   -121   -154   -139   -124   -105    -96    -99   -138   -184   -174   -195   -202   -173   -124   -100   -144   -191
  -118   -179   -109   -112    -96    -85   -118   -157   -145   -118   -102    -99   -109   -109   -127   -130   -165   -134   -104    -85    -85    -99   -140   -203   -193   -181   -145   -114   -105   -103   -153   -195
  -113   -174    -93    -96    -95    -87    -94   -124   -149   -153   -129   -103    -93   -112   -160   -192   -208   -160   -124    -90    -87    -94   -134   -181   -171   -129    -91    -90   -102   -111   -157   -193
  -120   -178    -95    -95    -94    -92    -96    -93   -137   -172   -163   -115    -85   -133   -183   -124   -124   -163   -146   -107   -101   -107   -127   -148   -154   -121   -105   -104   -107   -112   -154   -194
  -123   -182    -89    -83    -92    -94    -97    -91   -109   -151   -182   -137   -107   -158   -172   -120   -121   -172   -163   -118   -101   -101   -107   -113   -134   -131   -136   -128   -127   -125   -160   -208
  -120   -179    -92    -92    -99    -98    -99   -118   -101   -108   -181   -189   -122   -101   -109   -119   -120   -147   -162   -102    -83    -97    -99    -95   -126   -152   -172   -133   -124   -134   -144   -185
  -117   -172    -92    -88    -95    -93   -100   -121   -111    -86   -152   -209   -134    -90   -105   -107   -103   -130   -137    -97   -103   -110   -100    -93   -126   -153   -154   -106   -137   -186   -182   -174
  -112   -168    -90    -98   -116    -97    -84   -107   -115   -104   -137   -198   -148   -101    -99   -112   -111   -116    -95   -100   -109   -105    -97    -98   -124   -140   -136   -111   -133   -164   -173   -170
  -117   -162    -84   -103   -118    -96    -82   -118   -146   -127   -119   -159   -157   -118   -110   -131   -105    -84    -86   -106   -103   -102   -102   -108   -123   -138   -136   -125   -144   -162   -155   -165
  -116   -175   -115   -111    -87   -103   -104   -116   -156   -148   -114   -109   -119   -120   -118   -113   -100   -114   -126   -111   -103    -99    -95    -99   -126   -179   -173   -139   -146   -161   -169   -176
  -107   -173   -118   -119    -81   -127   -154   -108   -151   -176   -135   -116   -124   -128   -121   -105   -100   -120   -113   -106   -121   -128   -109    -96   -119   -194   -162   -116   -140   -160   -165   -185
  -115   -161   -103   -126    -94   -115   -153    -94   -117   -184   -152   -109   -113   -116   -119   -123   -127   -118    -95    -99   -114   -119   -110    -98   -126   -188   -122   -110   -164   -172   -165   -189
  -119   -166   -106   -140   -104   -107   -150   -137   -106   -164   -171   -117   -103   -116   -115   -109   -110   -111   -113   -123   -120   -115   -115   -108   -126   -147   -124   -156   -186   -170   -166   -186
  -114   -168   -104   -134   -101    -99   -133   -139   -123   -130   -186   -155   -127   -118   -107   -107   -112   -106   -103   -114   -121   -124   -134   -106    -93   -114   -143   -170   -190   -163   -153   -180
  -113   -163   -101   -115   -109   -102   -114   -134   -127   -103   -164   -165   -117    -94    -94   -114   -124   -107    -87    -91   -109   -123   -134    -89    -78   -107   -154   -165   -192   -147   -143   -182
  -117   -168   -103   -129   -137   -105    -96   -127   -114   -106   -135   -157   -138   -118   -106   -121   -113    -95   -101   -100    -92   -111   -123    -89    -83    -98   -145   -158   -186   -130   -151   -189
  -115   -167    -84   -123   -145   -104    -95   -116   -100    -87   -108   -151   -162   -137   -109   -107    -97    -86   -109   -107    -82   -103   -115   -100    -97    -99   -142   -159   -172   -118   -153   -189
  -132   -194   -109   -129   -115    -87    -91    -99    -95    -89   -112   -180   -182   -136   -103    -91    -90    -91   -103    -94    -84    -95   -105   -105   -107   -103   -127   -149   -167   -124   -152   -185
  -135   -223   -165   -161   -138   -131   -128   -128   -138   -137   -177   -264   -243   -198   -165   -129   -124   -131   -134   -125   -114   -117   -125   -123   -136   -152   -156   -187   -240   -235   -253   -262
   -81   -107    -68    -61    -68    -77    -82    -78    -79    -89   -107   -112    -96    -90    -86    -70    -71    -73    -66    -67    -69    -63    -70    -76    -76    -83    -92   -101    -99    -93    -87   -105
