   -81   -187   -213   -252   -274   -316   -392   -467   -524   -533   -513   -441   -377   -277   -242   -277   -363   -374   -366   -334   -354   -517   -529   -473   -414   -308   -247   -190   -225   -221   -246   -148
  -243   -277   -195    -91    -88    -94    -74    -43    -96   -166   -172   -169   -232   -213   -141   -122   -152   -108   -145   -212   -113    -25    -44    -94   -140   -125   -191   -248   -174   -126   -140    -84
  -134   -191   -178     31    142    156    112    108     88     42     30     31    -21     -8     38     33      2    -18    -19      0      7     21     21      0    -78    -19     38    -54      0     25    -26    -19
   158    151    -69   -257   -406   -311   -139     15     87     67     37     27    -20    -18     -2    -55   -103   -120    -49     26     34     70     63     17    -91   -108    -30   -154    -42     11    -42    -31
    99    106    130    243    182     47   -117   -218   -179    -76     45     71     -9    -44     19     93    121     82    134     82    -11    -23     -5    -20    -76    -48     21   -142    -48     38     -9    -13
   -21    -72    -69    -10     17    102    218    196     52   -118   -152    -46     31    139    209    218    177    155    166     42    -78    -55    -50    -71    -91     15    134     -5    -58    -29    -55    -18
   -68   -121   -118    -31    -20    -80    -30     22    138    162     33     35     13   -165   -388   -501   -575   -504   -261   -172   -132    -31    -11    -39   -102    -85      1     -8      0    -23    -10     96
   -58   -111    -84     20     53    -58      1    -21     12     41    -54   -181   -364   -552   -562   -462   -428   -415   -330   -245   -170    -60      2     21     -7      6     45    -16    -24     42    -94    -68
    29     16    -36    -40     26    -77    -20    -21    -48    -95   -231   -250   -189    -94     75    135    100     84    -23   -111   -171    -99    -49    -44    -52    -25      9    -58   -189   -300   -532   -447
  -252   -242   -151   -206    -55    -64    -13     -6    -21    -88   -278   -352   -380   -492   -460   -315   -230   -200   -171   -172   -216   -193   -129   -160   -136    -62    -59    -82   -314   -409   -337   -245
  -439   -495   -368   -148    -94   -209   -156    -39      9    -41   -143    -47     62     30    -44   -140   -155   -147    -85    -30    -53    -94    -86   -114    -12    189    269    194     30     38    130   -130
   -52     31   -108   -103    -26    -66   -188   -197   -122    -12    123    306    346    328    323    399    389    277    234    182    116     32    -80   -197   -134    -66   -168   -239   -169    -58     16   -148
     0    179    169      0    -38     85     93    -53    -65     53      0    -66    -91    -81    -41    138    146    -10     12      8      4    -10    -17   -154   -247   -340   -459   -417   -208    -58     10   -136
   -26     39     65    102      8    -94    -83    -46    -43     31     39    107    151     60    -71   -114   -128   -145    -12    -11    -19    -39    -49    -67    -41     55    109     80     19    -23      4   -161
  -102    -43    -15     30     12     26     -5    -37    -40    -18    -59    -68    -79   -120    -68     18    101     -3      6     33    -46   -196   -376   -325   -172    -43      5     -3      9     -4     28   -137
   -81     19     20     64     58     68     48    -33    -54   -128   -136   -130    -81   -304   -646   -798   -631   -362    -82     40    -35    -82   -149    -77    -47    -41     13     32     29     12     52   -106
  -102    -39   -103   -108    -97    -77    -58   -112    -92   -123    -55    -59      1     86    280    429    177    -98   -251   -147    -49     70     30     30     20    -29   -101   -147   -151   -176   -127   -172
  -131    -10     35     42      3     -6     19    -21    -38   -111    -32    -80     46    176    107    118    100     95   -108   -277   -186    -76    -61    -14      0      7   -111   -261   -300   -347   -401   -359
   -44     62     10      0     28     32     38     47     18   -109   -112   -237   -170    -38   -142    -83     45    160    169     79     48     31    -21    -46    -47     81    124    164    282    326    250    136
  -115    -25      0    102    120      2     -5     28     34     14     30      5   -179    -91    -60    -99   -123    -91    -35    -35    -10      1    -47   -111    -96    136    248    294    324    238    121    123
   -85     -7    -77   -115    -77     -9     73    131     95     28    -20    104     14      0    -71   -216   -270   -169   -179   -167    -99    -39    -27    -59   -110    -66   -231   -348   -249   -176   -194    -70
   -53     26    -38   -143   -165   -167   -151   -227   -226   -226   -160   -162   -276   -292   -108     51    161    211    117     75     33    -81   -137   -207   -207    -24    -36    -66    -30    -30   -154    -68
  -169   -100     15     96     21    -50   -136   -186    -26     -2    107    252    247    149    103     70    -54   -133   -140    -14     91    100     73    -32   -123      4   -111    -40     59      1   -201   -145
   -46     20      5    -29    -92      7      5   -122    -69    -15    -51     65     93     69     10    -49    -49    -47   -126   -214   -213   -131    -15    -23   -145    -67   -276   -173    -19     11   -139   -149
   -12     49     69     29    -12    135    191     37    -99    -88   -245   -153    -83    -65    -36    -43     46    138    180    160     80    -27    -83   -111    -64     80    -69    -32     70     16    -60    -74
  -107    -97    -37    -67   -111    -24     72      9     62     89    108     54     82     51     74    131    118     33     48    120    156    170    132     24    123    183    -50    -95     28      8     -6    -67
   -72    -29     25      8    -52    -48     74     39    143     65    112   -157   -129    -71    -30      1    -11    -71   -105   -101    -59     12     61      7     61     16   -129    -92     53    -20    -52   -143
    55    159    213    244    198     84     43   -100   -180   -256    -22     37    102     55     16    -23    -58    -19     32    -46   -156   -113    -45    -70    -47   -118   -230   -148     57     46     17   -123
  -129   -121   -147   -216   -188   -161   -104    -78    -90    -81     75     86     36    -64      0     41      0    -10     59    113    116     92     -3    -62    -21    -90   -223   -158      3    -25    -14   -114
   -87    -20    -71   -153   -192   -126     19    183    180     30    -24    -16    -27    -85    -28      1    -43    -41     20     16     65    149     85      1      3    -65   -168   -123     14    -37    -26   -141
  -116    -50     22    131    128     24    -47    -68   -123   -191   -180    -42      1      5      0     10     -3     15     76     18      9     26    -21    -68    -79    -98   -132   -124    -58    -63     42    -31
  -147   -193   -338   -299   -286   -276   -291   -289   -303   -402   -447   -423   -497   -444   -294   -193   -187   -233   -247   -286   -264   -200   -170   -203   -256   -274   -267   -287   -369   -523   -565   -518
