  -133   -202   -102    -87    -78   -104   -175   -229   -219   -200   -192   -153    -93    -51    -60    -74   -110   -196   -213   -187   -306   -415   -350   -292   -263   -192   -100    -62    -70    -57    -43     28
  -397   -617   -443   -350   -302   -306   -400   -464   -463   -453   -466   -429   -376   -318   -286   -260   -333   -446   -541   -590   -604   -560   -452   -394   -440   -474   -472   -374   -308   -257   -240   -100
  -111   -174   -112   -181   -202   -176   -165   -139    -52      7     -8    -15    -28    -38    -28      6    -24    -97   -233   -297   -157      0     85     80    -37   -212   -287   -116    -39    -20    -35     35
    89    169     33   -243   -399   -392   -355   -299   -197    -95    -49    -21    -27    -57    -65    -27    -52   -133   -240   -176     -7    121    115    101    -34   -250   -342   -139    -46    -34    -46     30
    89    155     53    -46    -88   -112   -190   -229   -257   -221   -128    -62    -53    -61    -58    -31    -39   -123   -170    -75     69    106     84     76    -38   -168   -220   -100    -77    -47    -56     28
   -85   -140   -156   -131    -18     60     61     78     19   -113   -175   -111    -59   -111   -264   -423   -476   -467   -355   -177     24     88     85     77    -33   -113    -79    -16   -102    -94    -72     43
  -225   -377   -308   -246    -82     62     72    100    169    124    -47   -176   -329   -668  -1020  -1228  -1208  -1061   -738   -397    -85     68    108    105     18    -93   -101    -33    -97    -94    -84     55
  -264   -387   -239   -264   -200     34     99     66     82    141    -28   -424   -815  -1041  -1097   -979   -735   -566   -426   -266   -104    -10     57     98     59    -45   -124   -104   -102   -198   -416   -275
  -374   -469   -242   -404   -431    -81     86    103     43     52   -126   -515   -757   -545   -264   -111     46    119    141     54    -26    -67    -28      8    -23    -73   -116    -82   -238   -625  -1011   -685
  -572   -807   -416   -474   -469   -175     -4    107    120    105   -101   -278   -225     99    218    231    239    255    399    367     90    -57    -79    -90   -161   -168    -46     19   -374   -840   -988   -483
  -494   -890   -453   -173   -140   -209   -159     26    167    180     59    143    367    595    545    458    399    409    526    530    304     23    -73   -137   -232   -226    -22    -19   -462   -605   -481   -104
  -120   -327    -60    109    153    -80   -182    -70     74    122    225    450    578    584    544    496    487    477    427    423    378    147    -47   -218   -418   -582   -559   -578   -677   -516   -220    -32
   -19    -36    209    131    172    124    -59   -126    -68     52    199    323    302    248    242    236    260    270    176    177    241    133    -44   -309   -552   -750   -764   -715   -521   -296    -91    -30
   -72    -85    176    137    161    148    -19   -179   -156    -13    104    113     48     -2   -122   -210   -176     21     33     30     66      6   -218   -491   -527   -423   -221   -151   -111   -101    -58    -34
  -145   -235     35     52     83    125     66   -105   -186    -82    -52    -94   -144   -222   -434   -545   -426   -151    -42    -13    -52   -159   -411   -619   -515   -236    -44    -13    -34    -86    -47    -21
  -169   -292    -37    -24      1     50    112     54   -158   -231   -212   -194   -181   -273   -476   -473   -340   -205   -132   -120   -174   -188   -224   -269   -257   -113    -38    -43    -66   -106    -43      0
  -184   -315    -60    -65    -66    -48     70    151      5   -214   -190    -83   -100   -174     39    279    218   -110   -264   -305   -289   -137     27     94     15      2    -45    -61    -21    -16      2     21
  -202   -308      3     -1    -55    -48     58    185    198     -5   -164   -125   -126    -70    129    369    257     26   -198   -246   -252   -161    -23    134     67     51     17     28    145    230    210    110
  -166   -274    -10     -9     -3    -18     29    126    313    204    -80   -275   -236   -141    -62     42     49    -21    -55     -4    -86   -139    -99     33    -60    -73     25    177    282    371    414    276
  -163   -290    -61    -52    -26    -52    -41     37    239    296     65   -201   -210   -116   -107   -157   -184   -161     -5     39    -84   -118    -70    -40   -179   -208    -55     96    116    104    192    237
  -160   -262    -45   -141   -167    -67    -45    -48     65    158    101    -73    -72      0    -24   -154   -163    -24     98     -4    -89    -73    -18    -33   -196   -277   -251   -293   -334   -282   -148     60
  -165   -241     10    -54    -93    -38    -70   -232   -256   -113     64     93     49     19     28     35    107    163    124      6      3     40     49     20   -138   -214   -194   -308   -343   -296   -258    -55
  -177   -288     20    135    167     54    -28   -121   -225   -148     90    252    251    131     90    121    115     29    -15    -17      3     71    156    176     29    -90    -62   -130   -152   -151   -240   -122
  -104   -207     50    155    244    120     95    135    -37   -152    -18     87    129     81      9      1    -11     28     52     16    -31     -2    158    260    156     52    139     57    -84    -94   -187   -142
   -94   -168     60     77    199    146    107    251    118   -127   -210   -119    -89    -65    -62    -50      1    110    160    138    102     72    111    202    204    240    396    182    -92    -88   -121    -64
  -165   -226     51     36    130     88    -22    122    215     34   -208   -173   -157   -129    -41      9     11     -7     -6     33     93    107     87    136    225    373    426     82   -178    -97    -92     -4
  -157   -225     46     75    104     27    -98      0    113     36   -223   -323   -205   -102    -57    -83   -140   -170   -176   -157   -119    -67      0    100    169    250    136   -123   -288    -93    -96    -23
  -126   -214     14     85     22    -53   -105   -128   -171   -203   -237   -216    -83    -46   -105   -182   -208   -176   -129   -125   -177   -175    -72     46     69     43   -159   -310   -346    -65    -70    -38
  -211   -337   -127   -183   -294   -232   -112   -129   -145   -199   -129   -141   -132   -137   -137   -136   -117   -113   -116    -36      2    -54    -54    -14     -1    -67   -310   -412   -365    -84    -81    -37
  -262   -399   -139   -237   -306   -192    -25     14     15   -104   -197   -323   -276   -210   -132    -85    -59    -90   -123    -68      9      2    -24    -69    -68    -99   -274   -350   -288    -92    -96    -39
  -200   -332    -34    -11      9     16     14    -15    -64   -172   -295   -397   -219   -100    -44     19     23    -33    -70    -53    -60    -44    -38    -80   -108    -87    -63    -74    -90     -8    -66    -19
  -114   -182    -27     12     75     84     23    -33    -83   -154   -228   -226    -60     23     44     98     81      8      4     16    -24     -5     30    -13    -82    -77     16     60     16      0     -6    -16
