  -418    -23      8    -15     30    -27   -161   -260   -185   -144   -235   -178     86     65    -76     -4    -78   -429   -149    126   -183   -288   -171    -75   -230   -210    106     80     39    -75   -123     -7
  -313   -366   -166    -57     59    107     30    -60    -79    -78   -197   -309   -140      5    -54     -7     91   -194   -376     10     84   -124   -244    -86   -213   -508   -110    128     49    -38   -101   -180
     1   -351   -408   -359    -73     79     78     -7     70    149     10   -156    -87     29     -8     -2    103      0   -182    -82     82      2    -96    -16      6   -522   -315    215    129     10    -46   -114
   152     95    -36   -351   -288   -229   -101   -188   -153    136    145    -75    -80      7      1     42    129     26    -98    -34     32     54    -22    -15    137   -343   -629     -9    193     48    -49   -113
    15    153    201     39     47    -94    -86   -148   -446   -291     46     15    -51    -39   -100      5    184     93    -53     69     86     11      0      2    104    -48   -496   -346     81    138    -42   -118
  -116     82      0    -25    184    157     37    211    -39   -462   -386   -142    -80    -69   -172   -261    -33     54    -46    130    247    121     10     37     -4   -118   -212   -275   -119     97    -42    -96
  -226    162    -80   -244    119    284    -70     26    280     72   -376   -467   -150   -108   -232   -363   -331   -278   -352    -86    187    225    110    113     90   -211   -321   -144    -94    -58   -210    -51
  -429    317     15   -426    -57    426    151   -186    -36    222     25   -437   -245     21   -177   -273   -171   -143   -575   -587   -134    105    138    150    221      6   -361   -309    -97   -154   -357   -195
  -847    290    308   -469   -469    277    423     73   -163      5    125   -263   -482   -190    -56   -253   -191    147   -113   -824   -587   -108     67    103    152    178   -144   -344   -162   -324   -345   -327
 -1137   -364    539    -54   -904   -244    424    382     55     32    167   -161   -369   -396   -268   -334   -423   -156    206   -339   -882   -479    -46     54    -42    111    221   -102    -31   -366   -361   -338
  -529  -1124    -54    528   -503   -975    -98    432    270    159    322     20    -73     46    -83   -225   -327   -319     48    220   -372   -719   -293     -5   -245   -210    225    152     13   -163   -311   -305
    69   -540   -661    213    341   -740   -794    101    300    104    238    188    -19    126    134      4     51    -64    -77    256    266   -306   -468    -91   -245   -404   -200     44      1    -76   -195   -241
   -77     52   -215   -261    277     -8   -777   -416    190    130    140    189    -24    -33      8   -151    171    169    -91     68    336    161   -318   -103    -30   -176   -318   -258    -71    -28   -234   -294
  -261     -7    104    -96     91    227   -357   -753   -135    147    160    134     66    -21     -7   -300    -88    239     19    -58    125    180   -191   -270    -27     25    -46   -142   -126    -30   -250   -342
  -299   -153     68    -18     81    275    150   -614   -656     -6    241    100     46    -25   -151   -407   -492    143    182    -18     95    180    -85   -508   -363    -56     47     24    -55    -63   -220   -323
  -257   -198    -33    -82    -17    132    362     15   -790   -566    185    262      1    222     70   -359   -994   -483    185     84     97    252    250   -270   -486   -320    -51     36    -43   -116   -291   -304
  -259   -130     -8   -134   -114    -11    204    425   -230  -1007   -397    466      1     30    507    351   -351   -960   -277     51    -42    106    436    120   -221   -305   -192    -64    -88   -179   -554   -538
  -280   -175     76      0   -150    -76     33    419    353   -597  -1129    117    247   -290    164    549    392   -250   -369    -67   -126   -126    279    236    -20    -94     27    -23    -34    101   -349   -942
  -250   -228    -23     67      6    -76   -144    206    580    237  -1023   -653    314   -123   -259    144    274    127    -85    -26    -25   -152     41    148    -47   -217    118    163     -7    286    352   -678
  -223   -208   -143   -114     80     85   -250   -144    460    688   -209   -903    -11    141   -240   -138    -16    -30    -99      5    -14    -80     18     71   -119   -465   -241    100   -112      6    456    -95
  -186   -102    -46   -299   -277    138    -98   -501     56    698    346   -664   -454    155      1   -123    -70    -44    -86    -80    -52    -86      3     39   -122   -336   -378   -188   -263   -279     85      1
  -243    -72    177     54   -478   -233    200   -482   -597    442    626    -28   -562   -197     26     14    -45    -39     46    -47     44     85     15     41   -176   -238   -123   -225   -283   -365   -271   -138
  -233   -252     29    365      9   -492    141     16   -963   -214    540    406    -19   -280   -126     44     94   -137   -100   -103    -96    157    218    213    -73   -393   -202   -274   -253   -202   -407   -392
  -103   -177   -225    213    368   -276    -80    463   -674   -985    166    234    180     41   -109    -51    154    116    -24    -50   -292   -242    162    381    216   -339   -252   -324   -389   -145   -141   -518
  -171     42   -210    -44    337   -120   -237    605    242  -1154   -403    155     26    123     28   -119    -62    151    173    176     54   -255   -118    289    337    -60   -107   -235   -422   -318    -16   -315
  -322      2    -37   -193    187    -28   -436    248    789   -335   -875     52     61    -19     11    -31    -74    -20     14     57    186     88    -57    119    188    160    122   -177   -297   -364   -211   -181
  -284   -157     54    -79    103    124   -418   -267    453    402   -642   -297     63     -4    -92    -93    -22     47     33   -125   -123    -26     35    154     37     71    194   -100   -174   -240   -355   -290
  -274   -173   -114    -77    126    285    -82   -370    -63    327   -209   -385    -43    171    -31   -125    -79    -27    186    169   -176   -331   -151    162     86    -53     42   -156   -136   -108   -240   -382
  -353    -59    -93   -311   -115    281    180    -92   -106     88   -100   -280   -190    180    123    -68    -57   -137    -46    318    212   -210   -290      3    138     27    -41   -273   -211   -128   -175   -337
  -392    -83    158    -88   -308    -31    105    -45      0     84   -148   -186   -180     19    177    -28    -68    -86   -199     32    243     65   -158   -156     21    177     49   -305   -268   -129   -222   -326
  -448   -655   -211   -105   -224   -280   -151   -302   -252    -85   -492   -747   -553   -383    -95   -129   -243   -212   -319   -228    -35    -59   -116   -228   -346    -84      1   -507   -847   -680   -758   -755
   331   -330   -209   -170    -77    -76     33     23    -54    167    165   -267   -433   -431   -236    -61    -98    -57   -130   -175    -11      6     12    120    -18    -14    317    352    -62   -213   -253  -1142
