   115    284    205    185    165    130    133    158    172    177    202    217    195    164    145    117    100    174    262    230    243    269    259    252    264    289    268    191    156    130    138    101
    38    145     81    110    117     84     73     38    -25    -56    -30     -7     -3    -11    -28    -41    -44     39    154    204    106     -3    -45      3     75    195    228     56    -16    -36     -2     30
  -231   -176    -50    141    201    153    138    128     32    -56    -65    -36    -10    -13    -37    -58    -76     -3    114     73    -87   -184   -168   -133    -44    162    249     88    -31    -41     -8     30
  -342   -379   -197     37    162    187    217    237    206    116     21    -16     -5      8      0    -22    -55      2     61    -31   -145   -173   -129   -143    -77    129    212    146      9    -35      0     38
  -100   -114   -116   -100    -93    -69    -10     70    152    192    117     45     55     85    162    247    242    235    187     17   -111   -107    -91   -114   -115     13     63    117     71     -4     14     53
    75    152     46     26    -80   -163   -230   -250   -178     -8    129    186    210    265    400    512    499    420    321     77   -109   -146   -128   -120   -142    -49     -1     53    100     55     92    144
   118    250    108    117      3   -153   -196   -232   -293   -227    -24    186    330    401    462    505    475    445    333    146    -24   -140   -163   -175   -192    -60     39     96    152    144    303    398
   151    289     54    207    168   -119   -213   -155   -149   -198   -121    140    422    431    367    266    138     64     31     98    117      2    -87   -157   -194    -65     43    141    196    207    548    534
   249    435     59    255    293     23   -189   -181   -114   -183   -110    142    215     16   -143   -213   -323   -478   -456   -229     71    100     31    -47   -100    -48    -24     10    109    308    571    404
   269    582    150    145    245    256     -7   -211   -228   -265   -252   -314   -534   -712   -666   -588   -573   -730   -795   -597   -206     34     68     22      0    -13    -89   -164    119    374    361    255
   -57    281     -7   -214   -123    213    219    -80   -252   -342   -620  -1004  -1319  -1375  -1240  -1096   -996   -949   -936   -795   -521   -174     21     41    106    206    114     61    215    248    168    195
  -364   -201   -315   -391   -357   -107    186    136   -108   -343   -681   -883   -918   -893   -915   -895   -817   -678   -568   -583   -527   -306    -88     29    156    290    263    227    211    173    113    194
  -329   -289   -397   -368   -411   -318     -9    206     73   -159   -284   -288   -237   -223   -192    -63    -33   -124   -143   -216   -325   -287   -147     52    220    283    261    223    128     74     86    219
  -130    -35   -197   -278   -378   -351   -140    132    239    100     46     35     61     45    124    296    252     70      7    -34   -149   -161    -30    152    227     79    -58    -63    -33     12     70    209
   -35    118    -42   -110   -221   -336   -255    -44    231    278    186    157    146    123    232    336    286    212    128     72      0    -51     37    155    147      8   -108    -86    -45      9     56    193
   -15    166     45     27    -33   -177   -300   -232     29    261    210    100     30     44    -66    -72     44    300    264    171     80    -70   -178   -171    -94    -65    -36    -16    -19      9     68    213
   -13    142      1     17     24    -67   -296   -398   -238     64    234    100     15   -160   -579   -753   -429     40    245    191    102    -73   -278   -359   -251   -133    -41    -71   -149   -142    -35    189
   -34     95    -68    -44    -19    -59   -241   -471   -518   -239    144    271    106      2   -115   -314   -249    -90     54     85     55      9   -178   -303   -231   -185   -251   -411   -552   -620   -448    -39
   -57    103    -17    -19    -37    -38    -99   -366   -615   -471    -92    239    151     52    116     35    -31    -15    -90   -102    -20     32    -98   -185   -107   -106   -316   -528   -598   -697   -598   -214
   -61    113     30     56     48      3     20    -48   -307   -442   -210     53    111      6     64    131     72     -9    -94    -75     -1     -8   -100   -125    -17    108     85     14     33    -26   -126    -59
   -76     68    -11     74     90     36     75    204    146   -157   -156    -70     34      8    -25     -8   -107   -191   -147    -33    -28    -71   -124   -135    -26    123    174    223    252    222    196    144
   -50     57   -141   -155    -99     -9     66    167    221    -56   -331   -335   -216    -82   -115   -186   -201   -144    -47    -52   -107   -161   -231   -246   -134    -10     20     85    146    186    319    288
   -72     42   -211   -381   -315   -167   -132    -61     73     63   -254   -411   -328   -166    -90   -119    -91    -55    -41    -46    -66   -165   -337   -423   -302   -154   -108    -71     27     84    267    326
  -146    -17   -170   -325   -348   -289   -356   -353   -175     85     78    -80    -82    -61    -33    -63   -155   -265   -287   -208   -134   -152   -296   -468   -467   -456   -435   -271    -20     28    124    236
  -102      8   -123   -220   -300   -249   -246   -458   -358   -112    162     80     10    -18    -73    -90   -166   -231   -293   -313   -280   -239   -253   -435   -634   -738   -715   -327     12     50     74    159
   -57     14   -139   -181   -238   -144    -19   -274   -444   -275     59    186     60      0    -43    -38    -19     -2    -47   -105   -149   -166   -206   -361   -534   -586   -554   -185     56     52    113    194
   -86      5   -121   -130   -188    -78     58     52   -175   -100     47    180     86      6      6     45     53     39     24     21     16     -3   -115   -231   -283   -266   -284    -36     93      6    111    235
   -27    177    100    120     50      0    -21     63      8    -28     20    115    122     39     25     50     48     31    -31    -95    -76    -34    -61   -140   -155   -134   -122     70    134     -7     76    219
    36    246    115    186    157     -1    -84    -37    -24    -79    -17    145    188    102     29      9      8     52      3   -155   -227   -156    -60    -82   -106    -95    -62     99    125     16     84    200
    28    199     23     50     54     -3    -61    -36     -1    -22     72    226    158     93      3    -23     -2     59     74      4    -97    -96    -44    -37    -54    -82   -107     19     40      5     73    191
   -31     89    -44   -112   -114    -72    -28      8     24      1     65     88     -6    -34    -80    -99    -40     33     51     41     -5    -33    -71    -56    -39   -132   -261   -187   -143   -119    -43    148
  -384   -481   -446   -446   -442   -453   -450   -436   -480   -614   -709   -780   -695   -521   -446   -426   -389   -355   -340   -333   -325   -362   -411   -398   -432   -610   -878  -1024  -1108  -1062   -803   -293
