 50  50  51  49  41  42  58  83  87  86  88  87  56  38  42  41  41  74  70  42  84 111  91  77  72  70  41  38  32  34  34  37
 78  70  56  48  41  44  62  84  89  87  88  89  58  40  44  44  45  75  77  70 107 100  89  72  73  81  62  54  32  35  35  36
 78  67  59  56  50  47  67  87  88  81  85  87  59  40  44  45  45  71  87 103 103  81  75  62  66 100 101  56  32  35  35  36
 37  25  43  85  88  84  87 100  95  82  85  86  59  42  47  49  49  72  98 109  82  60  58  55  58 118 142  66  35  36  36  36
 16  13  26  68  67  80  96 109 115  97  86  85  61  47  48  44  42  65 100  98  66  53  50  49  59 118 150  84  39  37  37  36
 23  23  41  71  63  68  74  76  96 108  99  88  64  43  56  70  74  91 124 113  65  51  48  45  64 116 131  92  56  39  39  40
 40  36  58  81  69  63  67  63  66  79  94  92  76  99 151 191 203 201 205 157  79  49  45  42  62 116 132  94  64  46  40  46
 65  50  60  92  91  57  57  57  57  59  76 119 159 201 233 251 246 235 239 182  93  55  43  38  51 105 135 111  72  51  65 132
113  62  62 129 140  62  48  48  54  58  70 155 227 213 221 243 229 213 209 173 107  73  50  43  54 103 137 121  87 105 177 223
193 107  89 171 172  89  48  42  48  50  79 188 229 202 207 218 211 196 143 132 119  88  69  56  74 115 125 120  99 199 253 217
210 183 155 153 168 152  80  43  41  45  87 157 129 114 139 160 169 132  76  70  91  92  79  67  95 125  99 100 144 235 253 218
166 174 173 125 143 165 128  64  46  59  67  52  43  38  52  80  84  47  28  27  39  78  89  80 128 168 162 172 224 252 255 211
139 128 129 128 126 131 140  96  62  67  42  30  39  39  42  57  54  34  26  24  22  53  88  95 168 221 237 248 248 252 255 205
120 109 112 116 108 119 139 132  87  67  34  27  32  40  39  91  93  32  27  23  22  39  84 134 199 235 243 247 247 250 255 206
118 110 109 110 102 104 121 144 119  82  47  40  48  47  62 127 115  35  27  24  23  47 109 187 233 237 244 245 251 253 255 205
114 114 110 110  99  97 107 126 146 124  66  51  52  49 135 166 140  68  32  33  36  60 107 182 232 235 238 244 253 253 255 198
114 119 116 118 105 105 110 107 145 153  97  42  52  79  85  64  87 104  64  60  57  66  81 154 205 230 244 247 253 252 255 199
122 120 109 110 113 108 105  91 118 134 139  51  61  95  47  28  56  96  94  80  66  88  87 133 180 224 246 248 244 239 243 209
115 114 109 110 112 106 102  83  77  91 151 109  79 105  69  42  51  83  97  61  66  99  93 125 174 226 232 210 196 188 182 183
113 116 113 108 107 111 104  85  51  48 124 145 104 102  84  62  77 105  85  52  81 103  99 130 177 232 217 173 178 185 153 152
108 115 111 129 137 103  99  97  56  39 103 149 114  95  89  92 104  97  69  72  93 102 103 130 179 241 242 221 233 225 158 144
106 110 113 138 145 108 104 132 120  81  93 134 129 101  91  88  78  65  68  78  90 101 110 133 183 245 245 243 255 240 180 150
115 113 117 109 106 119 114 125 153  98  77  77  92  88  82  76  68  89  79  79  95  91 101 112 166 242 238 238 253 244 205 179
101 108 114  93  78 108 107  84 143 131  82  82  78  83  87  80  74  83  72  85 111 102  90  88 142 232 208 216 253 248 205 213
 94  99 106  86  46  78  84  44  97 162 107  96  91  87  90  83  72  53  46  62  85 100  89  80 116 179 128 180 253 250 211 213
108  96  99  85  28  60  77  37  35 130 124  94 102  94  86  69  64  54  48  57  65  77  84  70  82 103  74 173 252 248 226 199
110  92  88  70  16  48  80  36  20  74 140 132 113  98  83  75  77  61  58  72  78  85  85  54  65  76  69 174 250 247 241 202
 96  86  83  45  16  48  75  62  77  79 146 132 106  92  87  96  86  62  52  70  88  95  86  45  61  77  86 195 250 243 241 215
109 101  97  85  74  70  69  83  86  79 131 126 133 103  96 104  86  64  59  54  55  84  79  45  60  80 110 216 252 246 244 218
120 109 102 108 107  71  66  77  72  83 133 156 172 117 101 105  84  65  66  50  36  65  66  54  69  84 129 224 250 249 250 217
128 117 108 103  90  67  71  87  95  99 156 199 183 130 104  97  77  64  69  49  40  63  63  66  85  95 132 214 251 250 251 213
128 122 115 105  76  71  75  98 106 108 179 221 175 136 100  79  70  68  74  52  50  67  56  63  99 108 129 200 249 249 249 207
