 35  33  31  29  22  26  44  70  74  73  73  70  39  21  25  20  32  81  66  22  61  82  63  54  52  53  27  28  21  21  21  21
 65  56  38  28  20  25  46  69  77  76  73  72  40  23  27  23  34  78  66  40  75  73  65  52  52  59  44  40  18  20  21  20
 69  58  45  35  27  27  48  70  73  67  68  70  42  23  27  23  32  71  71  66  66  58  57  45  46  73  78  38  15  19  21  20
 31  21  33  64  64  64  67  79  73  61  67  69  42  25  30  27  36  72  82  73  46  40  46  43  38  86 113  44  15  20  22  23
 14  13  18  47  44  61  74  83  84  66  66  68  44  29  31  20  28  67  87  66  36  38  43  40  38  82 116  58  17  19  23  23
 23  23  33  50  41  51  55  52  63  72  75  70  47  28  41  50  63  91 113  86  39  38  41  37  42  78  94  65  34  22  25  27
 40  33  46  58  46  49  56  50  41  45  64  70  61  88 141 183 197 195 190 133  53  32  33  27  37  78  95  68  45  31  25  30
 68  48  47  67  66  41  48  48  39  32  48  96 144 188 220 241 237 222 222 161  72  39  29  20  23  65  95  80  51  36  50 112
120  63  51 105 114  41  34  37  40  39  48 135 211 197 202 225 213 196 193 157  92  60  37  24  24  62  94  85  62  89 165 199
203 112  82 153 147  64  28  28  38  39  64 173 216 188 188 198 193 179 129 121 109  76  55  35  44  77  84  86  76 184 242 190
220 190 154 144 147 123  54  24  31  40  80 151 124 108 129 147 154 120  67  62  83  79  60  43  66  93  69  77 130 224 241 192
174 182 177 124 126 132  96  39  34  57  67  55  49  43  55  78  79  43  22  20  30  60  65  53 101 142 145 163 219 246 249 191
148 138 137 133 115 103 110  69  45  61  44  36  48  49  51  62  55  35  26  19  12  35  62  68 145 202 228 247 248 250 253 192
133 120 121 124 107 104 116 104  65  55  33  29  36  46  48  96  95  38  33  21  14  26  57 106 181 221 233 241 244 248 255 201
130 120 117 116 104  98 104 119  95  64  42  39  47  49  67 129 116  40  31  21  15  35  82 158 216 222 226 228 240 247 255 199
124 121 114 113 102  98  98 107 124 104  57  46  47  47 136 167 140  68  30  27  28  48  80 154 215 221 219 227 243 249 255 195
120 123 118 118 107 109 106  94 128 136  87  35  45  74  85  63  84  98  55  49  47  54  55 125 187 216 232 240 252 254 255 199
125 121 108 106 111 110 102  85 110 124 132  45  54  92  48  28  51  85  79  67  57  76  60 104 163 210 235 241 237 231 233 196
115 113 105 104 107 103 101  83  77  90 147 104  74 104  71  43  45  69  79  46  57  87  66  96 157 212 211 185 167 151 135 142
114 115 109 102 102 110 105  87  51  46 117 138  99  99  84  60  68  92  72  43  75  91  73 102 157 221 197 144 147 147 102 106
111 114 109 125 135 106 101  94  46  25  88 135 102  86  82  81  90  85  60  66  88  88  78 101 157 233 230 205 222 209 131 112
109 110 111 134 142 108 102 122  98  52  68 112 109  82  74  67  54  43  48  60  74  82  84 106 162 236 234 230 249 228 156 121
118 113 115 104 101 114 106 109 123  57  43  47  63  59  54  45  35  56  47  48  65  65  73  85 146 232 228 228 246 233 182 152
104 107 112  89  70  98  96  67 112  90  44  47  43  47  50  44  39  47  35  47  74  68  59  62 123 220 199 209 248 238 183 190
 97  99 104  82  37  64  72  32  74 127  70  60  54  48  50  48  42  22  12  26  47  62  56  55  98 166 120 176 249 239 190 192
110  96  97  81  20  45  67  30  24 106  92  58  64  53  45  39  43  30  20  25  29  36  49  46  66  89  67 171 249 237 206 180
111  91  87  68  13  39  67  29  19  68 115  94  66  54  50  60  69  47  36  40  39  43  50  31  51  66  62 169 246 237 222 180
 95  85  82  44  18  44  60  53  81  81 125  89  53  48  64  92  88  56  34  41  50  57  55  24  48  68  76 186 244 233 223 191
108 100  96  84  76  66  56  75  91  81 106  83  86  66  80 104  87  61  49  35  31  58  56  29  49  70  99 206 246 237 227 197
119 108 101 107 107  66  54  73  76  82 107 117 131  88  90 105  84  64  63  41  23  50  51  42  60  76 118 214 244 241 234 198
127 116 107 102  90  62  60  85  99  96 133 167 151 106  94  93  74  63  68  45  34  53  53  58  81  94 124 203 244 241 235 195
127 121 114 103  75  65  66  98 109 104 162 198 150 115  86  69  62  63  71  48  44  57  48  60 103 118 125 188 242 240 234 191
