 48  48  47  44  37  41  57  82  85  84  86  84  53  35  40  40  39  67  62  43  99 135 118 103  89  77  44  42  35  33  32  35
 76  68  53  47  42  46  61  79  81  78  84  86  55  37  41  39  37  66  74  81 133 131 119 100  92  91  66  57  34  34  33  33
 77  63  57  59  57  55  70  84  79  71  80  84  56  37  41  38  35  63  90 125 140 120 109  90  87 114 107  59  34  34  33  32
 35  20  43  93 103 100  99 107  97  80  82  83  56  38  44  42  41  69 107 139 129 105  96  85  80 136 150  68  36  35  33  33
 15   8  26  81  89 105 120 130 134 112  88  81  58  44  46  41  40  67 114 133 118 103  92  80  83 140 159  85  41  36  34  34
 24  19  42  86  89  99 106 108 127 134 106  87  62  40  52  68  77  96 139 144 113 102  90  76  88 139 142  94  57  38  36  38
 46  38  64  95  92  93 103 100  97 104 113 104  79  96 147 191 206 208 217 176 108  91  84  71  86 137 143  99  67  45  36  42
 68  52  68 107 112  84  92  96  93  89 100 135 167 203 236 253 249 243 249 197 116  87  76  66  75 125 145 115  75  50  60 122
107  58  67 145 160  84  81  89  96  94  93 169 236 223 234 251 235 222 221 189 126  96  75  69  78 122 146 123  87 102 172 208
180  98  90 184 189 108  77  80  90  87  97 196 235 213 223 230 218 204 154 146 133 101  88  79  95 130 131 120  98 195 247 198
194 170 151 160 179 167 104  75  75  74  97 157 128 116 147 167 172 137  82  76  98 100  94  87 110 131 100 100 143 229 243 200
150 158 163 124 149 178 146  87  68  76  69  45  32  28  46  78  84  48  27  24  38  84 103  98 139 165 159 173 223 246 249 199
126 114 118 122 125 137 154 116  80  78  39  18  22  22  29  51  51  31  22  18  17  57 103 109 171 213 232 248 248 249 253 199
112 100 103 109 100 115 150 153 107  80  31  15  17  26  30  87  89  29  24  19  16  40  96 141 192 227 236 241 247 250 255 203
112 103 102 103  92  98 130 163 137  92  48  34  37  39  59 125 112  33  25  21  19  48 121 192 223 228 230 229 245 251 255 201
109 108 104 104  91  93 113 140 159 132  70  50  46  46 137 168 139  68  31  32  33  61 119 188 222 226 223 228 248 252 255 198
110 115 112 113 100 102 112 114 153 159 102  43  49  78  90  67  86 103  62  58  54  67  93 159 195 221 235 240 254 255 255 202
119 116 106 106 109 105 103  92 121 137 143  51  56  93  51  31  57  96  93  80  65  90  99 138 171 215 237 241 241 234 234 198
113 112 107 107 109 102  98  81  77  93 153 106  72 100  69  45  54  84  98  63  67 101 105 130 165 217 215 187 174 159 140 146
111 114 111 105 105 110  98  78  47  49 125 143  99  96  80  61  77 104  84  52  81 106 108 135 170 223 197 145 151 151 104 106
107 113 109 127 137 104  93  86  47  37 104 148 111  89  82  86 100  94  66  70  92 104 109 134 176 233 227 204 219 205 125 108
105 109 111 136 145 108  97 119 107  71  89 131 124  93  82  80  71  58  61  72  85 100 112 137 183 240 235 233 247 224 151 119
114 112 115 107 106 119 108 114 137  81  66  69  83  78  72  66  59  79  69  70  86  85 100 115 169 242 237 237 247 230 179 153
100 106 112  91  78 111 108  80 130 113  66  69  66  71  75  68  62  71  60  73  98  89  85  91 148 236 216 224 251 237 183 193
 93  97 104  84  48  88  94  50  90 145  88  79  76  74  79  71  59  40  32  48  69  82  80  82 124 188 146 195 254 239 192 197
107  94  97  83  32  76  96  51  36 118 106  76  86  80  75  58  52  42  35  43  48  56  73  72  94 116  98 193 255 239 209 185
109  90  86  68  16  60 103  53  23  69 136 127 104  88  73  67  69  55  50  60  59  63  75  59  79  90  89 190 254 238 222 185
 94  84  81  44  14  56  98  77  77  78 153 136 104  85  79  88  82  62  51  64  73  78  80  52  74  89  99 205 252 234 221 193
107  99  95  83  74  81  92  95  85  79 137 130 133  99  93  98  79  65  64  57  53  77  78  51  70  89 119 224 253 238 227 196
118 107 100 106 108  85  88  87  68  82 139 161 174 118 103 101  79  70  79  63  45  70  71  59  73  87 134 229 251 242 237 195
126 115 106 101  94  86  92  94  89  97 161 204 187 134 110  98  78  76  87  67  57  78  73  69  83  93 134 217 250 243 239 191
126 120 113 102  82  93  96 102  97 105 184 227 181 143 109  87  80  86  96  71  69  90  70  65  93 102 128 201 247 243 239 186
