110 135 136 123 145 153 142 147 132 139 155 141 128 136 136 142 174 199 130 173 191 147 145 140 127 128 127 128 123 114 134 123
135 152 128 135 170 158 136 144 122 135 163 154 157 137 136 130 135 152 144 151 171 134 136 144 122 148 164 120 128 123 131 124
158 148 131 132 141 148 145 154 125 147 147 137 169 140 134 129 127 143 163 124 132 126 136 147 118 170 158 105 140 168 147 142
143 150 122 124 118 126 158 168 142 123 117 129 132 116 114 111 121 137 150 157 135 143 152 155 162 149 132 126 152 157 134 161
136 162 111 123 146 131 168 174 139 119 133 141 135 123 115 106 102 125 138 156 121 163 159 143 177 167 159 126 143 135 114 134
136 157 125 134 133 131 140 167 153 131 135 128 117 110 106 114 118 123 125 121 112 125 132 131 130 144 148 119 132 134 115 135
140 154 146 151 118 129 144 130 135 120 110 114 108 110 117 123 127 127 130 125 124 121 124 129 125 123 132 128 120 138 165 143
140 153 148 149 134 134 163 125 118 111 134 132 126 128 127 125 125 125 129 128 126 129 127 120 124 125 129 123 119 139 161 160
135 148 158 155 129 131 120 125 125 109 120 129 126 126 124 128 127 126 130 129 126 126 126 124 124 125 128 122 114 121 127 171
155 145 147 155 124 133 107 123 111 112 119 130 124 125 127 130 131 132 133 127 124 129 126 124 125 128 125 124 119 113 136 183
153 133 133 146 133 120 109 109 105 121 123 126 126 132 137 137 137 135 131 117 121 128 130 129 128 132 112 118 118 114 150 201
150 125 130 140 129 124 114 105 109 117 122 119 126 131 137 137 136 130 120 115 123 126 131 125 119 104  92 116 125 119 124 160
143 136 135 137 132 132 111 100 109 116 130 128 127 127 126 134 131 125 114 116 112  99 100 105 115  88  91 122 121 123 110 126
119 158 137 117 134 133 115  90 106 120 133 133 132 127 126 133 126 121 121 119  98  84  94 111 114 111 124 117 105 117 108 128
113 136 122 107 135 130 122  96 107 122 129 130 130 131 133 132 128 130 124 114 101 105 105 111 117 133 121  93  96 105 108 122
153 137 116  99 132 134 121 104 116 120 120 127 130 136 136 136 136 134 117 108 109 109  99 113 118 110  86  90  86  88 102 118
158 132 125  90 115 137 128 118 123 118 109 127 134 139 137 132 128 126 120 111 121 116  95 109  90  78  91 107  95  98  93 113
131 116 121 100  99 130 131 122 126 109  90 115 125 127 118 116 117 119 119 115 133 122 102 103  87  76  97 107  99 104 139 167
135 105 118 108  96 119 138 122 111  84  70  96 106 108 117 116 120 119 112 121 134 126 108 100 109 110  97  99  93 106 164 207
159 119 122 114  98 117 126 111  93  66  65  88 100 109 121 119 118 108 100 119 132 116 104 127 141 135 106 105 108 120 114 149
165 167 118 128 125 140 115  86  81  78  96  90  94 101 106 107 100  90  90 124 133 118 118 147 139 122 108 109 104 128 122 119
171 183 103 127 142 153 120 100  98 105 166 146  99  91  95  97  90  81  90 132 132 122  95 105 120 111 123 119 105 120 135 123
153 163 139 130 135 133 130 160 128 105 180 222 146  82  82  83  85  79 101 137 133 126  95  84 104 116 112 105 114 119 137 107
135 195 188 122 121 119 152 157 144 128 194 217 160 114 110  94  92  87 113 140 137 135 116 103 118 114 117 115 110 119 110 130
148 197 184 109 119 173 188 121 140 146 180 165 136 161 162 131 107 116 130 136 136 127 118 108 109 111 120 145 131 109 120 203
175 199 172 114 148 189 164 117 124 117 138 139 143 172 169 172 137 162 128 111 133 127 114 108  90 121 113 141 119 104 156 182
176 185 138 112 147 148 132 134 123 124 123 135 134 125 118 151 152 142 104  95 113 123 114 103  95 126 110 109 116 134 141 129
167 139 131 140 143 130 148 163 136 170 128 126 127 110 133 153 139 142 142 120  96 101 104 100 102 122 128 112 129 124 119 152
144 124 141 155 149 140 140 155 150 171 134 116 148 129 176 189 130 151 160 130 110  93  93 101  97 139 142 114 121 113 117 150
129 126 141 131 145 140 127 147 157 135 113 109 154 155 163 163 134 138 134 138 155 121  98  91  92 132 128 141 144 144 129 144
165 133 154 131 122 135 134 162 162 152 131 113 137 163 145 128 153 160 154 140 141 137 142 116 111 144 136 167 177 171 149 139
147 124 153 141 125 153 131 171 167 144 126 117 151 174 140 140 179 197 195 159 138 147 149 149 154 158 150 164 181 171 168 151
