106 133 135 118 137 147 138 146 132 139 155 139 125 134 133 144 178 198 127 170 186 143 141 137 128 128 128 130 119 109 130 120
136 149 123 131 166 153 130 139 118 131 159 150 153 133 132 130 136 148 139 148 167 131 132 141 122 148 164 121 124 118 127 121
162 146 124 130 141 144 138 147 118 140 140 131 164 135 129 126 125 135 158 122 128 124 133 144 117 168 158 105 137 164 144 140
147 148 117 123 118 124 155 163 135 117 111 122 125 110 107 107 118 133 149 158 132 143 151 152 160 144 129 125 150 155 133 161
139 162 110 122 146 131 167 172 135 116 129 134 128 115 107 101 101 123 140 159 119 163 158 140 173 162 155 124 140 133 113 134
138 161 123 129 130 128 138 166 152 130 132 123 110 104  99 110 116 121 125 121 110 123 129 128 129 142 147 117 128 133 115 134
142 160 141 144 114 124 140 129 137 119 106 111 105 107 114 119 123 123 126 121 119 116 119 125 126 124 133 127 114 135 164 138
144 159 146 146 134 133 163 125 118 109 130 128 123 125 125 122 121 121 125 124 121 124 122 116 124 126 129 121 113 136 158 153
138 152 157 155 130 132 122 125 124 107 115 124 123 123 121 124 123 122 126 125 121 121 121 120 125 125 127 120 111 117 122 162
155 145 145 154 123 132 107 123 109 108 112 125 120 122 124 127 127 128 129 123 119 124 121 120 125 128 123 122 117 108 128 174
149 129 129 143 129 115 105 106 102 116 115 120 123 129 134 134 133 131 127 113 116 123 125 125 128 131 110 116 117 107 140 192
145 119 125 134 121 117 106 101 106 110 112 112 122 127 134 133 131 125 115 110 118 121 126 122 119 104  91 116 125 111 113 154
139 131 131 133 127 125 101  94 104 108 119 119 121 121 121 128 125 118 107 110 107  95  96 101 117  91  93 124 120 114 101 125
116 154 133 115 131 128 106  84 101 112 122 124 126 121 120 128 123 118 118 114  92  80  90 106 114 112 125 118 104 108  99 126
112 134 119 105 134 126 115  90 101 114 121 124 126 127 129 130 128 130 124 112  97 102 102 108 116 132 121  94  96  99 100 119
153 136 114  99 131 132 116  97 109 113 115 124 128 134 134 134 136 133 117 107 106 107  96 110 119 109  85  89  85  84  97 114
158 132 124  91 115 135 125 111 115 112 107 126 133 138 136 131 125 122 117 108 118 115  93 108  94  79  89 102  91  95  90 110
132 117 121 102 101 129 129 116 118 106  90 115 125 126 118 113 110 112 112 110 131 122 101 104  94  79  95 101  94 101 136 164
138 104 117 109  96 118 139 121 109  83  70  95 104 106 116 112 112 111 105 116 131 124 106 100 116 114  98  97  91 102 157 199
160 118 123 117  98 115 127 112  93  66  64  86  97 106 118 115 112 104  97 117 128 113 101 126 144 137 104 103 107 117 107 141
162 166 123 131 123 137 115  86  81  77  94  87  91  98 103 105  99  89  91 124 129 115 115 145 138 119 102 103 102 126 118 114
165 182 109 130 140 150 119 100  97 104 163 142  96  88  92  96  91  82  92 133 128 118  92 103 116 105 115 111 100 116 131 120
147 161 143 131 131 127 128 159 127 104 175 217 143  79  79  80  83  78 102 137 129 123  92  82 102 112 106  96 104 111 131 102
131 190 187 122 117 113 150 156 144 127 189 212 157 111 107  90  87  83 111 138 133 131 113 101 118 113 114 108  97 108 102 124
143 192 181 110 119 170 185 115 136 145 176 158 134 162 160 128 106 114 127 134 133 122 113 103 107 110 119 139 121 103 116 196
173 199 173 117 150 187 159 108 117 116 132 130 140 175 168 171 140 163 127 110 130 122 108 100  84 120 111 134 113 104 154 175
178 188 142 112 142 142 127 129 119 120 113 123 128 123 116 149 155 143 104  94 112 120 108  96  87 123 107 101 110 133 139 122
166 139 132 135 134 123 142 162 135 164 116 114 119 105 132 154 142 143 141 119  95 100 100  93  94 118 124 104 125 121 115 147
138 120 138 150 143 133 135 154 147 162 123 106 139 123 176 194 133 152 159 129 110  92  91  97  90 136 138 107 119 108 111 148
125 123 141 132 146 137 122 144 150 124 107 104 145 150 168 173 137 140 133 139 157 122  98  89  86 130 126 136 143 138 121 141
167 136 158 136 125 134 129 159 154 143 128 111 134 161 149 135 153 158 151 139 141 136 140 113 106 141 133 163 176 165 141 136
151 127 156 144 123 147 127 171 160 142 127 113 155 176 137 139 173 187 188 156 133 139 142 144 150 151 143 160 181 168 159 148
